#====================================================================================================
# This result is computed using mean-field DCA
# The first and second columns are site pairs. The third column represents interaction score
#====================================================================================================
51	66	0.05068397833393041
65	66	0.04991239667907277
15	16	0.04538029640698361
15	60	0.04494824116325241
45	61	0.044445550798697005
7	46	0.03952929670047708
9	64	0.03777913351960352
59	61	0.03718679693962412
54	57	0.03501523671767283
19	50	0.03349866572896508
7	17	0.03316131455861375
52	63	0.03239913996897634
49	52	0.03235336917511221
53	57	0.031854553821383566
6	22	0.03171350592033378
13	63	0.02975765924631214
17	18	0.029191029714601673
8	36	0.028457230554165623
11	60	0.028276611946040243
38	56	0.028063719549204294
11	67	0.02800241446064369
62	65	0.0275929150443492
38	53	0.02757629298184843
43	49	0.02628888393929491
41	43	0.0261064344074731
45	64	0.025020255643265064
47	65	0.024275860101559944
13	69	0.02389166258010511
8	51	0.023830844034786736
7	18	0.02369425056653514
15	22	0.022942409352807613
51	59	0.02271375871482142
51	61	0.02268753325187063
16	60	0.022016252935259897
22	49	0.02109380208610885
27	34	0.021076857166553258
45	52	0.021057013798537482
40	68	0.020776680937300118
49	63	0.020761099757010397
22	54	0.020689609516948163
47	68	0.020432334151875373
55	56	0.020430484926033995
6	61	0.02031447908178248
62	67	0.020273328640348122
4	41	0.019897327803996022
6	15	0.019768700589525248
43	53	0.019601641631691872
62	69	0.019269873595753464
57	65	0.019132247697496906
44	66	0.019126447569963678
40	52	0.01897944791834344
16	68	0.018819454636767485
26	27	0.018686075888858657
26	34	0.0186860758888584
7	55	0.018662854296562614
53	56	0.018536278295282333
47	67	0.018400861950873107
8	58	0.018134142551842265
6	49	0.01799837539079361
53	54	0.017984924168508012
58	63	0.01786921920081986
48	54	0.017736549674456238
13	43	0.01738911508120987
26	46	0.01725726214080834
65	67	0.01708762002388496
64	68	0.01664698143498171
10	36	0.01659945567898522
53	64	0.016555612935146853
51	67	0.01646525830622854
14	43	0.01643878463740579
67	69	0.016161372762397368
13	19	0.016085137788353614
26	48	0.01585331944768277
4	43	0.01579641239794252
13	50	0.01569730817596626
9	68	0.015192056149057383
11	62	0.014976945718121424
65	69	0.014953719514077079
4	40	0.014950708480628485
44	62	0.014587084404273993
48	64	0.014446941059731808
11	15	0.01433540968817384
22	67	0.01433250978185244
22	53	0.014214151630014478
6	60	0.014088077976288789
15	68	0.01402288300084356
9	58	0.013977056278145718
40	41	0.013764424046284479
62	63	0.013749761821434552
17	26	0.013586996886154331
3	54	0.013540781796995457
40	47	0.013466891090053099
49	54	0.013312331865328602
29	65	0.013273845877312404
38	55	0.013197388999496233
46	48	0.013161516805477037
29	63	0.013055263111948243
17	46	0.013010690722724136
4	34	0.012784487982616409
4	27	0.012784487982616331
17	48	0.012694931390088239
49	66	0.012639546143928225
10	69	0.01248194455022922
10	59	0.012418355469518211
40	60	0.012291727189519363
16	40	0.012289783413193133
57	59	0.012281593536219366
57	58	0.012091488186173711
1	2	0.012073094876800703
2	12	0.012073094876800434
1	12	0.01207309487680043
3	6	0.012061118612226846
29	52	0.012044000202138094
15	40	0.011900234901521726
16	47	0.011814231803870182
11	51	0.011809810353673558
10	13	0.011788105876844066
17	64	0.011756014644538728
10	19	0.011681512031282846
51	65	0.011678929507990404
7	45	0.011649496559113865
52	69	0.011618710071821456
54	68	0.011485537882220842
19	45	0.011340602445211116
9	40	0.01131233579649756
8	10	0.011275976302194575
22	52	0.011215044958199534
41	57	0.01089677657887326
3	41	0.010856017232256519
40	64	0.010655623236104377
13	52	0.010651539677139974
7	56	0.010632266005958114
47	66	0.010604290729450157
13	49	0.010573835493191774
47	52	0.010561527353331343
61	62	0.010430284609814709
41	44	0.010279178367106054
3	4	0.010264842666462992
11	65	0.010179407877814467
10	14	0.010106159383445761
45	48	0.01009904562083286
2	18	0.010076649298978271
12	18	0.010076649298978148
1	18	0.010076649298978136
43	51	0.0099933633085478
29	57	0.009947419701953246
4	26	0.009942747508911692
43	63	0.009922090573209093
15	50	0.00988040351182185
6	62	0.009877691202148564
15	47	0.00944078726955368
36	58	0.009398269123136604
29	45	0.009311590000154218
21	39	0.009162853304907197
21	31	0.009162853304906975
31	39	0.009162853304906937
40	53	0.009066798634550965
44	67	0.008990290060962716
10	63	0.008932677371336638
7	58	0.0088752778804696
50	60	0.00886696025014657
22	60	0.008747674638524551
50	55	0.008661096091906103
18	64	0.008580352045982979
12	17	0.008567000636451053
2	17	0.008567000636450852
1	17	0.008567000636450803
36	45	0.008558385673210846
13	64	0.008553921416981827
19	55	0.008519757809625087
41	66	0.008511950493994598
6	63	0.008460595028659243
60	63	0.0083337741298109
16	22	0.008211814522264577
6	38	0.008165450765871662
60	62	0.008141613554886289
45	47	0.008096904499075653
38	45	0.00807068707725683
45	54	0.008024569065034567
29	44	0.008014985150541845
3	55	0.008004597901599901
46	58	0.007958968241286295
19	63	0.00790566175768376
6	11	0.00788258711621056
48	52	0.007846757064667935
27	40	0.007833912262185517
34	40	0.0078339122621851
44	48	0.007793291391410447
6	16	0.007770399656590196
36	51	0.0077607171034795915
54	64	0.007692886585418541
29	59	0.007654324932531505
11	26	0.007591788944347507
3	52	0.0074755208959170205
38	64	0.007472493555199881
22	65	0.007270671492634549
16	50	0.007158013262686421
36	38	0.007071373988526143
9	47	0.007046539241726725
49	51	0.006981458207546904
18	26	0.006978016554741596
8	48	0.006942287196515362
3	61	0.006924003326784332
14	36	0.006834626767515433
22	43	0.006787602724220288
7	38	0.006749333489030153
51	62	0.006700712148055088
53	59	0.00666230493953722
9	16	0.006661630718423975
2	10	0.006623276038389216
1	10	0.006623276038389137
10	12	0.006623276038389041
19	60	0.006614266287660929
63	69	0.006584766435588162
18	48	0.0065780470419795865
8	13	0.006545041304237484
29	48	0.0064355025486695205
10	50	0.006424957173256154
51	69	0.006394469502068812
11	58	0.006391055827113116
36	39	0.006342322432064934
31	36	0.006342322432064763
21	36	0.006342322432064544
66	67	0.006296034626866627
13	54	0.006295538363988981
49	67	0.006240166470342279
8	14	0.006225744408012923
9	60	0.006130666604107117
59	69	0.006093001097725923
52	54	0.00602549460962952
13	55	0.006001382705421311
43	67	0.005996407932017469
3	44	0.0059485993962028316
14	59	0.005922359570119539
7	48	0.005919335335497829
9	41	0.005887937609860606
17	45	0.005799402565236556
27	41	0.005773011275794635
34	41	0.005773011275794455
4	12	0.00571488620857912
2	4	0.005714886208579057
1	4	0.005714886208578838
6	36	0.005702206265187273
8	57	0.005670578309428142
3	57	0.005653779696814184
46	61	0.005648835600936481
22	57	0.005646092435553772
2	55	0.005608317118939735
1	55	0.005608317118939645
12	55	0.005608317118939323
18	46	0.005575757590963941
54	58	0.005540499781809887
61	63	0.005496017096385541
21	46	0.00545887101538638
39	46	0.005458871015386271
31	46	0.005458871015385926
21	44	0.005424085205436864
39	44	0.005424085205436817
31	44	0.005424085205436726
6	54	0.005420444301922152
11	69	0.00540495418792112
11	66	0.005404390077248114
52	61	0.0052409385652509455
8	29	0.005154956395984863
44	51	0.005130317132209797
50	56	0.0050308629873103815
7	26	0.004991344118260194
19	29	0.004936080464797235
8	44	0.004917540762929571
16	19	0.004896460719039462
46	57	0.004864725086186288
4	57	0.004794661239819087
49	69	0.004761862888035957
19	56	0.004741821759404728
17	58	0.004685941452743225
9	36	0.004622031407863914
48	61	0.0046203615481721135
2	56	0.004521597611547436
12	56	0.004521597611547435
1	56	0.00452159761154741
43	62	0.004503550929615952
36	53	0.004489004564826843
6	66	0.004482147957957948
49	62	0.004448570451532285
45	50	0.004447210466491967
41	53	0.004410521684154043
52	56	0.004346204717459461
9	52	0.004338452931082922
29	50	0.004304352739485142
16	29	0.004261139639706909
41	45	0.004184932297648708
6	10	0.004167427704791057
50	63	0.004157170000654424
51	57	0.004152803929038402
9	15	0.004124888250369385
9	38	0.004104413709098878
26	53	0.004054740278768372
7	64	0.003989433329419041
9	56	0.003923631251699589
57	61	0.0038836383792512225
12	19	0.0038831022156942006
2	19	0.0038831022156940037
1	19	0.0038831022156939794
10	60	0.003845485407410771
34	43	0.0038281997900710785
27	43	0.003828199790070876
41	55	0.0038099283433338967
59	65	0.0037974261843028503
12	50	0.003773511425184989
2	50	0.0037735114251849326
1	50	0.003773511425184905
39	55	0.0035881276218545713
31	55	0.0035881276218542608
21	55	0.003588127621854037
29	60	0.0035500304276833983
66	69	0.0034933322410273873
15	19	0.0034667550506446623
13	48	0.0034270099951829724
8	61	0.003366174199433674
4	18	0.003349299545248559
29	69	0.003327552631661076
18	45	0.0033201719729937474
3	47	0.003315244978237512
9	45	0.0033066953986916493
35	37	0.0033040027987732167
35	42	0.0033040027987732163
24	37	0.003304002798773089
33	42	0.0033040027987730728
33	37	0.0033040027987730697
32	37	0.0033040027987730645
32	42	0.0033040027987730636
20	23	0.0033040027987730246
30	37	0.0033040027987730086
20	24	0.003304002798772997
28	37	0.0033040027987729765
28	42	0.003304002798772969
30	42	0.0033040027987729435
25	33	0.003304002798772899
23	42	0.0033040027987728936
5	30	0.0033040027987728824
28	30	0.003304002798772875
23	24	0.00330400279877286
23	37	0.0033040027987728516
23	25	0.0033040027987728455
5	28	0.003304002798772845
5	32	0.003304002798772841
5	20	0.0033040027987728403
28	35	0.003304002798772837
25	30	0.0033040027987728316
23	28	0.003304002798772828
20	25	0.003304002798772827
5	24	0.0033040027987728212
20	30	0.0033040027987728204
23	32	0.0033040027987728147
25	32	0.0033040027987728095
24	42	0.003304002798772807
25	35	0.003304002798772803
20	42	0.0033040027987727948
5	33	0.0033040027987727904
23	33	0.0033040027987727865
28	33	0.0033040027987727844
20	33	0.0033040027987727813
5	23	0.003304002798772779
28	32	0.0033040027987727783
24	35	0.003304002798772774
5	42	0.0033040027987727614
25	42	0.003304002798772761
24	25	0.00330400279877276
30	33	0.0033040027987727583
23	30	0.003304002798772756
23	35	0.003304002798772731
5	25	0.0033040027987727245
5	37	0.0033040027987727184
33	35	0.003304002798772714
20	37	0.0033040027987727054
25	28	0.0033040027987726937
24	33	0.003304002798772693
24	32	0.003304002798772691
25	37	0.0033040027987726902
30	32	0.003304002798772664
20	32	0.0033040027987726625
24	28	0.0033040027987726603
20	28	0.0033040027987726595
37	42	0.0033040027987726595
24	30	0.0033040027987726395
32	33	0.003304002798772631
5	35	0.003304002798772618
20	35	0.003304002798772605
32	35	0.003304002798772478
30	35	0.0033040027987724188
18	55	0.0032703731044753524
12	62	0.003215253232110183
1	62	0.0032152532321100174
2	62	0.0032152532321099263
21	47	0.0031918813204929748
31	47	0.0031918813204928446
39	47	0.003191881320492758
3	39	0.003181291409570446
3	21	0.0031812914095704107
3	31	0.0031812914095702615
3	40	0.003163061223924823
38	54	0.003088295121857194
58	60	0.0030805867746112247
6	14	0.0030674877896775168
19	59	0.00304768750353707
57	67	0.0030454978092433298
10	43	0.0030201328073866463
13	62	0.0029657389413203297
52	65	0.0029543144615549605
60	68	0.002938993611234975
3	51	0.0029106291585809622
10	57	0.002828500841194773
31	66	0.0028193224932256287
39	66	0.002819322493225437
21	66	0.0028193224932251994
29	66	0.002733548855871567
40	61	0.0026833546819504013
2	7	0.002645792521668313
1	7	0.002645792521668226
7	12	0.002645792521668149
47	64	0.0026106227996073924
58	64	0.002601716216665476
62	66	0.0025865573218547683
43	58	0.0025684893635081205
45	68	0.0025654924434544094
38	52	0.0025495998620769945
29	41	0.0025419405001010052
47	61	0.0024871410437635293
11	52	0.002485333999505528
48	58	0.002431748552978787
1	40	0.0023956090866851026
12	40	0.0023956090866850575
2	40	0.002395609086684838
11	53	0.00239458963328789
44	61	0.0023941379849848395
36	59	0.0023681866790689456
45	58	0.0023607540202581264
50	54	0.002358889251405958
5	14	0.002333189386850052
14	28	0.0023331893868499994
14	30	0.0023331893868498866
14	20	0.002333189386849854
14	35	0.0023331893868497903
14	33	0.0023331893868497686
14	24	0.0023331893868497582
14	23	0.0023331893868497574
14	25	0.002333189386849727
14	32	0.0023331893868497036
14	37	0.0023331893868495943
14	42	0.0023331893868495934
24	27	0.002321213197426243
34	35	0.002321213197426235
25	27	0.0023212131974261743
20	27	0.0023212131974261726
27	35	0.002321213197426157
20	34	0.002321213197426144
27	33	0.0023212131974261305
27	30	0.002321213197426069
23	27	0.0023212131974260685
28	34	0.0023212131974260676
32	34	0.0023212131974260637
27	28	0.002321213197426012
27	32	0.002321213197426
25	34	0.0023212131974259705
24	34	0.0023212131974259644
23	34	0.002321213197425964
27	42	0.002321213197425954
27	37	0.0023212131974258967
33	34	0.002321213197425848
5	34	0.002321213197425788
5	27	0.0023212131974257844
30	34	0.0023212131974257675
34	42	0.0023212131974257137
34	37	0.0023212131974256938
6	59	0.0022706032447248493
13	56	0.002244616028890494
60	64	0.00222256054660506
9	44	0.00219886587192939
43	52	0.0021920879040786805
60	61	0.0021775667649584288
31	56	0.002177071438593692
39	56	0.002177071438593689
21	56	0.0021770714385936857
6	46	0.0021245431649665816
22	46	0.0020276127863484775
16	59	0.0019787132902645633
50	59	0.001969629002436756
26	64	0.001963172712403599
36	46	0.0019609209043053317
58	61	0.0019151723082544841
25	68	0.0019137719960484903
20	68	0.0019137719960483765
24	68	0.0019137719960482657
23	68	0.0019137719960482505
42	68	0.0019137719960482134
37	68	0.0019137719960480549
28	68	0.0019137719960479486
5	68	0.0019137719960479345
35	68	0.0019137719960479309
30	68	0.0019137719960478144
33	68	0.0019137719960478133
32	68	0.0019137719960477567
15	65	0.0019131834803802848
4	53	0.001859012102719296
3	66	0.0018033601107693992
16	64	0.0017792368607790748
58	67	0.0017434827414427095
52	68	0.0017386389970673443
39	41	0.0017226276101711432
31	41	0.001722627610170844
21	41	0.0017226276101708162
21	38	0.0016528803862235638
38	39	0.0016528803862233183
31	38	0.0016528803862232515
56	64	0.0016454261406295412
4	17	0.0016230987460510013
56	67	0.0016007652360825152
6	9	0.0015569727362901107
10	58	0.001517032925291977
15	29	0.0015138858986704995
19	39	0.001469232461657196
19	21	0.0014692324616570407
19	31	0.0014692324616567306
40	55	0.0014502554992908354
3	58	0.0014195941056634551
10	18	0.001418316007381004
17	55	0.001414469047954346
8	59	0.001404492825887841
25	69	0.001403350770150053
32	69	0.001403350770149886
24	69	0.001403350770149787
23	69	0.0014033507701497864
5	69	0.0014033507701497812
33	69	0.0014033507701497752
30	69	0.0014033507701497034
35	69	0.0014033507701496542
28	69	0.001403350770149577
20	69	0.0014033507701495679
37	69	0.0014033507701494987
42	69	0.0014033507701494822
3	12	0.0014007579549780175
1	3	0.0014007579549780084
2	3	0.0014007579549777309
8	43	0.0013988289581188624
11	43	0.001395922164724674
8	65	0.0013197251761692032
1	38	0.0013179051183713642
2	38	0.0013179051183709726
12	38	0.0013179051183708494
39	51	0.001311695496588554
31	51	0.0013116954965884838
21	51	0.001311695496588416
18	50	0.0013020065004229978
13	51	0.0012902234714972614
39	45	0.0012863442146487485
21	45	0.0012863442146486704
31	45	0.0012863442146486166
41	60	0.00121691139628885
3	7	0.0012136751716026947
36	61	0.0011821308504232058
26	58	0.001154132050023422
3	56	0.0011314244120293826
4	10	0.0010905807370883251
36	44	0.001088759697306492
11	22	0.0010876781372439331
38	63	0.001077163348088439
46	64	0.001068176313784714
50	64	0.0010676014112822561
5	31	0.0010570497769488683
5	21	0.001057049776948857
25	31	0.0010570497769488122
5	39	0.0010570497769488087
31	42	0.0010570497769488013
21	35	0.0010570497769487655
20	39	0.0010570497769487512
21	24	0.0010570497769487497
21	33	0.0010570497769487495
21	30	0.0010570497769487163
31	37	0.001057049776948716
35	39	0.0010570497769487066
20	31	0.0010570497769487018
28	31	0.001057049776948698
24	31	0.0010570497769486799
20	21	0.0010570497769486786
23	31	0.001057049776948668
31	35	0.001057049776948667
32	39	0.0010570497769486638
28	39	0.0010570497769486601
31	33	0.0010570497769486536
33	39	0.0010570497769486428
21	23	0.001057049776948634
21	25	0.0010570497769486018
30	31	0.0010570497769485814
25	39	0.0010570497769485801
24	39	0.001057049776948571
21	32	0.0010570497769485702
21	28	0.0010570497769485697
37	39	0.0010570497769485496
21	37	0.0010570497769485157
21	42	0.0010570497769485149
39	42	0.0010570497769485142
31	32	0.0010570497769484951
30	39	0.0010570497769484266
23	39	0.001057049776948259
1	32	0.001054499819845688
1	33	0.0010544998198456267
1	30	0.0010544998198456239
1	20	0.0010544998198455816
1	25	0.0010544998198455168
2	23	0.001054499819845502
1	23	0.0010544998198455016
1	24	0.0010544998198454968
2	35	0.0010544998198454957
1	35	0.0010544998198454953
2	33	0.0010544998198454931
5	12	0.0010544998198454808
2	32	0.0010544998198454664
2	20	0.0010544998198454404
2	30	0.0010544998198454229
2	28	0.0010544998198454205
1	5	0.001054499819845412
2	24	0.0010544998198453823
2	25	0.001054499819845358
1	28	0.0010544998198453554
12	37	0.001054499819845355
12	23	0.001054499819845321
12	32	0.00105449981984532
12	33	0.001054499819845289
12	24	0.0010544998198452518
12	30	0.001054499819845251
12	25	0.001054499819845247
12	28	0.0010544998198452425
12	20	0.001054499819845226
12	42	0.0010544998198452108
2	5	0.0010544998198452043
1	37	0.0010544998198451856
1	42	0.0010544998198451843
2	42	0.0010544998198451466
2	37	0.00105449981984505
12	35	0.0010544998198450282
10	17	0.0010417371559210166
3	27	0.001019607961567551
3	34	0.001019607961567371
2	13	0.001013974384022052
12	13	0.0010139743840219591
1	13	0.001013974384021902
3	36	0.001005236257649202
16	65	0.0009846764631798854
19	54	0.000978613232294416
10	38	0.0009010904544283441
39	53	0.0008802771492744891
31	53	0.0008802771492743269
21	53	0.000880277149274228
14	51	0.0008592167668010926
44	57	0.0008370345209970384
11	17	0.0008257156235300985
16	31	0.0008239773210641432
16	39	0.0008239773210636818
16	21	0.0008239773210636644
3	59	0.0008223680206807396
39	67	0.0007932950713824992
21	67	0.0007932950713824957
31	67	0.0007932950713823439
26	40	0.0007881084502439767
14	27	0.0007670565598233974
14	34	0.0007670565598233035
43	46	0.0007476068393505349
15	43	0.0007270225460566798
26	37	0.0007055398504911641
26	42	0.0007055398504911623
26	35	0.000705539850491065
26	28	0.0007055398504910108
26	32	0.0007055398504909444
26	30	0.0007055398504909264
23	26	0.0007055398504909251
26	33	0.0007055398504909234
24	26	0.0007055398504908458
20	26	0.0007055398504908314
25	26	0.0007055398504907733
5	26	0.0007055398504907477
14	68	0.0006929909904966006
4	55	0.0006852537464506207
7	29	0.0006741052744381375
54	65	0.0006723351414157364
36	52	0.0006182044837010296
11	16	0.0006105969588822251
36	55	0.0005988294952586131
48	66	0.000517141158360249
9	57	0.000488579701088199
21	50	0.0004874458821361085
31	50	0.00048744588213561063
39	50	0.0004874458821356015
13	44	0.00048368461018329784
58	68	0.0004768296727441679
4	19	0.00046519782513642065
34	69	0.0004610205493393751
27	69	0.00046102054933904206
11	14	0.00045724578098739043
38	50	0.0004394119420440979
8	56	0.0004378573624542791
3	19	0.0004374711068221987
44	46	0.0004281459592521686
18	56	0.0004225013420421425
48	65	0.00040813148770752795
45	56	0.00039725068120918805
18	25	0.0003763316951075563
18	24	0.00037633169510752724
18	32	0.00037633169510748084
18	33	0.0003763316951074726
18	37	0.0003763316951074652
5	18	0.0003763316951074301
18	30	0.00037633169510739996
18	23	0.0003763316951073969
18	35	0.0003763316951073668
18	20	0.00037633169510735507
18	42	0.00037633169510733035
18	28	0.00037633169510728893
3	50	0.0003708555872334726
61	66	0.00035188936749955615
4	33	0.00034731098695919426
4	32	0.00034731098695918537
4	30	0.00034731098695910036
4	35	0.00034731098695909494
4	5	0.0003473109869590904
4	20	0.00034731098695908106
4	28	0.00034731098695907456
4	25	0.0003473109869590156
4	24	0.00034731098695899585
4	23	0.000347310986958959
4	42	0.00034731098695894034
4	37	0.00034731098695881457
8	9	0.0003410204526480389
15	67	0.0003252743524148668
13	57	0.0003241674490552047
3	67	0.00031919092704111793
36	67	0.0002896319045304144
9	55	0.00028042429219637087
14	21	0.0002661233073411131
14	39	0.00026612330734106845
14	31	0.0002661233073410457
6	43	0.00026283389063131053
19	38	0.0002582547513537729
29	61	0.00024831346811387926
12	14	0.00022092604446562344
2	14	0.00022092604446533417
1	14	0.0002209260444652791
27	68	0.00019795823502451572
34	68	0.00019795823502437694
11	57	0.00019472610323725652
16	67	0.0001933814612683528
9	26	0.00019037166280061728
14	60	0.00018162585060287843
26	61	0.00017971085154416203
41	48	0.00016738846795694758
13	21	0.00014340351633963366
13	31	0.00014340351633956687
13	39	0.00014340351633954519
25	59	0.0001391404894173884
37	59	0.00013914048941735414
30	59	0.0001391404894173472
35	59	0.00013914048941730253
23	59	0.00013914048941729602
24	59	0.00013914048941722447
33	59	0.00013914048941717893
32	59	0.00013914048941716679
28	59	0.00013914048941713296
20	59	0.00013914048941711648
5	59	0.0001391404894170922
42	59	0.00013914048941703885
42	49	0.00013097625317513416
37	49	0.0001309762531751294
24	49	0.0001309762531748115
30	49	0.0001309762531747946
25	49	0.00013097625317470742
23	49	0.0001309762531746762
32	49	0.00013097625317465625
33	49	0.0001309762531746402
20	49	0.00013097625317459336
28	49	0.0001309762531745834
5	49	0.0001309762531745526
35	49	0.0001309762531745075
27	31	0.00013045141090337747
27	39	0.00013045141090325756
34	39	0.0001304514109032478
31	34	0.00013045141090314177
21	27	0.00013045141090307672
21	34	0.00013045141090296678
2	60	0.00011185746809254209
12	60	0.00011185746809251
1	60	0.00011185746809242326
57	63	0.00011142553217980897
47	60	0.00010652982259139014
49	58	9.35662313341027e-05
9	11	8.163139526441189e-05
17	60	7.978054958144437e-05
31	40	7.586963418128919e-05
21	40	7.586963418116516e-05
39	40	7.586963418114521e-05
44	49	6.839426720121368e-05
41	56	4.787848093081807e-05
14	53	3.795115221272901e-05
12	64	3.395381582090365e-05
1	64	3.3953815820720636e-05
2	64	3.395381582062349e-05
7	31	3.272468208568441e-05
7	21	3.272468208563497e-05
7	39	3.2724682085392975e-05
26	60	1.431955622417224e-05
48	67	1.4314165826161476e-05
8	20	8.550013816241084e-07
8	30	8.550013815963528e-07
8	33	8.550013815846434e-07
8	32	8.550013814879326e-07
8	35	8.550013814853305e-07
8	24	8.550013814502024e-07
8	23	8.550013814033648e-07
8	37	8.550013813643335e-07
8	25	8.550013813591294e-07
5	8	8.550013813495884e-07
8	42	8.550013813057866e-07
8	28	8.550013812797658e-07
18	19	-1.6246012357759923e-06
45	46	-5.143317606396379e-05
44	65	-5.751123368221561e-05
8	63	-6.133300415654859e-05
8	11	-0.00010412884838994184
7	50	-0.00011287817485903379
46	65	-0.00014939832806107507
26	52	-0.00016445342520847624
16	69	-0.00016800736678578964
4	50	-0.00017792397743726738
50	69	-0.0001956512753736794
16	54	-0.00020508799164066852
20	47	-0.00021025200548432498
28	47	-0.00021025200548433886
5	47	-0.00021025200548444294
30	47	-0.00021025200548449498
25	47	-0.00021025200548458692
23	47	-0.00021025200548461208
37	47	-0.00021025200548462812
35	47	-0.00021025200548470402
32	47	-0.0002102520054847296
42	47	-0.000210252005484776
33	47	-0.00021025200548480723
24	47	-0.00021025200548482068
42	48	-0.00021031532013536872
32	48	-0.0002103153201354381
33	48	-0.00021031532013545892
30	48	-0.0002103153201355114
20	48	-0.000210315320135514
37	48	-0.0002103153201355153
5	48	-0.00021031532013553872
28	48	-0.00021031532013554306
25	48	-0.00021031532013560724
35	48	-0.0002103153201356775
23	48	-0.00021031532013571132
24	48	-0.00021031532013578158
29	37	-0.0002380655603449076
29	42	-0.00023806556034490934
24	29	-0.00023806556034500952
28	29	-0.0002380655603450325
23	29	-0.00023806556034514743
29	35	-0.00023806556034515567
5	29	-0.00023806556034518906
29	33	-0.00023806556034523547
29	30	-0.000238065560345245
25	29	-0.00023806556034527797
29	32	-0.00023806556034529879
20	29	-0.0002380655603453313
10	29	-0.00025212685534485753
55	62	-0.0002625626610595908
50	53	-0.00026436117668448764
8	53	-0.00026920354741932946
46	55	-0.000301934310287957
22	63	-0.0003245029213897882
11	36	-0.00033020257568915426
22	38	-0.0003320916765523433
5	36	-0.00033831168745540076
23	36	-0.0003383116874554322
28	36	-0.00033831168745548424
30	36	-0.0003383116874554853
35	36	-0.00033831168745556296
20	36	-0.00033831168745556816
36	37	-0.0003383116874556011
33	36	-0.0003383116874556256
24	36	-0.0003383116874556341
25	36	-0.0003383116874556367
32	36	-0.0003383116874556933
36	42	-0.0003383116874557401
11	40	-0.0003407476618721324
58	62	-0.00034175403426192673
56	58	-0.000356267527004617
26	41	-0.0003563106180116647
59	63	-0.00036633044556872926
17	50	-0.00037348923372303947
40	58	-0.0003771572885685713
9	31	-0.0003981495237700555
9	39	-0.00039814952377006246
9	21	-0.0003981495237701917
20	55	-0.00040790178972290947
37	55	-0.00040790178972307384
42	55	-0.00040790178972307557
30	55	-0.00040790178972308837
32	55	-0.0004079017897230975
35	55	-0.00040790178972330716
23	55	-0.00040790178972333773
28	55	-0.0004079017897233492
33	55	-0.00040790178972335573
25	55	-0.00040790178972346046
24	55	-0.00040790178972353224
5	55	-0.0004079017897235548
24	46	-0.00041074820549516933
33	46	-0.0004107482054951815
28	46	-0.0004107482054952153
30	46	-0.0004107482054952407
20	46	-0.0004107482054952463
23	46	-0.0004107482054952812
25	46	-0.0004107482054953144
37	46	-0.00041074820549538314
32	46	-0.00041074820549541176
35	46	-0.00041074820549542347
42	46	-0.00041074820549547703
5	46	-0.00041074820549560085
8	66	-0.00043426603712342846
10	55	-0.00044055071622420543
17	37	-0.0004638330555315382
17	42	-0.00046383305553153995
5	17	-0.00046383305553179973
17	28	-0.0004638330555321287
17	23	-0.0004638330555321291
17	35	-0.00046383305553215166
17	33	-0.0004638330555321751
17	30	-0.00046383305553218224
17	32	-0.0004638330555322462
17	24	-0.0004638330555322683
17	25	-0.0004638330555323117
17	20	-0.00046383305553235376
14	45	-0.00048478960416195073
54	63	-0.0004981060448302314
21	61	-0.0005153676236619902
39	61	-0.0005153676236621194
31	61	-0.0005153676236621654
36	47	-0.0005221632441436462
15	17	-0.0005325820972825763
5	44	-0.0005329094657437288
23	44	-0.0005329094657438626
37	44	-0.0005329094657439122
30	44	-0.0005329094657439495
25	44	-0.0005329094657439677
42	44	-0.0005329094657439708
32	44	-0.0005329094657439942
33	44	-0.0005329094657440007
24	44	-0.0005329094657440146
35	44	-0.0005329094657440185
28	44	-0.0005329094657441291
20	44	-0.0005329094657441314
44	64	-0.0005342613983901831
11	18	-0.0005930119907691968
42	56	-0.0006083209119636811
25	56	-0.0006083209119638435
37	56	-0.0006083209119638496
30	56	-0.0006083209119640679
35	56	-0.0006083209119640937
5	56	-0.0006083209119641165
33	56	-0.0006083209119641644
32	56	-0.0006083209119641816
28	56	-0.00060832091196428
20	56	-0.0006083209119642802
24	56	-0.0006083209119642891
23	56	-0.0006083209119643138
49	57	-0.0006118264854843049
4	22	-0.0006157473131422732
54	61	-0.0006247818522886264
44	55	-0.0006277846631763295
15	59	-0.0006284331851646903
40	57	-0.0006380174692616515
14	18	-0.0006387173354170037
52	55	-0.0006398564637798152
10	53	-0.000645381013772867
1	34	-0.0006504008752343717
2	34	-0.0006504008752344006
2	27	-0.0006504008752344424
12	27	-0.0006504008752345866
1	27	-0.0006504008752346087
12	34	-0.000650400875234628
24	38	-0.000656676359082384
25	38	-0.0006566763590824299
30	38	-0.0006566763590824898
20	38	-0.0006566763590825327
32	38	-0.0006566763590826255
23	38	-0.0006566763590827177
5	38	-0.0006566763590827732
38	42	-0.0006566763590827934
35	38	-0.0006566763590828135
28	38	-0.0006566763590828467
33	38	-0.0006566763590829456
37	38	-0.0006566763590830456
11	19	-0.0006587262478640454
67	68	-0.0006650024061634341
29	49	-0.0006823403508110122
7	49	-0.0007307575188432031
6	68	-0.0007328370297271028
11	25	-0.000737989640362726
11	37	-0.0007379896403627638
11	28	-0.0007379896403628475
11	42	-0.0007379896403628575
11	35	-0.0007379896403628627
11	30	-0.0007379896403629004
11	32	-0.0007379896403629147
11	33	-0.0007379896403629403
11	24	-0.0007379896403629477
11	20	-0.000737989640362949
11	23	-0.0007379896403629589
5	11	-0.0007379896403630994
51	58	-0.0007438939810160009
7	19	-0.0007866930378804928
11	50	-0.0007877580552076834
7	57	-0.0007963581929462324
11	46	-0.0008007801530880224
18	38	-0.0008134036862037504
29	58	-0.0008157349951926924
41	67	-0.0008268352547993046
14	69	-0.0008366116616376862
4	14	-0.0008887856926273314
37	62	-0.000891572961541044
35	62	-0.0008915729615410874
33	62	-0.0008915729615411008
42	62	-0.0008915729615411342
24	62	-0.0008915729615412349
5	62	-0.000891572961541265
28	62	-0.0008915729615412843
30	62	-0.0008915729615413333
32	62	-0.000891572961541361
25	62	-0.0008915729615413814
20	62	-0.0008915729615413951
23	62	-0.0008915729615415137
7	59	-0.0009163285826677475
8	41	-0.0009166416108178383
19	69	-0.0009215618815750443
63	65	-0.0009265469840382089
15	18	-0.0009293019850917178
3	18	-0.0009596955504322124
11	34	-0.0009733464430276553
11	27	-0.0009733464430279545
15	31	-0.0009796544026600459
15	21	-0.0009796544026604852
15	39	-0.0009796544026605637
36	64	-0.0009878582495890954
16	58	-0.000995516255348426
14	58	-0.0009988829363475372
10	33	-0.0010212723980699808
10	32	-0.001021272398070031
10	25	-0.0010212723980700515
10	37	-0.0010212723980700732
10	42	-0.0010212723980700749
10	24	-0.0010212723980700775
10	20	-0.00102127239807013
10	30	-0.0010212723980701668
10	23	-0.0010212723980702063
10	28	-0.0010212723980703117
10	35	-0.0010212723980703529
5	10	-0.00102127239807049
8	60	-0.0010229407839521124
18	62	-0.001025559968480071
12	39	-0.0010306252644717352
12	21	-0.0010306252644718043
2	21	-0.0010306252644720544
12	31	-0.0010306252644720747
1	31	-0.0010306252644722304
2	31	-0.001030625264472253
1	21	-0.0010306252644723063
2	39	-0.0010306252644723458
1	39	-0.001030625264472382
3	20	-0.0010367744203682206
3	35	-0.0010367744203682344
3	25	-0.0010367744203682553
3	30	-0.0010367744203682696
3	5	-0.001036774420368286
3	24	-0.0010367744203682873
3	23	-0.001036774420368299
3	33	-0.0010367744203683004
3	32	-0.0010367744203683142
3	28	-0.0010367744203683671
3	42	-0.0010367744203683806
3	37	-0.001036774420368443
9	10	-0.0010505472964430964
11	13	-0.0010556270887337512
27	59	-0.0010560834450048027
34	59	-0.0010560834450051917
13	29	-0.0010919148879586843
52	67	-0.0010944417595833492
14	26	-0.001114944708452348
32	43	-0.0011162923226759015
37	43	-0.0011162923226759195
35	43	-0.00111629232267592
42	43	-0.0011162923226759216
30	43	-0.0011162923226759726
20	43	-0.0011162923226759737
28	43	-0.0011162923226759789
33	43	-0.001116292322676
5	43	-0.0011162923226760236
23	43	-0.0011162923226760517
25	43	-0.001116292322676162
24	43	-0.001116292322676175
48	57	-0.0011167481409069934
27	57	-0.0011177039952382853
34	57	-0.0011177039952383946
15	24	-0.0011388327667401217
5	15	-0.00113883276674013
15	30	-0.0011388327667401644
15	35	-0.0011388327667401874
15	32	-0.0011388327667401926
15	28	-0.0011388327667402292
15	33	-0.0011388327667402468
15	25	-0.0011388327667402472
15	23	-0.0011388327667402583
15	20	-0.0011388327667402897
15	37	-0.0011388327667403032
15	42	-0.0011388327667403054
16	24	-0.0011464518229946838
16	23	-0.001146451822994729
16	35	-0.0011464518229947875
16	28	-0.001146451822994921
16	33	-0.001146451822994988
16	32	-0.0011464518229950015
16	30	-0.0011464518229950137
16	20	-0.0011464518229950525
5	16	-0.001146451822995059
16	37	-0.0011464518229950668
16	42	-0.0011464518229950737
16	25	-0.0011464518229952945
29	34	-0.0011617560318958383
27	29	-0.0011617560318960413
9	29	-0.0011744149887560123
10	61	-0.0011749019060279774
14	61	-0.0011814749228429649
47	54	-0.0011848484989300904
44	45	-0.0011865533334657228
26	56	-0.0011873336528900186
17	56	-0.00119861584961228
43	60	-0.0012000736093069168
19	36	-0.0012118654523157121
27	38	-0.0012154306811085615
34	38	-0.0012154306811086996
44	54	-0.0012202190679283034
44	47	-0.001227184895790768
34	55	-0.0012343591456631035
27	55	-0.0012343591456633997
6	37	-0.0012415295233741128
6	35	-0.0012415295233741586
6	30	-0.0012415295233741928
6	42	-0.0012415295233742497
6	25	-0.0012415295233742679
6	32	-0.0012415295233742802
6	33	-0.00124152952337429
6	20	-0.0012415295233743115
6	28	-0.0012415295233743633
6	24	-0.0012415295233743713
6	23	-0.0012415295233744298
5	6	-0.0012415295233744452
9	66	-0.0012450533620197504
9	63	-0.0012689361459546928
55	58	-0.001270971542364102
60	65	-0.001271226995466496
22	62	-0.0012767607656673733
61	68	-0.001278180519797556
12	63	-0.0012867231839735595
2	63	-0.0012867231839736957
1	63	-0.0012867231839737243
19	44	-0.0012914075782682324
5	7	-0.0012940730900663348
7	28	-0.001294073090066349
7	35	-0.0012940730900663968
7	32	-0.0012940730900664035
7	23	-0.0012940730900664102
7	37	-0.0012940730900664482
7	42	-0.0012940730900664504
7	24	-0.001294073090066461
7	33	-0.0012940730900664749
7	20	-0.0012940730900664926
7	30	-0.0012940730900665514
7	25	-0.0012940730900665785
4	56	-0.0012952465951527035
8	38	-0.0013007211113976033
14	47	-0.001301927271453951
14	38	-0.0013090081638092116
36	41	-0.0013244055928973266
58	59	-0.0013274134520088478
14	55	-0.0013391043963456258
25	66	-0.0013503309689254948
5	66	-0.001350330968925559
28	66	-0.001350330968925563
30	66	-0.0013503309689255865
20	66	-0.0013503309689256527
23	66	-0.0013503309689256921
32	66	-0.0013503309689256984
33	66	-0.0013503309689257893
24	66	-0.001350330968925843
35	66	-0.0013503309689258886
42	66	-0.0013503309689259727
37	66	-0.0013503309689260065
45	63	-0.0013743996068842131
5	50	-0.0013936132910776938
23	50	-0.0013936132910777627
33	50	-0.001393613291077772
37	50	-0.0013936132910777816
42	50	-0.001393613291077843
32	50	-0.00139361329107785
20	50	-0.0013936132910778568
28	50	-0.0013936132910778755
25	50	-0.0013936132910778846
24	50	-0.0013936132910778885
30	50	-0.0013936132910779579
35	50	-0.0013936132910779696
18	27	-0.0014176043897282504
18	34	-0.0014176043897284837
3	46	-0.0014224142647023905
38	67	-0.0014315634880196553
12	68	-0.0014339416169162366
2	68	-0.001433941616916463
1	68	-0.001433941616916531
7	68	-0.001436253477298961
10	67	-0.0014397370664107623
20	41	-0.0014492029350980547
30	41	-0.0014492029350982101
32	41	-0.0014492029350982427
35	41	-0.0014492029350982557
25	41	-0.0014492029350983281
28	41	-0.001449202935098354
5	41	-0.0014492029350983795
41	42	-0.001449202935098432
33	41	-0.0014492029350984814
23	41	-0.0014492029350984818
24	41	-0.0014492029350984944
37	41	-0.0014492029350986388
19	41	-0.0014561876294997876
18	60	-0.0014622554598048738
17	54	-0.0014690114422305951
39	69	-0.0014717469820362866
21	69	-0.001471746982036293
31	69	-0.0014717469820363497
12	43	-0.001476452123766036
2	43	-0.0014764521237663353
1	43	-0.0014764521237664845
5	19	-0.0014772878579344543
19	37	-0.0014772878579345497
19	30	-0.0014772878579345757
19	42	-0.0014772878579346047
19	33	-0.0014772878579346178
19	25	-0.0014772878579346188
19	20	-0.0014772878579346342
19	24	-0.0014772878579346863
19	32	-0.0014772878579347192
19	35	-0.0014772878579347702
19	23	-0.0014772878579347717
19	28	-0.0014772878579348107
47	55	-0.0014835262844423982
42	45	-0.0015150794468536347
37	45	-0.0015150794468536397
28	45	-0.0015150794468537518
5	45	-0.0015150794468537605
25	45	-0.0015150794468538162
35	45	-0.0015150794468538238
30	45	-0.0015150794468538247
32	45	-0.0015150794468538331
24	45	-0.0015150794468539101
23	45	-0.0015150794468539266
20	45	-0.0015150794468539413
33	45	-0.0015150794468539767
25	53	-0.0015153351513500606
5	53	-0.001515335151350094
24	53	-0.0015153351513501672
33	53	-0.0015153351513502431
23	53	-0.0015153351513502913
35	53	-0.0015153351513503008
20	53	-0.0015153351513503667
30	53	-0.0015153351513504131
28	53	-0.0015153351513504175
42	53	-0.0015153351513504535
32	53	-0.00151533515135046
37	53	-0.0015153351513505055
41	69	-0.0015234575883617046
1	9	-0.001549710568849159
9	12	-0.0015497105688492161
2	9	-0.0015497105688492734
7	34	-0.001551053428996388
7	27	-0.0015510534289964826
3	49	-0.0015596825267959035
34	56	-0.001561599635707776
27	56	-0.001561599635708011
45	59	-0.0015656809407150933
56	59	-0.0015696657237426921
24	54	-0.0015700289201950215
23	54	-0.0015700289201950493
28	54	-0.001570028920195058
20	54	-0.0015700289201950883
25	54	-0.0015700289201951256
32	54	-0.0015700289201952028
5	54	-0.0015700289201952028
35	54	-0.0015700289201952536
30	54	-0.0015700289201952672
37	54	-0.0015700289201953056
42	54	-0.001570028920195329
33	54	-0.0015700289201953485
6	7	-0.0015726078397727394
26	57	-0.0015828447599809696
4	31	-0.0015905581590056354
4	39	-0.0015905581590057935
4	21	-0.0015905581590059032
15	48	-0.001594052386658341
55	60	-0.0016017153688940708
50	58	-0.0016074812301673305
39	58	-0.0016185375181198389
31	58	-0.0016185375181198727
21	58	-0.0016185375181198927
14	46	-0.0016345933091445409
22	66	-0.001635877115227946
22	26	-0.0016609987693255472
2	41	-0.0016711168984916837
1	41	-0.0016711168984918697
12	41	-0.0016711168984920696
13	66	-0.0016737041360263393
13	38	-0.0016749395631687524
18	39	-0.0016768852462008934
18	21	-0.0016768852462010263
18	31	-0.0016768852462011844
58	65	-0.0016901526670823957
51	56	-0.0017347155017404465
9	59	-0.0017456230095537718
53	58	-0.001750210932372714
14	17	-0.0017553525746807634
29	62	-0.0017553723259374496
41	50	-0.0017561634825688666
14	44	-0.0017579359834665942
3	53	-0.0017627467448032043
10	65	-0.001768688244562367
17	62	-0.0017839433031913371
39	68	-0.001787541277612509
21	68	-0.0017875412776127237
31	68	-0.001787541277612748
35	52	-0.0017913060169141239
30	52	-0.0017913060169141555
32	52	-0.0017913060169141705
20	52	-0.0017913060169142
28	52	-0.0017913060169142052
23	52	-0.001791306016914206
37	52	-0.0017913060169142735
33	52	-0.0017913060169142735
5	52	-0.0017913060169142904
42	52	-0.0017913060169143103
24	52	-0.0017913060169143557
25	52	-0.001791306016914509
4	67	-0.0018047715392978565
12	58	-0.0018121504383819165
1	58	-0.0018121504383819325
2	58	-0.0018121504383820757
9	37	-0.001862665065101192
9	42	-0.0018626650651011945
9	25	-0.0018626650651012958
9	28	-0.0018626650651013348
9	35	-0.0018626650651013476
9	20	-0.0018626650651013487
9	32	-0.0018626650651013695
9	33	-0.0018626650651013795
9	30	-0.0018626650651013925
9	23	-0.0018626650651014033
5	9	-0.0018626650651014046
9	24	-0.0018626650651014276
34	45	-0.0018846716509150294
27	45	-0.0018846716509151665
26	54	-0.0018911111333996412
18	40	-0.0018931530804034737
34	36	-0.001893883346851409
27	36	-0.001893883346851468
3	9	-0.0018981647270106669
41	54	-0.0019010592975890108
14	48	-0.0019077832907319668
26	39	-0.0019089068078737077
26	31	-0.0019089068078737555
21	26	-0.001908906807873811
34	46	-0.001915010598868996
27	46	-0.001915010598869272
36	56	-0.0019293579928832427
22	35	-0.0019436010278896091
22	28	-0.001943601027889718
22	33	-0.0019436010278897423
22	24	-0.001943601027889753
22	23	-0.0019436010278897787
22	30	-0.0019436010278897926
22	32	-0.0019436010278898574
20	22	-0.0019436010278898706
22	25	-0.0019436010278898752
22	42	-0.0019436010278899754
5	22	-0.0019436010278900578
22	37	-0.0019436010278900582
52	57	-0.0019464876847225497
34	49	-0.0019651939910578587
27	49	-0.001965193991058001
64	67	-0.0019830503633188213
27	44	-0.001989719370570845
34	44	-0.0019897193705708687
8	27	-0.0019919948499637816
8	34	-0.0019919948499638115
9	54	-0.001992055163657429
14	29	-0.0019975228408329183
17	19	-0.001999595468949235
29	38	-0.0020008701239069846
44	60	-0.0020015276922236936
48	62	-0.002012054331056068
27	48	-0.002018657962458981
34	48	-0.002018657962459287
46	54	-0.0020431726152373916
43	47	-0.0020463168547220044
14	49	-0.00206232438884658
40	54	-0.002064392478396992
14	56	-0.0020673021277063854
37	40	-0.0020683892650907414
33	40	-0.002068389265090869
35	40	-0.0020683892650908923
5	40	-0.0020683892650909226
20	40	-0.0020683892650909565
23	40	-0.002068389265090957
30	40	-0.0020683892650909695
32	40	-0.002068389265090993
25	40	-0.0020683892650909938
40	42	-0.0020683892650910016
24	40	-0.0020683892650910506
28	40	-0.002068389265091062
42	51	-0.00207890445435849
32	51	-0.0020789044543585537
30	51	-0.0020789044543585867
33	51	-0.0020789044543586
23	51	-0.002078904454358605
35	51	-0.0020789044543586613
28	51	-0.0020789044543586713
5	51	-0.0020789044543586947
20	51	-0.002078904454358728
24	51	-0.0020789044543587537
25	51	-0.002078904454358764
37	51	-0.0020789044543587983
26	38	-0.0020825023113878274
44	53	-0.002086365214600017
13	28	-0.0021102943978012186
5	13	-0.002110294397801219
13	33	-0.002110294397801227
13	32	-0.002110294397801262
13	30	-0.0021102943978012906
13	35	-0.0021102943978013097
13	24	-0.002110294397801321
13	23	-0.0021102943978013483
13	25	-0.0021102943978013777
13	37	-0.002110294397801384
13	42	-0.0021102943978013864
13	20	-0.002110294397801448
48	60	-0.002119996489688248
9	48	-0.002135313792935528
6	8	-0.0021401272347953623
2	69	-0.002144339985746548
1	69	-0.002144339985746596
12	69	-0.0021443399857469393
29	54	-0.0021589491419322544
34	53	-0.0021666329111219617
27	53	-0.002166632911121973
3	14	-0.0021671460039134247
8	67	-0.0021762093052261483
53	68	-0.002179844965393479
13	16	-0.0021801543373655722
12	44	-0.0021901368973173394
2	44	-0.002190136897317491
1	44	-0.0021901368973175303
4	44	-0.002191831166161291
54	59	-0.0022079886463097194
46	47	-0.002213627251948392
14	52	-0.0022183645256211495
18	67	-0.0022237956209039443
19	53	-0.0022327034861347617
64	65	-0.002235551282913353
7	22	-0.0022414188626226645
34	47	-0.0022414797014969207
27	47	-0.0022414797014971063
14	41	-0.002259006733254638
46	63	-0.0022744932729032337
8	31	-0.0022821496762119578
8	39	-0.002282149676212087
8	21	-0.002282149676212315
10	11	-0.002282986020618578
11	48	-0.0022887360533405555
3	63	-0.0022943554478936116
63	66	-0.002299417748053355
15	62	-0.00230522760023503
6	27	-0.0023054562138871554
6	34	-0.0023054562138872512
19	46	-0.002312896779122872
19	58	-0.002313212599429917
13	26	-0.002315896447652067
1	26	-0.002320374978562496
2	26	-0.0023203749785625292
12	26	-0.002320374978562693
8	22	-0.0023211931939200693
16	27	-0.002328688803091415
16	34	-0.0023286888030916724
15	69	-0.0023360763934171013
33	67	-0.0023396684907900913
32	67	-0.0023396684907901464
23	67	-0.002339668490790162
25	67	-0.0023396684907902067
24	67	-0.002339668490790223
42	67	-0.0023396684907902596
37	67	-0.002339668490790267
28	67	-0.0023396684907902986
35	67	-0.002339668490790324
20	67	-0.002339668490790376
5	67	-0.0023396684907904296
30	67	-0.0023396684907905363
32	60	-0.0023429415846661066
35	60	-0.0023429415846661444
5	60	-0.0023429415846661452
25	60	-0.0023429415846663105
30	60	-0.002342941584666324
33	60	-0.002342941584666354
28	60	-0.0023429415846663543
24	60	-0.0023429415846663772
20	60	-0.0023429415846664275
23	60	-0.0023429415846664553
42	60	-0.0023429415846664987
37	60	-0.0023429415846664987
9	27	-0.002350221104945707
9	34	-0.0023502211049457617
43	66	-0.0023608016972675
9	69	-0.002367337835851963
10	27	-0.002386168958328324
10	34	-0.0023861689583283543
28	65	-0.0023924727361050746
23	65	-0.0023924727361050837
35	65	-0.0023924727361050863
24	65	-0.0023924727361051123
5	65	-0.0023924727361051396
25	65	-0.0023924727361051843
32	65	-0.0023924727361052025
33	65	-0.0023924727361052433
30	65	-0.0023924727361052498
20	65	-0.0023924727361053126
37	65	-0.002392472736105406
42	65	-0.0023924727361054094
10	44	-0.002406255124955018
17	34	-0.00241028905905184
17	27	-0.0024102890590520657
14	57	-0.0024108486201128137
28	57	-0.0024144163999937087
30	57	-0.0024144163999937204
24	57	-0.0024144163999937217
32	57	-0.0024144163999937425
5	57	-0.002414416399993748
37	57	-0.002414416399993763
42	57	-0.0024144163999937664
35	57	-0.002414416399993794
20	57	-0.00241441639999382
23	57	-0.002414416399993846
33	57	-0.0024144163999938687
25	57	-0.0024144163999939025
46	67	-0.002418303734467212
18	44	-0.0024359819114068513
38	51	-0.0024369064291686207
16	43	-0.0024470092845616156
39	49	-0.002450904488334348
21	49	-0.002450904488334562
31	49	-0.0024509044883347553
17	67	-0.00245329793871101
28	64	-0.0024546131322179116
42	64	-0.0024546131322179957
33	64	-0.002454613132218038
23	64	-0.0024546131322180443
30	64	-0.002454613132218057
35	64	-0.00245461313221806
37	64	-0.002454613132218128
24	64	-0.0024546131322181323
32	64	-0.0024546131322181783
20	64	-0.002454613132218249
5	64	-0.0024546131322183314
25	64	-0.0024546131322183366
54	69	-0.0024632981807556163
2	67	-0.00246880649905329
12	67	-0.0024688064990533104
1	67	-0.0024688064990533625
14	50	-0.0024699422151763916
22	58	-0.002470022065166084
29	64	-0.0024755035403617766
21	29	-0.002478554893386231
29	39	-0.002478554893386469
29	31	-0.0024785548933865375
31	59	-0.002488445598702322
21	59	-0.00248844559870239
39	59	-0.0024884455987024424
15	34	-0.0024949770480725214
15	27	-0.002494977048072847
52	53	-0.002500857706800785
41	46	-0.002505586342517043
5	61	-0.0025085834210811283
23	61	-0.002508583421081227
32	61	-0.0025085834210812554
24	61	-0.0025085834210812645
35	61	-0.0025085834210812658
33	61	-0.002508583421081355
20	61	-0.0025085834210813707
30	61	-0.002508583421081377
25	61	-0.002508583421081378
37	61	-0.0025085834210813846
28	61	-0.0025085834210813933
42	61	-0.0025085834210814137
39	64	-0.0025161229246461834
31	64	-0.0025161229246462693
21	64	-0.0025161229246464076
27	62	-0.00251709369584696
34	62	-0.002517093695847297
19	47	-0.002519314813533192
10	54	-0.002520265547513471
3	22	-0.0025250848135057267
16	63	-0.0025327383656671247
44	56	-0.002533136786429182
26	55	-0.00254674367567091
19	65	-0.0025585465701761217
14	15	-0.002599880982594076
14	19	-0.002607455186279861
14	16	-0.0026159841287939785
2	36	-0.0026213377871383437
12	36	-0.0026213377871385445
1	36	-0.0026213377871385692
38	41	-0.0026245223571159343
39	43	-0.002626128116741784
31	43	-0.0026261281167420034
21	43	-0.0026261281167420762
46	68	-0.0026280736597553227
22	61	-0.002648757812839438
27	50	-0.0026746990261248896
34	50	-0.00267469902612513
17	39	-0.002677284958087084
17	31	-0.002677284958087104
17	21	-0.0026772849580871316
47	58	-0.0026786025194341532
11	64	-0.002679210210729116
21	48	-0.002684259030201263
39	48	-0.002684259030201376
31	48	-0.0026842590302014763
4	68	-0.0026844230584966607
19	34	-0.0026968993774386797
19	27	-0.002696899377438834
29	46	-0.002704630981786935
12	46	-0.002707376005056678
1	46	-0.0027073760050568716
2	46	-0.00270737600505695
6	58	-0.002708959111458714
41	51	-0.0027124789094815933
7	14	-0.0027156090880618763
1	57	-0.0027180891377364316
2	57	-0.0027180891377365183
12	57	-0.002718089137736522
38	44	-0.0027231223632054784
18	53	-0.002726813648012802
29	53	-0.0027304772658426364
16	44	-0.0027335618446962815
8	19	-0.002738376111866567
14	62	-0.0027458924895675256
40	56	-0.0027467643958128986
29	55	-0.0027483048326430136
4	69	-0.0027534796336714934
18	54	-0.0027586720564076028
11	59	-0.0027594258215361545
38	46	-0.0027695622769948612
17	38	-0.0027733368044139226
9	53	-0.0027737017115708213
8	62	-0.002785805794077493
23	63	-0.0027970420652846393
25	63	-0.0027970420652846445
5	63	-0.00279704206528467
24	63	-0.0027970420652846965
20	63	-0.0027970420652847212
32	63	-0.002797042065284757
28	63	-0.002797042065284769
33	63	-0.002797042065284825
35	63	-0.0027970420652848604
37	63	-0.0027970420652848656
42	63	-0.0027970420652848682
30	63	-0.0027970420652848904
10	31	-0.002803797704037798
10	39	-0.0028037977040381236
10	21	-0.00280379770403814
8	12	-0.002822113998814314
1	8	-0.002822113998814586
2	8	-0.0028221139988147017
6	41	-0.0028235119025360814
18	51	-0.0028284884003833624
4	38	-0.0028301372891648816
5	58	-0.002834134042581387
28	58	-0.0028341340425814218
32	58	-0.0028341340425814586
24	58	-0.0028341340425815115
23	58	-0.002834134042581522
33	58	-0.0028341340425815306
20	58	-0.0028341340425815566
30	58	-0.002834134042581559
25	58	-0.0028341340425816083
42	58	-0.0028341340425816182
35	58	-0.00283413404258162
37	58	-0.0028341340425817015
45	65	-0.0028411051768776063
1	59	-0.002849254791034572
2	59	-0.002849254791034578
12	59	-0.002849254791034642
44	59	-0.002854231426329676
50	68	-0.00285719216618911
36	66	-0.002859099781742965
3	17	-0.0028709255160538896
17	51	-0.0028943418090719526
9	14	-0.0029021381971170448
48	49	-0.0029088695776263926
12	29	-0.0029090545389021723
2	29	-0.002909054538902188
1	29	-0.002909054538902193
22	50	-0.002924210354822916
38	58	-0.002934831719011677
11	41	-0.0029492602474096765
52	59	-0.002958614307403739
44	58	-0.0029610831776404403
2	47	-0.002961135247846341
12	47	-0.002961135247846472
1	47	-0.00296113524784663
49	53	-0.002965901651604671
29	56	-0.0029800702115593686
22	29	-0.002985673054440958
14	22	-0.0029946999658873904
14	66	-0.0029989049349163433
46	59	-0.0030005855333720207
21	62	-0.0030114890445388075
31	62	-0.003011489044538844
39	62	-0.003011489044539014
44	50	-0.003014417966030484
13	34	-0.00301885937607992
13	27	-0.003018859376080061
16	36	-0.0030314791320968626
1	22	-0.003036313462601102
2	22	-0.0030363134626012786
12	22	-0.0030363134626014894
22	34	-0.0030401571506459744
22	27	-0.0030401571506461613
4	7	-0.003044990224191811
8	50	-0.0030465855449736774
2	49	-0.0030474611350083864
12	49	-0.0030474611350084025
1	49	-0.0030474611350085833
3	26	-0.003058219663286054
64	69	-0.0030656861984142397
55	68	-0.0030682498398765063
19	57	-0.0030703483087174107
29	67	-0.0030716795642110623
54	56	-0.0030719834754358534
50	65	-0.003075749087667593
41	61	-0.003094519932989763
40	49	-0.003098051479807278
12	48	-0.003099457723542545
1	48	-0.0030994577235427105
2	48	-0.0030994577235427165
4	8	-0.0031063114219085078
17	53	-0.003110723688476232
6	39	-0.003128234960577094
6	21	-0.0031282349605771553
6	31	-0.0031282349605773092
7	65	-0.0031435942176111543
45	55	-0.0031552219955047886
58	66	-0.0031594247522596457
22	68	-0.0031748361858698494
3	38	-0.003191085333533376
8	64	-0.0031943298731164195
17	61	-0.0032123060796938
4	36	-0.0032199583984186863
34	65	-0.0032261359694031834
27	65	-0.0032261359694033794
55	66	-0.003226171060572443
9	46	-0.003229000083261476
9	51	-0.003231474462028306
22	51	-0.0032351299030832607
55	69	-0.003243619545110062
22	40	-0.0032465574981960545
26	51	-0.003256778082257883
41	58	-0.0032590152777793387
56	62	-0.0032624036043860487
41	64	-0.0032688873861990604
18	49	-0.0032697165505724823
18	66	-0.0032699194897333112
4	62	-0.003271641070100845
21	57	-0.0032790455247399273
31	57	-0.003279045524739982
39	57	-0.003279045524740341
4	60	-0.0032932228699995934
26	66	-0.0033071338317001648
34	66	-0.003309881322074376
27	66	-0.0033098813220745083
4	46	-0.003320046807952874
7	61	-0.0033336769633720096
12	45	-0.0033373328416047374
1	45	-0.003337332841604767
2	45	-0.003337332841604781
18	36	-0.00334082905251087
34	58	-0.003345155088038068
27	58	-0.0033451550880380953
41	59	-0.003345830237516345
21	52	-0.0033512300547310333
31	52	-0.0033512300547312362
39	52	-0.003351230054731298
2	66	-0.003351409620993198
1	66	-0.0033514096209932686
12	66	-0.003351409620993306
46	56	-0.0033561153485734173
38	47	-0.0033580253881699334
2	15	-0.0033652122025106144
12	15	-0.0033652122025107645
1	15	-0.003365212202510939
6	67	-0.003367940752589756
41	47	-0.003383436954869449
19	51	-0.003389124770131563
14	65	-0.0033975773232003924
47	56	-0.003408135731355792
1	52	-0.0034096539744104862
2	52	-0.0034096539744105634
12	52	-0.003409653974410826
26	69	-0.003417138356844682
15	26	-0.003417869601390463
55	59	-0.0034184882220135845
8	55	-0.003429713111654132
16	46	-0.0034306436999232024
41	63	-0.0034330162381335984
8	18	-0.003449802710327316
14	67	-0.0034506415805745025
53	62	-0.0034559561310945957
15	54	-0.003456154327976862
52	58	-0.0034613547430264904
16	55	-0.0034635832740511708
48	51	-0.003470833304808567
43	68	-0.003471577474488556
13	59	-0.003471908684938973
16	52	-0.003476053171351478
36	54	-0.0034809455766956245
61	64	-0.0034810121293652237
54	55	-0.0034815427400966947
51	64	-0.003485925650389037
14	40	-0.003489121440186685
40	50	-0.0034961386788957428
48	56	-0.0035143435098811
19	26	-0.0035227402839898463
44	63	-0.0035239712286767215
4	49	-0.0035264050792710154
4	58	-0.0035362932679426813
41	62	-0.003546650991185131
40	43	-0.003547798154988454
7	36	-0.003574527495646484
6	12	-0.003575472687087884
1	6	-0.0035754726870881612
2	6	-0.0035754726870881673
7	16	-0.003578221110516148
17	44	-0.0035812272900118255
4	13	-0.0035837723448263973
13	14	-0.003585073665833328
29	36	-0.003599190751206647
3	16	-0.0036032479571062393
6	13	-0.0036181224408282486
22	36	-0.003620981586134061
47	63	-0.0036281500306305043
44	69	-0.003630978878622615
6	44	-0.003631763506966106
50	62	-0.0036339831675940176
40	44	-0.003637001324595015
13	68	-0.0036507939737958316
41	65	-0.003654761324013894
18	68	-0.0036549947227047627
10	22	-0.003667723590675411
22	59	-0.003673883878169899
43	69	-0.003674137344226622
10	56	-0.0036909887490484718
18	29	-0.003694273871978975
36	50	-0.00369544856425583
34	52	-0.0036992572491416236
27	52	-0.0036992572491419515
12	61	-0.003700492223553787
2	61	-0.00370049222355384
1	61	-0.0037004922235539077
26	50	-0.0037057739555484553
10	16	-0.0037071419886509234
4	6	-0.0037105484999912087
38	59	-0.003728777269994662
18	41	-0.003729793262759992
8	69	-0.003734339469758687
8	54	-0.0037350351377799422
34	67	-0.00373523225307564
27	67	-0.003735232253076411
15	58	-0.0037396344502792413
56	68	-0.0037443987600294915
38	69	-0.003750324314214837
4	29	-0.0037588488850988947
4	59	-0.003766268794439047
34	60	-0.0037665074289253467
27	60	-0.0037665074289256846
38	68	-0.0037748126923236895
26	44	-0.0037900128934738224
16	45	-0.0037955313700964964
9	50	-0.0037964185893015184
7	69	-0.0038056613937561975
59	67	-0.00380885758178226
12	16	-0.003809777405995006
1	16	-0.003809777405995077
2	16	-0.0038097774059952724
3	68	-0.0038129477628665673
17	66	-0.00381433747047519
21	60	-0.0038176375383867107
31	60	-0.003817637538386767
39	60	-0.003817637538387047
48	55	-0.0038224259722600207
9	18	-0.0038234523901336933
4	52	-0.003828530356083855
10	46	-0.003835738893348782
29	51	-0.003846822551159061
44	68	-0.00385080753487339
48	50	-0.0038513740018411876
8	49	-0.0038531022781063714
10	49	-0.0038598718679569697
38	48	-0.003860415668207031
26	68	-0.003871438689852062
21	22	-0.003872455225440026
22	31	-0.0038724552254402102
22	39	-0.003872455225440284
9	19	-0.0038740998550058046
19	68	-0.003881436974859341
26	47	-0.003884466376332262
27	51	-0.0038875131979414414
34	51	-0.0038875131979416487
6	50	-0.0038973650253186654
1	53	-0.0039014282976437458
2	53	-0.003901428297643791
12	53	-0.003901428297643838
14	54	-0.003902216249859335
17	40	-0.0039087192009523465
40	46	-0.00391358133154504
8	15	-0.0039153088360011625
9	13	-0.003917700183975709
7	41	-0.00392069029828048
3	64	-0.003943153901123559
3	45	-0.003945625504561682
4	66	-0.003949530217178419
51	55	-0.003950834367415181
16	18	-0.003971193671738966
49	55	-0.003977713182655828
4	48	-0.004003517038647437
26	62	-0.0040079292754616105
68	69	-0.004012219626056358
7	8	-0.0040233409757567205
4	47	-0.00402461626797985
19	48	-0.004032162242231423
56	69	-0.004032227732869423
31	54	-0.004038312081351975
39	54	-0.004038312081352131
21	54	-0.0040383120813521755
13	36	-0.004048125624887341
27	54	-0.004073189385053619
34	54	-0.004073189385053756
17	52	-0.004079253680337495
27	61	-0.004089081882847946
34	61	-0.004089081882848206
13	47	-0.004090609815182148
10	66	-0.00409311357965154
3	8	-0.004097845118713526
22	56	-0.004111425697972557
55	61	-0.004112521249693744
4	65	-0.004117849808980675
36	40	-0.004126215100056959
59	60	-0.004127393946678077
57	69	-0.004129483206570779
53	69	-0.004139270943306162
47	50	-0.004149876412380699
14	63	-0.004154811834122572
56	57	-0.004156364054687029
31	65	-0.004159764606639351
21	65	-0.004159764606639362
39	65	-0.00415976460663952
7	44	-0.004168196277919701
38	49	-0.004170259836281049
56	60	-0.004170599991829396
16	53	-0.004170979966924502
36	68	-0.00417916921559937
50	61	-0.004181487985458971
18	43	-0.004185267981108349
14	64	-0.004205271535112869
38	43	-0.004215630311830159
46	52	-0.004229507867125117
3	69	-0.004244816790642134
13	22	-0.004253735809558186
1	51	-0.004262247661089949
12	51	-0.004262247661090174
2	51	-0.004262247661090186
34	64	-0.004273219567263356
27	64	-0.0042732195672633665
26	49	-0.004276372666328304
22	69	-0.004281027760166593
11	55	-0.0042828247898647614
48	63	-0.004283568871216932
18	47	-0.004296585074652994
8	68	-0.00430276593904459
57	66	-0.004303420807780485
18	59	-0.004309718409421291
53	65	-0.004329281971416249
8	26	-0.00433002187534412
17	49	-0.004332098725649776
15	64	-0.004334691725148018
66	68	-0.004342146906130253
10	26	-0.004347682877473956
26	36	-0.004353490418910063
9	67	-0.004357321402066436
4	63	-0.004371720554676672
56	65	-0.004393448737232331
59	62	-0.004394585265552054
57	68	-0.004405152773639268
16	17	-0.004405801864078682
15	49	-0.004412390455898913
7	54	-0.0044160282814131434
39	63	-0.004423856952260294
31	63	-0.004423856952260335
21	63	-0.004423856952260533
59	66	-0.004427072509889406
19	64	-0.004430244738988046
11	61	-0.004432827786612638
46	69	-0.004439194775679756
41	68	-0.004445057493126639
65	68	-0.004462412901659745
48	53	-0.004470134265569119
43	55	-0.004478125001055629
3	11	-0.004483405686948615
38	40	-0.004491184349979296
36	63	-0.004491928959488044
3	29	-0.004509594670117504
6	18	-0.0045133484830353525
10	40	-0.004543280257867622
18	52	-0.004586640476378459
11	39	-0.004589578149293508
11	21	-0.004589578149293617
11	31	-0.004589578149293774
15	44	-0.004595056542873023
11	56	-0.004595470242983151
38	62	-0.004599153074311316
4	61	-0.004607923609664846
45	67	-0.0046097548670504425
46	60	-0.004614528665760351
9	43	-0.00462338000911163
26	43	-0.004630486351168752
49	56	-0.00463342013297801
59	68	-0.004637961198234375
29	47	-0.004638655906496087
57	62	-0.004644573401725614
2	65	-0.004646943881227987
12	65	-0.004646943881228259
1	65	-0.004646943881228323
22	48	-0.004664083443290909
46	49	-0.004682088785058594
26	29	-0.0046869115029239865
7	11	-0.004695222754391359
17	29	-0.004697373542632808
29	68	-0.004716509289787526
4	51	-0.004720577514650817
47	59	-0.004723781926603181
8	46	-0.004725697862381919
43	44	-0.0047431187682780785
36	69	-0.0047466555518616005
18	22	-0.004749238360819629
40	69	-0.004753445039489813
6	26	-0.004763627530931212
7	47	-0.00476404819621777
16	38	-0.004774149905419425
22	64	-0.0047785170083679
47	57	-0.004785067901565975
40	48	-0.00478862251960731
55	67	-0.0047972872541959
26	59	-0.0048019438566218224
48	69	-0.004802217849387369
53	67	-0.00480855662951416
18	57	-0.004810227406130317
3	10	-0.004813771350044299
7	10	-0.004813891307027128
6	56	-0.004826189569384367
4	64	-0.0048262598973673534
6	40	-0.0048455523571462895
16	56	-0.0048513604301475095
4	15	-0.0048611326389169825
7	62	-0.0048616922126849815
48	59	-0.0048731620387183075
26	63	-0.004881824493491269
60	67	-0.004885111984629161
4	16	-0.0049141355778378245
13	15	-0.0049320017766853125
26	45	-0.004936420998881868
49	68	-0.004951784394264896
17	22	-0.004953902585267255
3	15	-0.004954508378773683
26	67	-0.0049790450473185775
45	51	-0.0049791617390487885
19	66	-0.0049862945319472975
19	49	-0.0049929545397071375
7	9	-0.0050126387157715035
17	36	-0.005012674396678748
16	48	-0.00502811519548335
4	54	-0.005028388436610255
2	11	-0.005037454181769182
11	12	-0.005037454181769262
1	11	-0.005037454181769272
48	68	-0.005047878456223134
3	13	-0.005057229949516814
16	41	-0.00506104180092992
59	64	-0.005070935604827326
34	63	-0.005075341106299796
27	63	-0.005075341106300043
19	40	-0.005075857399200871
36	49	-0.005082012238921315
43	48	-0.005094041943970853
17	69	-0.005100321840074296
43	54	-0.005119686416821887
38	57	-0.005140207533156774
17	68	-0.005141845688060489
22	44	-0.005149079525016296
17	43	-0.005151338286231464
9	17	-0.005152502493084549
36	62	-0.005166229409397063
22	45	-0.005167359290601843
3	48	-0.005171404000581832
6	17	-0.005172304862609296
29	40	-0.005177047240273272
36	48	-0.005177327821511398
13	17	-0.005183279657833216
8	17	-0.0052034543706019586
11	29	-0.005204687868061529
1	54	-0.005229088293138572
2	54	-0.005229088293138629
12	54	-0.005229088293138637
55	64	-0.005236261419728888
16	62	-0.005239847021606651
53	61	-0.0052406931718455545
13	67	-0.005241577690732252
55	63	-0.005249329109582701
17	47	-0.005249806890800933
43	59	-0.005262019937192192
9	61	-0.005270245710565476
11	63	-0.005275706154863956
7	15	-0.0052860278614456895
46	50	-0.005296249379692654
4	9	-0.005304612494494196
15	36	-0.005319990101387634
43	56	-0.005327225041716347
16	61	-0.005333104870254005
8	40	-0.005344004028869155
6	69	-0.005345178464392724
62	68	-0.005345287275887912
13	46	-0.005348695728024764
17	41	-0.0053593432330634625
16	26	-0.005373438551491949
49	50	-0.00538483281475495
6	47	-0.005402527972460509
63	64	-0.005417765015136381
13	41	-0.005418163745097796
17	57	-0.005418590392852623
47	69	-0.005419534146408088
10	48	-0.005428722689669858
22	47	-0.005429865037072467
9	22	-0.0054513786180073465
13	18	-0.005457275346331212
47	48	-0.0054667771706552485
17	59	-0.005468072408437689
15	55	-0.005469986924932071
10	41	-0.0054768810056698885
36	43	-0.0054804671630655725
10	68	-0.005483600539378618
3	62	-0.005491847072386974
10	47	-0.005508520750057002
53	55	-0.005509950260135317
8	47	-0.005514466029194758
11	45	-0.005536836285540242
18	69	-0.005548681321718617
19	67	-0.005552081812780255
36	65	-0.005555959731039006
7	13	-0.005566786789384756
6	48	-0.0055759024841888615
8	16	-0.005581545693967792
47	62	-0.005601179313689351
49	60	-0.005601403750798475
36	60	-0.005611163326297756
50	51	-0.005613530755873241
29	43	-0.005614807940568127
61	67	-0.005626385222574549
40	66	-0.005630857537753695
11	47	-0.005635602342032593
6	29	-0.0056409143803866895
9	65	-0.005657453550524166
56	66	-0.005661134283630511
46	66	-0.0056991434315337534
11	44	-0.005716952099553261
6	65	-0.005724532103563516
19	61	-0.005754263771042551
17	63	-0.005771992552062032
43	57	-0.005772120971387454
51	63	-0.005779803160800214
18	65	-0.005799987081736035
16	57	-0.005815892186186289
49	61	-0.005816291564063391
18	61	-0.005827418325924612
13	53	-0.005835094616682808
47	51	-0.00584841547888993
10	15	-0.005857122991681245
43	50	-0.005912733548636897
4	45	-0.005926885973104437
3	60	-0.005935308507741585
6	19	-0.005936652093686365
46	62	-0.0059489217626195095
47	49	-0.005953049966827089
19	62	-0.005958902729644841
7	63	-0.005961959707115972
55	57	-0.005972974506062652
6	55	-0.005988319937281036
50	57	-0.005993117139455905
40	45	-0.005994620388539511
56	63	-0.005995675353046844
62	64	-0.0059980049980983665
40	63	-0.006034114177473236
38	65	-0.006044886669419338
15	63	-0.006045604350057437
6	57	-0.006048616218237512
49	59	-0.006052691918205456
50	52	-0.0060615045433773055
10	51	-0.006067967590546458
10	45	-0.006068683388183385
16	66	-0.006068903781513214
45	66	-0.006094368642301369
38	61	-0.006101043065741742
3	43	-0.006103120226773683
56	61	-0.006131929136185783
38	66	-0.006171757581996798
46	53	-0.006203026553541962
15	46	-0.006233071072483357
50	66	-0.006237874363280771
47	53	-0.006251312741564261
44	52	-0.006263192981785519
57	64	-0.006287354459463266
45	57	-0.006287542708792561
52	66	-0.0063034642345496696
18	63	-0.006303503627305644
53	63	-0.006356783175389834
10	62	-0.006364160530953594
51	68	-0.0063854292232992105
63	68	-0.006403313434671761
40	59	-0.0064097857148247075
16	49	-0.006479474761490513
9	62	-0.0064805054361579415
40	67	-0.00648628215191646
53	66	-0.006488744611654092
19	22	-0.006490802148794645
16	51	-0.006510125893862484
7	53	-0.00653437489014627
38	60	-0.006569213178236164
55	65	-0.0065729949267651095
22	55	-0.006574201614429436
15	56	-0.006597667956201232
45	69	-0.0066003128284708185
15	38	-0.006610372587107366
7	60	-0.006657646040113081
15	41	-0.006737799735830007
41	49	-0.006749682896932541
11	38	-0.006765668852513925
10	64	-0.0067790159589214555
11	68	-0.006786834572185787
13	61	-0.006792429991420483
4	11	-0.006795786541900771
54	62	-0.006828184047147115
46	51	-0.00683325647109418
17	65	-0.00684589098930208
60	66	-0.006987588896324302
54	66	-0.006988397700498039
19	52	-0.0070302787753092144
36	57	-0.007042143443511551
49	65	-0.007044863525556609
13	65	-0.007075838674167648
8	45	-0.007078030579468997
40	62	-0.007093300463889676
45	60	-0.007117305980623607
19	43	-0.007127521306308757
26	65	-0.007284011225115187
45	53	-0.007285070919681433
11	54	-0.007323226199994426
61	69	-0.007373776832281955
22	41	-0.007400441969318385
10	52	-0.0074247824410029915
7	51	-0.007519852122270333
60	69	-0.0075704965184644375
52	62	-0.007653065484865759
18	58	-0.0076568489680629665
51	60	-0.007664665772582106
11	49	-0.007679178401200207
40	51	-0.007703352073012573
7	43	-0.007737596600527061
64	66	-0.007836592660130145
3	65	-0.007876872136485155
6	64	-0.00788728203941701
50	67	-0.007907464368648302
15	57	-0.007939105942997071
61	65	-0.007973236822920123
8	52	-0.007978232528928179
6	53	-0.008000695157725366
43	65	-0.008009515201858091
15	51	-0.008088631680791186
9	49	-0.008160172824323682
57	60	-0.008198067070306396
51	53	-0.008224135569135399
63	67	-0.008362850681279873
15	66	-0.008540189500721357
41	52	-0.0085572353738903
45	49	-0.008614149196812033
7	40	-0.00881288653823489
7	66	-0.008936213444215283
13	60	-0.008988022182598197
40	65	-0.009007200456478157
13	40	-0.009076183765220477
45	62	-0.009111058997640243
43	64	-0.009222102998208527
43	61	-0.009247793878554662
13	45	-0.00929662521931083
49	64	-0.009306963571659808
53	60	-0.009338247259890367
52	64	-0.009436712397330304
15	45	-0.009473344021471049
15	53	-0.009504885697901309
43	45	-0.009530069979896283
15	61	-0.009571678686508359
6	52	-0.009615924154088053
13	58	-0.009894540751803207
15	52	-0.00989509168876505
54	67	-0.009901362898185417
54	60	-0.00990592114454894
52	60	-0.00998570079606779
7	67	-0.010123430586178477
6	51	-0.010320056880522713
6	45	-0.010798358200743744
51	54	-0.010956482110804786
7	52	-0.010966594052020318
51	52	-0.011733473693458603
58	69	-0.013413093764530147
