#====================================================================================================
# This result is computed using mean-field DCA
# The first and second columns are site pairs. The third column represents interaction score
#====================================================================================================
1	22	0.24686709533006293
3	20	0.2111854616804574
2	21	0.19170797263954306
9	12	0.12442062128955589
23	24	0.09755934510188999
14	16	0.08988725743537074
12	16	0.08332596397378114
11	12	0.05867715630094197
9	10	0.05183020519102645
15	16	0.042546186017299537
13	34	0.04239566131771374
9	11	0.042097958905965106
11	13	0.0402634637979017
1	23	0.037971540463769965
2	32	0.032798610350229726
21	32	0.03279861035022916
9	15	0.03205397777844568
7	32	0.03182757785121834
10	32	0.030551372697989854
15	34	0.02627519945995376
13	15	0.02430055068720818
9	16	0.02331212382658738
12	14	0.023215400708049776
13	14	0.02151133552638554
10	24	0.019711824563332474
7	26	0.019414768327348078
15	32	0.018181077276452587
11	20	0.018160830325615364
3	11	0.018160830325614864
16	17	0.016502653674154315
7	14	0.015555643991521765
9	14	0.015210802720013048
10	13	0.013389144921499199
24	26	0.011880191564303236
15	17	0.011813759512008533
11	23	0.011338240303803954
21	26	0.011324305430494038
2	26	0.011324305430493948
9	34	0.01119863724241156
14	32	0.009958454680141017
9	23	0.00995088263108114
13	16	0.009205368469960125
3	21	0.008686840035423284
20	21	0.008686840035423186
2	3	0.008686840035423173
2	20	0.008686840035422985
4	31	0.008408305888888627
4	28	0.00840830588888855
4	19	0.00840830588888853
4	18	0.008408305888888527
4	29	0.008408305888888462
4	27	0.00840830588888845
4	25	0.008408305888888442
25	29	0.008408305888888402
8	27	0.008408305888888388
6	18	0.008408305888888372
19	30	0.00840830588888836
5	27	0.008408305888888346
4	33	0.008408305888888329
5	31	0.008408305888888327
6	19	0.008408305888888322
6	27	0.008408305888888292
25	33	0.00840830588888829
8	29	0.008408305888888287
6	33	0.008408305888888284
19	27	0.008408305888888277
6	31	0.008408305888888273
19	25	0.00840830588888827
30	33	0.00840830588888827
5	28	0.00840830588888827
6	29	0.008408305888888266
28	33	0.008408305888888266
27	29	0.00840830588888826
25	30	0.00840830588888826
6	28	0.008408305888888258
19	29	0.008408305888888233
28	29	0.008408305888888221
8	33	0.00840830588888822
29	30	0.008408305888888211
6	25	0.008408305888888195
5	18	0.008408305888888195
19	33	0.008408305888888194
31	33	0.008408305888888188
27	33	0.008408305888888181
18	29	0.008408305888888166
5	25	0.008408305888888166
8	25	0.008408305888888152
8	18	0.008408305888888148
18	27	0.008408305888888135
8	19	0.008408305888888126
5	33	0.00840830588888812
8	30	0.008408305888888114
6	30	0.008408305888888107
5	29	0.0084083058888881
18	19	0.008408305888888091
5	19	0.008408305888888086
25	27	0.00840830588888808
18	25	0.008408305888888062
4	30	0.008408305888888036
8	28	0.008408305888888025
18	33	0.00840830588888801
4	6	0.008408305888887987
29	31	0.008408305888887987
19	31	0.008408305888887956
8	31	0.008408305888887956
28	31	0.008408305888887944
18	30	0.008408305888887921
5	8	0.008408305888887899
5	6	0.008408305888887892
6	8	0.00840830588888789
25	31	0.00840830588888785
4	5	0.008408305888887845
27	28	0.00840830588888783
30	31	0.00840830588888783
4	8	0.008408305888887817
5	30	0.008408305888887817
29	33	0.008408305888887798
25	28	0.008408305888887782
18	31	0.008408305888887762
19	28	0.008408305888887736
18	28	0.008408305888887732
27	31	0.008408305888887697
27	30	0.008408305888887654
28	30	0.00840830588888761
10	15	0.008379540261195861
11	22	0.008124132509683364
10	34	0.007904402664663232
26	32	0.007612645099831209
13	26	0.0068427230203399695
22	24	0.00674893556403669
20	22	0.006075026189687763
3	22	0.006075026189687575
22	23	0.00572917341195742
7	21	0.005312816997178978
2	7	0.005312816997178522
10	11	0.004935943471124048
13	24	0.004769564284660091
7	16	0.00448380019786433
7	17	0.004456062648789435
10	12	0.004423297034955843
21	23	0.004021117213120443
2	23	0.004021117213120262
32	34	0.003916888547662357
17	18	0.0038606160254536885
17	19	0.0038606160254536876
17	29	0.0038606160254535593
6	17	0.003860616025453489
17	28	0.003860616025453484
17	33	0.0038606160254534647
17	27	0.003860616025453464
17	31	0.003860616025453453
17	25	0.003860616025453443
5	17	0.0038606160254533958
17	30	0.003860616025453312
8	17	0.003860616025453277
4	17	0.0038606160254532037
12	15	0.0038335765867037776
20	26	0.0026177939126035485
3	26	0.002617793912603184
15	24	0.0024487831185370547
20	23	0.002331747179112595
3	23	0.0023317471791125047
14	15	0.0019771022973528816
1	20	0.0019581737333980095
1	3	0.0019581737333975377
10	22	0.0018257297912518226
11	34	0.0013730440856579637
17	32	0.0007738127300915458
7	15	0.00037566196739408086
17	26	0.000348593939089056
1	34	0.0003257197587858557
14	17	0.00028756181149518396
7	18	0.00012399894089913134
7	33	0.00012399894089908797
7	30	0.000123998940899042
7	27	0.00012399894089902812
7	28	0.00012399894089899733
4	7	0.00012399894089896914
7	31	0.00012399894089893575
7	29	0.0001239989408989301
7	19	0.00012399894089889542
6	7	0.00012399894089888718
7	25	0.00012399894089888674
7	8	0.000123998940898872
5	7	0.0001239989408987779
25	26	7.090896511642401e-05
19	26	7.09089651161187e-05
26	31	7.090896511597906e-05
26	27	7.090896511594436e-05
26	33	7.090896511591834e-05
26	29	7.09089651159088e-05
8	26	7.090896511590013e-05
18	26	7.090896511589059e-05
26	30	7.090896511580212e-05
5	26	7.09089651157813e-05
6	26	7.090896511571798e-05
26	28	7.090896511571538e-05
4	26	7.09089651155367e-05
10	26	-0.00071936012439364
15	23	-0.0008164644048437968
7	10	-0.000895198033828027
31	34	-0.0010766531931106914
5	34	-0.0010766531931107083
30	34	-0.0010766531931108983
19	34	-0.0010766531931109295
18	34	-0.0010766531931109312
28	34	-0.0010766531931109356
25	34	-0.0010766531931109859
27	34	-0.0010766531931110084
4	34	-0.0010766531931110158
6	34	-0.0010766531931110414
33	34	-0.0010766531931110527
8	34	-0.0010766531931110566
29	34	-0.0010766531931110839
15	22	-0.0010774989353752214
14	26	-0.0015661382846870924
9	13	-0.0017087135885826416
23	34	-0.001790667075554888
16	32	-0.0019756630926855007
21	24	-0.002000106158803871
2	24	-0.002000106158804131
3	24	-0.002357948652574226
20	24	-0.0023579486525744965
17	34	-0.002869446047426905
12	20	-0.0028892633278434082
3	12	-0.0028892633278437482
24	31	-0.0030777400904746025
24	33	-0.003077740090474748
24	28	-0.0030777400904748106
24	25	-0.0030777400904748115
24	27	-0.0030777400904748436
24	29	-0.003077740090474892
18	24	-0.0030777400904749832
19	24	-0.0030777400904750413
8	24	-0.003077740090475249
6	24	-0.0030777400904753267
24	30	-0.0030777400904753683
5	24	-0.0030777400904754455
4	24	-0.003077740090475486
20	34	-0.003211771101073173
3	34	-0.0032117711010734764
13	32	-0.003317003326476378
14	34	-0.003531817315810238
5	32	-0.0036688279760381587
8	32	-0.0036688279760382046
28	32	-0.0036688279760382345
31	32	-0.0036688279760382536
30	32	-0.003668827976038284
27	32	-0.003668827976038317
29	32	-0.00366882797603835
32	33	-0.0036688279760383542
6	32	-0.0036688279760383547
19	32	-0.0036688279760383673
25	32	-0.003668827976038382
4	32	-0.0036688279760384865
18	32	-0.0036688279760386322
13	17	-0.003925250912170105
17	24	-0.0040071819642964026
22	34	-0.004263349188718358
13	30	-0.0043795638438019185
8	13	-0.0043795638438021405
5	13	-0.004379563843802157
13	18	-0.004379563843802242
6	13	-0.00437956384380226
13	33	-0.004379563843802284
13	19	-0.004379563843802308
13	28	-0.004379563843802323
13	31	-0.004379563843802332
13	27	-0.0043795638438023435
13	25	-0.004379563843802359
13	29	-0.004379563843802385
4	13	-0.004379563843802387
7	13	-0.004425670489402098
10	30	-0.004461022403808763
10	18	-0.004461022403808896
8	10	-0.004461022403808898
10	31	-0.004461022403808936
5	10	-0.0044610224038090255
6	10	-0.004461022403809096
10	28	-0.004461022403809112
10	19	-0.004461022403809138
10	33	-0.004461022403809151
4	10	-0.004461022403809169
10	25	-0.00446102240380918
10	27	-0.004461022403809247
10	29	-0.0044610224038092615
10	17	-0.004508257590288969
26	34	-0.004630295407825097
9	26	-0.004901532898492867
8	14	-0.004945629782731564
6	14	-0.004945629782731725
5	14	-0.004945629782731746
14	30	-0.004945629782731754
4	14	-0.004945629782731827
14	27	-0.004945629782732006
14	25	-0.004945629782732037
14	29	-0.00494562978273204
14	18	-0.0049456297827321916
14	31	-0.004945629782732212
14	28	-0.004945629782732238
14	33	-0.0049456297827322575
14	19	-0.00494562978273235
14	24	-0.005043226629159299
3	7	-0.005149007570356374
7	20	-0.0051490075703565265
18	23	-0.005233919140783957
23	30	-0.005233919140784026
23	29	-0.005233919140784086
23	27	-0.005233919140784099
8	23	-0.0052339191407841535
23	33	-0.0052339191407841665
4	23	-0.005233919140784199
23	25	-0.005233919140784208
23	31	-0.00523391914078421
5	23	-0.00523391914078424
23	28	-0.005233919140784266
19	23	-0.005233919140784301
6	23	-0.00523391914078441
5	11	-0.005269300186821488
11	25	-0.005269300186821497
11	27	-0.005269300186821502
11	29	-0.005269300186821566
11	18	-0.005269300186821587
6	11	-0.005269300186821618
11	33	-0.00526930018682166
4	11	-0.00526930018682167
11	19	-0.005269300186821676
8	11	-0.0052693001868216885
11	28	-0.005269300186821713
11	31	-0.0052693001868217414
11	30	-0.005269300186821781
15	21	-0.0055234878339414616
2	15	-0.0055234878339415
7	34	-0.0056139106220416185
9	24	-0.0057079975420452934
1	32	-0.005789953892032906
1	30	-0.005875036266605302
1	28	-0.005875036266605522
1	6	-0.005875036266605567
1	31	-0.0058750362666056145
1	18	-0.005875036266605642
1	19	-0.00587503626660578
1	27	-0.0058750362666057845
1	5	-0.0058750362666058036
1	4	-0.005875036266605816
1	25	-0.005875036266605848
1	29	-0.00587503626660585
1	8	-0.005875036266605909
1	33	-0.005875036266605918
17	21	-0.0059045279433742395
2	17	-0.005904527943374512
17	23	-0.00594568048613432
1	17	-0.005953695543607181
14	23	-0.006220017396185051
15	26	-0.0062944607412027485
2	10	-0.0063496688461776585
10	21	-0.0063496688461777435
24	34	-0.0064388922421225936
22	30	-0.006491756075222932
22	28	-0.006491756075222954
8	22	-0.006491756075222987
22	31	-0.0064917560752230236
22	33	-0.006491756075223053
22	27	-0.006491756075223067
22	29	-0.006491756075223124
22	25	-0.006491756075223157
6	22	-0.00649175607522318
19	22	-0.006491756075223185
5	22	-0.006491756075223215
18	22	-0.006491756075223223
4	22	-0.006491756075223333
5	16	-0.006515978177379493
4	16	-0.006515978177379586
8	16	-0.006515978177379603
16	30	-0.006515978177379613
16	28	-0.0065159781773797155
16	31	-0.00651597817737974
6	16	-0.0065159781773797545
16	19	-0.006515978177379901
16	33	-0.006515978177379977
16	18	-0.006515978177379985
16	27	-0.006515978177380005
16	29	-0.006515978177380039
16	25	-0.00651597817738008
11	15	-0.006545195335833299
2	29	-0.006565336042845775
21	31	-0.006565336042845775
2	27	-0.006565336042845782
19	21	-0.006565336042845794
21	28	-0.0065653360428458065
2	33	-0.0065653360428458395
2	28	-0.0065653360428458585
2	8	-0.006565336042845871
2	4	-0.006565336042845876
2	18	-0.006565336042845877
2	5	-0.00656533604284588
2	30	-0.006565336042845897
2	6	-0.006565336042845931
2	19	-0.006565336042845935
2	25	-0.006565336042845947
18	21	-0.006565336042845968
6	21	-0.006565336042845985
21	27	-0.006565336042846009
5	21	-0.006565336042846023
21	33	-0.00656533604284605
4	21	-0.006565336042846064
21	29	-0.0065653360428460815
2	31	-0.006565336042846094
21	25	-0.006565336042846125
21	30	-0.006565336042846153
8	21	-0.006565336042846174
17	22	-0.0065843137749688075
10	14	-0.006696310023307605
7	24	-0.0067625869269064675
11	17	-0.006926292219775504
7	23	-0.00704863458471589
7	12	-0.007173355356472408
12	17	-0.007270248766944241
23	26	-0.0073461309578753825
1	7	-0.007550163706729594
12	26	-0.007552240558043245
24	32	-0.007611250738248414
12	18	-0.007651888645241781
8	12	-0.0076518886452417965
12	27	-0.0076518886452418035
12	31	-0.007651888645241819
12	28	-0.007651888645241845
5	12	-0.0076518886452418555
12	25	-0.007651888645241928
6	12	-0.007651888645241945
12	19	-0.007651888645241963
12	33	-0.007651888645241974
12	29	-0.007651888645241993
12	30	-0.007651888645242259
4	12	-0.007651888645242263
15	30	-0.007726580165217184
15	28	-0.007726580165217201
15	18	-0.007726580165217252
5	15	-0.007726580165217276
15	33	-0.007726580165217294
8	15	-0.007726580165217301
6	15	-0.007726580165217318
4	15	-0.007726580165217359
15	27	-0.007726580165217362
15	19	-0.007726580165217364
15	25	-0.007726580165217399
15	29	-0.007726580165217402
15	31	-0.007726580165217458
1	11	-0.007773949555402976
5	9	-0.007814080268736697
6	9	-0.007814080268736713
9	31	-0.007814080268736746
9	18	-0.007814080268736753
8	9	-0.00781408026873677
9	30	-0.007814080268736812
9	28	-0.007814080268736834
9	19	-0.007814080268736923
4	9	-0.007814080268736978
9	33	-0.00781408026873706
9	29	-0.007814080268737068
9	27	-0.007814080268737091
9	25	-0.007814080268737101
16	26	-0.007900368652446936
11	24	-0.007957308067235448
9	17	-0.008292447179600664
3	16	-0.008708892935980421
16	20	-0.008708892935980598
7	22	-0.008777451080569453
12	13	-0.009171319802437598
10	20	-0.009318476917164543
3	10	-0.009318476917164817
22	32	-0.009482248678228968
3	17	-0.009522321395903277
17	20	-0.009522321395903314
3	13	-0.009782469858476903
13	20	-0.009782469858477135
11	26	-0.010167692375169828
1	15	-0.010170853090990646
3	28	-0.010208751736264428
3	30	-0.010208751736264473
20	28	-0.010208751736264527
3	31	-0.010208751736264619
3	25	-0.010208751736264692
3	29	-0.010208751736264728
3	5	-0.010208751736264758
3	33	-0.01020875173626476
20	31	-0.01020875173626477
3	27	-0.01020875173626479
8	20	-0.01020875173626479
4	20	-0.010208751736264794
3	18	-0.010208751736264855
20	30	-0.010208751736264855
3	19	-0.010208751736264888
3	6	-0.010208751736264893
3	8	-0.010208751736264897
20	27	-0.0102087517362649
20	29	-0.010208751736264905
20	33	-0.010208751736264916
3	4	-0.010208751736264954
20	25	-0.010208751736264954
5	20	-0.01020875173626496
19	20	-0.010208751736264978
18	20	-0.01020875173626502
6	20	-0.010208751736265042
12	34	-0.010257084884262267
14	21	-0.010260910095820558
2	14	-0.010260910095820724
13	21	-0.010576650423636877
2	13	-0.010576650423637257
13	23	-0.010731188323785602
13	22	-0.010795329885897605
10	23	-0.011258804914475678
20	32	-0.01128651912611783
3	32	-0.011286519126118149
16	34	-0.01149361811005652
1	21	-0.011814641387012378
1	2	-0.011814641387012388
21	34	-0.011953313148173878
2	34	-0.011953313148174006
7	11	-0.012047303187228792
11	16	-0.012515300537495996
1	26	-0.0125821786689371
9	20	-0.012647636212176197
3	9	-0.01264763621217636
22	26	-0.013029368254593499
11	32	-0.013177958669284657
3	14	-0.013234857338389364
14	20	-0.013234857338389437
1	10	-0.013323053631540393
11	14	-0.013446484800833193
23	32	-0.013518746739194176
1	24	-0.014289541660981939
10	16	-0.015190310082105973
16	24	-0.015457200859764752
1	14	-0.0154658035394757
15	20	-0.015557126077176367
3	15	-0.015557126077176613
14	22	-0.01565217447412861
12	32	-0.0168721097576458
16	23	-0.01696900752226277
2	11	-0.017444165268582487
11	21	-0.017444165268582695
1	13	-0.01846484952323263
12	21	-0.018815903730388363
2	12	-0.01881590373038842
12	23	-0.01949906939055425
12	24	-0.019627389838278782
16	21	-0.019769440340455705
2	16	-0.019769440340455777
7	9	-0.020099340394279956
1	16	-0.020629756203948323
16	22	-0.020796502046075988
12	22	-0.020868682799000456
2	22	-0.02361511237090519
21	22	-0.023615112370905307
9	21	-0.023620449450458995
2	9	-0.023620449450459026
1	12	-0.023665613205823013
1	9	-0.023776240853223527
9	32	-0.025941872931617545
9	22	-0.02794294983480284
