#====================================================================================================
# This result is computed using mean-field DCA
# The first and second columns are site pairs. The third column represents interaction score
#====================================================================================================
41	50	0.0049261194052053715
43	48	0.0042012724896031165
47	51	0.004201272489603103
44	48	0.004201272489603085
45	48	0.004201272489603082
35	48	0.00420127248960298
46	48	0.0042012724896029795
47	48	0.004201272489602972
38	46	0.004201272489602951
38	45	0.004201272489602924
38	51	0.004201272489602917
36	48	0.00420127248960289
45	49	0.004201272489602883
42	45	0.004201272489602859
35	43	0.004201272489602839
42	43	0.004201272489602828
36	51	0.004201272489602826
38	48	0.004201272489602824
36	43	0.0042012724896028225
4	5	0.0042012724896028225
1	43	0.004201272489602791
44	49	0.00420127248960279
46	49	0.004201272489602785
44	45	0.004201272489602784
46	47	0.004201272489602782
46	51	0.004201272489602781
1	2	0.0042012724896027765
37	48	0.004201272489602769
1	36	0.004201272489602766
3	5	0.004201272489602763
42	48	0.004201272489602756
42	46	0.004201272489602746
1	48	0.004201272489602739
42	49	0.004201272489602727
44	46	0.004201272489602726
42	44	0.004201272489602725
42	47	0.004201272489602724
45	47	0.004201272489602724
38	52	0.004201272489602714
1	38	0.004201272489602712
35	36	0.0042012724896027115
2	43	0.004201272489602711
44	47	0.004201272489602709
35	47	0.004201272489602707
38	49	0.004201272489602707
35	42	0.004201272489602705
38	44	0.0042012724896027046
38	47	0.004201272489602704
38	42	0.004201272489602702
43	49	0.004201272489602702
43	44	0.0042012724896027
49	52	0.0042012724896026985
43	45	0.004201272489602697
2	3	0.004201272489602697
35	37	0.004201272489602697
37	38	0.004201272489602695
36	52	0.004201272489602695
42	52	0.004201272489602693
45	52	0.004201272489602693
49	51	0.004201272489602692
42	51	0.004201272489602687
45	51	0.004201272489602687
43	52	0.004201272489602687
43	47	0.004201272489602684
43	51	0.004201272489602681
35	45	0.004201272489602679
1	3	0.004201272489602675
37	43	0.004201272489602661
1	52	0.004201272489602653
37	52	0.004201272489602648
1	51	0.004201272489602647
37	49	0.004201272489602643
37	51	0.004201272489602642
2	37	0.004201272489602641
37	44	0.00420127248960264
37	47	0.0042012724896026395
2	49	0.004201272489602637
37	45	0.004201272489602637
2	44	0.004201272489602634
2	47	0.004201272489602633
2	46	0.004201272489602619
2	45	0.004201272489602609
36	38	0.0042012724896026065
2	4	0.004201272489602602
36	42	0.004201272489602596
35	49	0.004201272489602595
35	44	0.004201272489602593
2	48	0.004201272489602588
2	5	0.004201272489602576
3	37	0.004201272489602575
1	35	0.004201272489602567
1	46	0.004201272489602567
5	51	0.004201272489602566
5	36	0.004201272489602563
38	43	0.004201272489602561
2	42	0.004201272489602557
36	49	0.004201272489602556
36	44	0.004201272489602552
36	47	0.004201272489602551
37	42	0.004201272489602551
36	45	0.00420127248960255
3	36	0.004201272489602549
35	46	0.004201272489602543
3	43	0.004201272489602542
51	52	0.004201272489602528
1	5	0.004201272489602525
1	45	0.004201272489602525
4	43	0.0042012724896025215
5	49	0.00420127248960252
5	44	0.004201272489602517
5	47	0.004201272489602516
5	42	0.004201272489602515
5	45	0.004201272489602514
3	46	0.00420127248960251
3	4	0.004201272489602505
1	37	0.004201272489602503
3	49	0.004201272489602503
37	46	0.004201272489602503
1	49	0.004201272489602499
1	44	0.004201272489602496
3	44	0.004201272489602496
1	47	0.0042012724896024955
3	47	0.004201272489602495
1	42	0.004201272489602494
3	42	0.004201272489602494
3	45	0.004201272489602493
46	52	0.004201272489602489
2	38	0.004201272489602476
36	46	0.004201272489602472
5	46	0.004201272489602466
3	52	0.0042012724896024626
3	51	0.0042012724896024565
4	49	0.004201272489602456
4	44	0.004201272489602453
4	47	0.004201272489602452
3	38	0.00420127248960245
4	42	0.00420127248960245
4	45	0.0042012724896024495
44	51	0.004201272489602446
1	4	0.004201272489602441
2	35	0.004201272489602436
2	36	0.004201272489602435
4	38	0.004201272489602424
3	48	0.004201272489602423
3	35	0.004201272489602422
5	37	0.0042012724896024175
4	35	0.004201272489602409
2	52	0.0042012724896024044
2	51	0.0042012724896023845
35	52	0.0042012724896023776
35	51	0.0042012724896023715
4	52	0.004201272489602361
4	37	0.004201272489602358
4	51	0.004201272489602355
4	48	0.004201272489602348
5	52	0.0042012724896023385
4	36	0.004201272489602338
5	35	0.004201272489602313
5	38	0.004201272489602311
36	37	0.004201272489602287
4	46	0.004201272489602278
5	43	0.004201272489602261
35	38	0.0042012724896022535
5	48	0.004201272489602233
47	52	0.004201272489602146
48	52	0.004201272489602142
48	51	0.004201272489602135
48	49	0.004201272489602135
43	46	0.004201272489602132
47	49	0.004201272489602127
45	46	0.004201272489602055
44	52	0.004201272489601962
13	29	0.0015718277780269706
18	28	0.001571827778026967
14	18	0.0015718277780269602
13	31	0.0015718277780269463
7	55	0.0015718277780269393
13	34	0.0015718277780269359
13	39	0.0015718277780269324
22	28	0.0015718277780269324
7	26	0.001571827778026922
14	15	0.001571827778026915
9	18	0.001571827778026915
6	26	0.001571827778026915
14	23	0.0015718277780269116
11	33	0.0015718277780269116
10	28	0.0015718277780269047
22	24	0.0015718277780269012
8	20	0.0015718277780269012
8	26	0.0015718277780268977
11	34	0.0015718277780268977
14	20	0.0015718277780268942
11	24	0.0015718277780268942
7	17	0.0015718277780268908
8	22	0.0015718277780268908
9	24	0.0015718277780268873
11	30	0.0015718277780268838
9	20	0.0015718277780268838
10	15	0.0015718277780268838
14	31	0.0015718277780268804
6	27	0.0015718277780268804
12	26	0.0015718277780268804
16	23	0.001571827778026877
11	40	0.001571827778026877
8	53	0.0015718277780268734
14	16	0.0015718277780268734
10	34	0.0015718277780268734
10	26	0.0015718277780268734
13	30	0.00157182777802687
22	26	0.00157182777802687
12	15	0.00157182777802687
7	53	0.0015718277780268665
6	40	0.0015718277780268665
10	40	0.0015718277780268665
7	22	0.0015718277780268665
14	30	0.001571827778026863
16	28	0.001571827778026863
8	23	0.0015718277780268596
24	28	0.0015718277780268596
8	28	0.0015718277780268596
12	39	0.0015718277780268596
8	27	0.001571827778026856
19	28	0.001571827778026856
6	39	0.001571827778026856
7	33	0.001571827778026856
6	28	0.001571827778026856
14	54	0.0015718277780268526
26	27	0.0015718277780268526
7	27	0.0015718277780268526
8	18	0.0015718277780268526
6	18	0.0015718277780268526
13	32	0.0015718277780268491
39	40	0.0015718277780268491
19	24	0.0015718277780268491
22	25	0.0015718277780268457
22	23	0.0015718277780268457
9	28	0.0015718277780268457
7	28	0.0015718277780268457
11	39	0.0015718277780268422
6	24	0.0015718277780268422
12	40	0.0015718277780268422
6	53	0.0015718277780268387
12	27	0.0015718277780268387
11	18	0.0015718277780268353
22	27	0.0015718277780268318
14	24	0.0015718277780268318
6	22	0.0015718277780268318
6	55	0.0015718277780268283
19	27	0.0015718277780268283
9	17	0.0015718277780268283
14	17	0.0015718277780268283
8	15	0.0015718277780268283
10	12	0.0015718277780268283
8	21	0.0015718277780268249
10	53	0.0015718277780268249
14	40	0.0015718277780268249
6	31	0.0015718277780268249
8	34	0.0015718277780268249
26	28	0.0015718277780268249
7	20	0.0015718277780268249
12	34	0.0015718277780268249
11	17	0.0015718277780268214
10	33	0.0015718277780268214
11	22	0.0015718277780268214
9	39	0.001571827778026818
10	30	0.001571827778026818
6	15	0.001571827778026818
6	19	0.001571827778026818
10	39	0.001571827778026818
12	28	0.001571827778026818
13	54	0.0015718277780268144
14	32	0.0015718277780268144
16	27	0.0015718277780268144
10	31	0.0015718277780268144
33	39	0.001571827778026811
9	40	0.001571827778026811
16	19	0.001571827778026811
9	15	0.001571827778026811
16	18	0.001571827778026811
7	15	0.001571827778026811
6	17	0.0015718277780268075
7	23	0.0015718277780268075
8	19	0.0015718277780268075
11	16	0.0015718277780268075
17	28	0.001571827778026804
7	19	0.001571827778026804
11	28	0.001571827778026804
11	53	0.0015718277780268006
6	16	0.0015718277780268006
18	24	0.0015718277780268006
10	24	0.0015718277780268006
11	26	0.001571827778026797
11	15	0.001571827778026797
34	40	0.0015718277780267936
19	23	0.0015718277780267936
14	34	0.0015718277780267936
6	23	0.0015718277780267936
12	32	0.0015718277780267936
33	34	0.0015718277780267902
8	17	0.0015718277780267902
12	24	0.0015718277780267902
9	27	0.0015718277780267867
8	40	0.0015718277780267867
19	22	0.0015718277780267867
11	31	0.0015718277780267832
7	34	0.0015718277780267832
12	29	0.0015718277780267832
12	33	0.0015718277780267832
21	30	0.0015718277780267763
12	55	0.0015718277780267763
19	26	0.0015718277780267763
8	16	0.0015718277780267763
12	31	0.0015718277780267763
10	20	0.0015718277780267763
10	18	0.0015718277780267763
34	39	0.0015718277780267728
11	29	0.0015718277780267728
16	20	0.0015718277780267728
21	39	0.0015718277780267693
8	25	0.0015718277780267693
8	24	0.0015718277780267693
10	19	0.0015718277780267693
10	22	0.0015718277780267693
21	31	0.0015718277780267659
7	32	0.0015718277780267659
9	33	0.0015718277780267659
13	33	0.0015718277780267659
7	16	0.0015718277780267659
10	16	0.0015718277780267659
7	18	0.0015718277780267659
13	19	0.0015718277780267624
13	24	0.0015718277780267624
17	18	0.0015718277780267624
19	20	0.0015718277780267624
11	20	0.0015718277780267624
33	40	0.0015718277780267555
6	25	0.0015718277780267555
13	40	0.0015718277780267555
10	29	0.0015718277780267555
13	26	0.0015718277780267555
8	33	0.0015718277780267555
7	40	0.0015718277780267555
13	28	0.0015718277780267555
20	28	0.0015718277780267555
12	23	0.0015718277780267555
8	29	0.001571827778026752
9	26	0.001571827778026752
9	22	0.001571827778026752
9	32	0.0015718277780267485
9	25	0.0015718277780267485
16	22	0.0015718277780267485
7	24	0.0015718277780267485
11	21	0.001571827778026745
15	33	0.001571827778026745
7	29	0.001571827778026745
8	39	0.001571827778026745
10	23	0.001571827778026745
12	30	0.001571827778026745
20	22	0.001571827778026745
9	53	0.0015718277780267416
10	55	0.0015718277780267416
15	22	0.0015718277780267416
7	39	0.0015718277780267416
12	22	0.0015718277780267416
8	55	0.0015718277780267381
9	29	0.0015718277780267381
24	26	0.0015718277780267381
10	27	0.0015718277780267381
39	54	0.0015718277780267347
16	25	0.0015718277780267347
18	21	0.0015718277780267347
6	30	0.0015718277780267347
6	20	0.0015718277780267347
10	11	0.0015718277780267347
9	31	0.0015718277780267312
9	23	0.0015718277780267312
15	34	0.0015718277780267312
11	25	0.0015718277780267312
13	22	0.0015718277780267312
19	25	0.0015718277780267277
10	54	0.0015718277780267277
15	39	0.0015718277780267277
11	27	0.0015718277780267277
12	25	0.0015718277780267277
11	12	0.0015718277780267277
11	32	0.0015718277780267242
26	33	0.0015718277780267242
12	53	0.0015718277780267242
12	54	0.0015718277780267242
18	20	0.0015718277780267242
17	27	0.0015718277780267208
11	54	0.0015718277780267208
13	27	0.0015718277780267208
6	29	0.0015718277780267208
18	26	0.0015718277780267208
13	18	0.0015718277780267208
12	16	0.0015718277780267208
12	19	0.0015718277780267208
40	54	0.0015718277780267173
8	31	0.0015718277780267173
11	23	0.0015718277780267173
18	22	0.0015718277780267173
12	17	0.0015718277780267173
12	13	0.0015718277780267173
12	20	0.0015718277780267173
12	18	0.0015718277780267173
9	21	0.0015718277780267138
11	55	0.0015718277780267138
20	26	0.0015718277780267138
15	18	0.0015718277780267138
11	19	0.0015718277780267138
15	32	0.0015718277780267104
9	34	0.0015718277780267104
10	32	0.0015718277780267104
15	28	0.0015718277780267104
8	32	0.001571827778026707
15	16	0.001571827778026707
7	31	0.001571827778026707
13	55	0.0015718277780267034
17	33	0.0015718277780267034
14	33	0.0015718277780267034
26	31	0.0015718277780267
6	33	0.0015718277780267
6	32	0.0015718277780266965
9	19	0.0015718277780266965
12	14	0.0015718277780266965
17	25	0.001571827778026693
15	40	0.001571827778026693
7	30	0.001571827778026693
13	16	0.001571827778026693
20	24	0.001571827778026693
18	19	0.001571827778026693
14	21	0.0015718277780266895
24	25	0.0015718277780266895
7	54	0.0015718277780266895
17	40	0.0015718277780266895
17	24	0.0015718277780266895
9	30	0.001571827778026686
17	23	0.001571827778026686
27	28	0.001571827778026686
15	19	0.001571827778026686
15	20	0.0015718277780266826
21	29	0.0015718277780266791
17	21	0.0015718277780266791
21	22	0.0015718277780266791
10	25	0.0015718277780266791
15	24	0.0015718277780266791
25	31	0.0015718277780266757
31	40	0.0015718277780266757
15	29	0.0015718277780266757
18	25	0.0015718277780266757
6	34	0.0015718277780266757
29	55	0.0015718277780266722
10	21	0.0015718277780266722
9	16	0.0015718277780266722
23	28	0.0015718277780266722
32	55	0.0015718277780266687
30	55	0.0015718277780266687
15	30	0.0015718277780266687
6	54	0.0015718277780266687
17	39	0.0015718277780266687
8	30	0.0015718277780266687
15	23	0.0015718277780266687
21	32	0.0015718277780266653
34	54	0.0015718277780266653
16	21	0.0015718277780266653
6	21	0.0015718277780266653
25	29	0.0015718277780266618
17	31	0.0015718277780266618
25	34	0.0015718277780266583
29	39	0.0015718277780266583
7	21	0.0015718277780266583
7	25	0.0015718277780266583
40	53	0.0015718277780266549
13	20	0.0015718277780266549
14	55	0.0015718277780266514
9	54	0.0015718277780266514
13	53	0.0015718277780266514
13	25	0.0015718277780266514
31	39	0.0015718277780266514
18	27	0.0015718277780266514
15	31	0.001571827778026648
20	23	0.001571827778026648
15	26	0.001571827778026648
14	28	0.001571827778026648
10	14	0.001571827778026648
19	21	0.0015718277780266444
17	34	0.0015718277780266444
17	20	0.0015718277780266444
33	54	0.001571827778026641
16	26	0.001571827778026641
21	28	0.0015718277780266375
31	33	0.001571827778026634
13	15	0.001571827778026634
10	17	0.001571827778026634
14	53	0.0015718277780266306
20	27	0.0015718277780266306
14	19	0.0015718277780266306
18	23	0.0015718277780266306
9	55	0.001571827778026627
11	14	0.001571827778026627
21	34	0.0015718277780266236
39	53	0.0015718277780266236
17	32	0.0015718277780266236
14	25	0.0015718277780266236
23	26	0.0015718277780266236
20	25	0.0015718277780266202
26	40	0.0015718277780266202
6	12	0.0015718277780266202
8	54	0.0015718277780266167
26	29	0.0015718277780266167
16	17	0.0015718277780266167
14	27	0.0015718277780266167
17	26	0.0015718277780266167
13	17	0.0015718277780266167
32	53	0.0015718277780266132
29	30	0.0015718277780266132
25	39	0.0015718277780266132
31	34	0.0015718277780266132
40	55	0.0015718277780266098
15	55	0.0015718277780266098
23	25	0.0015718277780266098
32	33	0.0015718277780266098
23	24	0.0015718277780266098
14	22	0.0015718277780266098
53	55	0.0015718277780266063
30	32	0.0015718277780266063
13	14	0.0015718277780266063
17	54	0.0015718277780266028
20	40	0.0015718277780266028
21	40	0.0015718277780265993
21	24	0.0015718277780265993
25	40	0.0015718277780265993
20	21	0.0015718277780265959
25	27	0.0015718277780265924
15	54	0.0015718277780265924
32	39	0.0015718277780265924
17	30	0.0015718277780265924
24	27	0.0015718277780265924
26	39	0.001571827778026589
20	34	0.001571827778026589
16	24	0.001571827778026589
11	13	0.001571827778026589
30	34	0.0015718277780265855
30	40	0.0015718277780265855
14	39	0.0015718277780265855
30	31	0.001571827778026582
21	26	0.001571827778026582
15	53	0.001571827778026582
30	39	0.001571827778026582
26	34	0.001571827778026582
10	13	0.001571827778026582
25	53	0.0015718277780265785
29	40	0.0015718277780265785
31	32	0.001571827778026575
27	34	0.001571827778026575
14	26	0.001571827778026575
7	12	0.001571827778026575
17	29	0.0015718277780265716
29	34	0.0015718277780265716
13	23	0.0015718277780265716
20	39	0.0015718277780265716
25	30	0.0015718277780265681
29	32	0.0015718277780265681
23	33	0.0015718277780265681
30	53	0.0015718277780265646
30	33	0.0015718277780265646
29	33	0.0015718277780265646
24	29	0.0015718277780265646
20	33	0.0015718277780265646
15	25	0.0015718277780265612
15	27	0.0015718277780265612
17	22	0.0015718277780265612
21	27	0.0015718277780265577
23	40	0.0015718277780265577
15	17	0.0015718277780265577
32	40	0.0015718277780265542
14	29	0.0015718277780265542
30	54	0.0015718277780265508
29	31	0.0015718277780265508
20	31	0.0015718277780265473
33	53	0.0015718277780265438
39	55	0.0015718277780265404
20	55	0.0015718277780265404
20	29	0.0015718277780265404
23	27	0.001571827778026537
27	40	0.001571827778026537
19	31	0.001571827778026537
19	40	0.001571827778026537
25	26	0.0015718277780265334
16	31	0.0015718277780265334
32	34	0.00157182777802653
33	55	0.0015718277780265265
27	39	0.0015718277780265265
16	34	0.0015718277780265265
27	32	0.001571827778026523
17	19	0.001571827778026523
8	12	0.001571827778026523
31	53	0.0015718277780265195
13	21	0.0015718277780265195
28	29	0.0015718277780265195
8	13	0.0015718277780265195
25	55	0.001571827778026516
15	21	0.001571827778026516
25	33	0.001571827778026516
20	53	0.001571827778026516
20	32	0.001571827778026516
27	33	0.001571827778026516
20	30	0.001571827778026516
16	33	0.001571827778026516
26	53	0.0015718277780265126
16	40	0.0015718277780265126
19	34	0.0015718277780265126
28	40	0.0015718277780265126
12	21	0.0015718277780265126
21	55	0.0015718277780265091
25	32	0.0015718277780265091
29	54	0.0015718277780265091
21	23	0.0015718277780265091
24	34	0.0015718277780265091
18	33	0.0015718277780265091
34	55	0.0015718277780265057
28	34	0.0015718277780265057
18	40	0.0015718277780265057
26	30	0.0015718277780265022
23	34	0.0015718277780265022
28	39	0.0015718277780265022
21	25	0.0015718277780264987
29	53	0.0015718277780264918
17	53	0.0015718277780264918
32	54	0.0015718277780264883
27	31	0.0015718277780264883
8	11	0.0015718277780264883
53	54	0.0015718277780264849
26	32	0.0015718277780264849
28	31	0.0015718277780264849
7	10	0.0015718277780264849
21	53	0.0015718277780264814
28	53	0.0015718277780264744
24	39	0.0015718277780264744
6	13	0.0015718277780264744
25	28	0.001571827778026471
22	31	0.001571827778026471
28	33	0.001571827778026471
23	29	0.0015718277780264675
23	39	0.0015718277780264675
18	34	0.001571827778026464
31	54	0.0015718277780264606
20	54	0.0015718277780264606
19	33	0.0015718277780264606
19	39	0.0015718277780264606
23	53	0.001571827778026457
23	54	0.001571827778026457
27	29	0.001571827778026457
27	30	0.0015718277780264536
25	54	0.0015718277780264502
28	30	0.0015718277780264502
23	32	0.0015718277780264467
22	55	0.0015718277780264432
24	30	0.0015718277780264432
21	33	0.0015718277780264397
26	54	0.0015718277780264397
22	39	0.0015718277780264397
26	55	0.0015718277780264363
19	32	0.0015718277780264363
16	29	0.0015718277780264363
28	32	0.0015718277780264363
24	54	0.0015718277780264328
17	55	0.0015718277780264293
16	39	0.0015718277780264293
24	40	0.0015718277780264293
34	53	0.0015718277780264259
22	40	0.0015718277780264259
7	11	0.0015718277780264259
31	55	0.0015718277780264224
19	53	0.001571827778026419
24	33	0.001571827778026419
18	30	0.0015718277780264155
18	39	0.0015718277780264155
6	14	0.0015718277780264155
16	30	0.001571827778026412
18	31	0.0015718277780264085
7	8	0.0015718277780264085
23	55	0.001571827778026405
16	54	0.001571827778026405
6	10	0.001571827778026405
24	53	0.0015718277780264016
23	30	0.0015718277780264016
27	54	0.0015718277780263981
18	55	0.0015718277780263981
19	29	0.0015718277780263981
54	55	0.0015718277780263946
27	53	0.0015718277780263946
18	53	0.0015718277780263946
16	32	0.0015718277780263912
6	9	0.0015718277780263877
7	9	0.0015718277780263877
27	55	0.0015718277780263842
24	55	0.0015718277780263842
18	54	0.0015718277780263842
18	32	0.0015718277780263808
18	29	0.0015718277780263808
22	33	0.0015718277780263808
8	14	0.0015718277780263738
6	8	0.0015718277780263738
7	13	0.0015718277780263704
16	55	0.0015718277780263669
19	55	0.00157182777802636
22	34	0.00157182777802636
7	14	0.0015718277780263565
24	32	0.001571827778026353
23	31	0.001571827778026353
28	54	0.0015718277780263391
22	29	0.0015718277780263391
8	9	0.0015718277780263391
19	54	0.0015718277780263357
19	30	0.0015718277780263322
21	54	0.0015718277780263218
22	32	0.0015718277780263044
16	53	0.001571827778026301
28	55	0.001571827778026294
24	31	0.001571827778026294
22	53	0.0015718277780262836
22	30	0.0015718277780262697
9	11	0.0015718277780262593
8	10	0.0015718277780262385
22	54	0.0015718277780262316
9	12	0.0015718277780262038
9	14	0.001571827778026176
9	13	0.0015718277780261726
9	10	0.0015718277780261691
6	11	0.0015718277780260442
6	7	0.0015718277780259297
41	43	0.0011449418275519194
41	48	0.0011449418275519074
41	42	0.001144941827551781
4	50	0.0011449418275516975
41	51	0.0011449418275516767
50	52	0.0011449418275516461
41	49	0.0011449418275516444
41	44	0.0011449418275516412
41	47	0.0011449418275516396
41	46	0.0011449418275516396
41	45	0.0011449418275516366
41	52	0.0011449418275516318
4	41	0.0011449418275515791
50	51	0.0011449418275515642
3	41	0.0011449418275515382
3	50	0.0011449418275515273
2	50	0.0011449418275515223
2	41	0.001144941827551508
37	50	0.0011449418275514
37	41	0.0011449418275513857
1	50	0.0011449418275513823
1	41	0.0011449418275513677
5	50	0.0011449418275513415
5	41	0.001144941827551327
46	50	0.0011449418275512604
35	50	0.0011449418275512359
35	41	0.0011449418275511797
44	50	0.0011449418275510967
43	50	0.0011449418275510889
36	50	0.0011449418275510802
38	41	0.0011449418275510722
36	41	0.0011449418275510657
48	50	0.001144941827551065
49	50	0.0011449418275510511
38	50	0.0011449418275510377
45	50	0.0011449418275509828
47	50	0.0011449418275509213
42	50	0.0011449418275509189
11	50	-0.0008230274213167528
14	50	-0.0008230274213167606
6	50	-0.0008230274213167814
26	50	-0.0008230274213167862
25	50	-0.0008230274213167884
18	50	-0.0008230274213167916
7	50	-0.0008230274213167936
9	50	-0.0008230274213167966
34	50	-0.0008230274213168007
29	50	-0.0008230274213168313
39	50	-0.0008230274213168352
9	41	-0.0008230274213168365
27	50	-0.0008230274213168395
31	50	-0.0008230274213168404
19	50	-0.0008230274213168408
32	50	-0.0008230274213168525
30	50	-0.0008230274213168549
21	50	-0.0008230274213168651
22	50	-0.0008230274213168664
12	50	-0.0008230274213168688
8	50	-0.0008230274213168862
33	50	-0.0008230274213168868
23	50	-0.0008230274213168918
13	50	-0.000823027421316895
40	50	-0.0008230274213168979
16	50	-0.0008230274213169037
25	41	-0.0008230274213169137
20	50	-0.0008230274213169306
14	41	-0.0008230274213169362
17	50	-0.0008230274213169428
50	54	-0.0008230274213169443
34	41	-0.000823027421316946
6	41	-0.0008230274213169549
24	50	-0.0008230274213169618
12	41	-0.000823027421316964
50	55	-0.0008230274213169644
22	41	-0.000823027421316969
15	50	-0.00082302742131698
10	50	-0.0008230274213169827
18	41	-0.0008230274213169831
32	41	-0.0008230274213169874
27	41	-0.0008230274213169879
31	41	-0.00082302742131699
30	41	-0.0008230274213170002
26	41	-0.0008230274213170069
33	41	-0.0008230274213170147
23	41	-0.0008230274213170163
13	41	-0.0008230274213170165
29	41	-0.0008230274213170195
21	41	-0.0008230274213170247
50	53	-0.0008230274213170247
11	41	-0.0008230274213170286
15	41	-0.0008230274213170373
39	41	-0.0008230274213170464
41	54	-0.0008230274213170477
8	41	-0.000823027421317054
41	53	-0.0008230274213170581
7	41	-0.0008230274213170603
19	41	-0.0008230274213170637
16	41	-0.000823027421317075
40	41	-0.0008230274213170791
28	50	-0.0008230274213170841
24	41	-0.0008230274213171219
20	41	-0.0008230274213171273
10	41	-0.000823027421317157
17	41	-0.00082302742131716
41	55	-0.0008230274213171665
28	41	-0.000823027421317258
49	53	-0.0023207663741463295
43	54	-0.002320766374146342
47	53	-0.002320766374146357
49	54	-0.002320766374146364
44	55	-0.002320766374146365
45	53	-0.0023207663741463655
47	54	-0.002320766374146375
49	55	-0.002320766374146375
42	54	-0.0023207663741463824
42	55	-0.002320766374146385
44	54	-0.0023207663741463876
45	54	-0.0023207663741463967
48	53	-0.0023207663741464067
47	55	-0.0023207663741464093
35	54	-0.00232076637414641
43	55	-0.00232076637414642
38	40	-0.0023207663741464215
44	53	-0.002320766374146423
52	54	-0.002320766374146431
36	53	-0.0023207663741464397
46	53	-0.00232076637414645
45	55	-0.0023207663741464583
48	55	-0.002320766374146459
30	35	-0.0023207663741464596
38	53	-0.002320766374146464
43	53	-0.0023207663741464783
42	53	-0.00232076637414648
46	54	-0.0023207663741464804
35	39	-0.0023207663741464826
35	40	-0.0023207663741464835
48	54	-0.002320766374146486
32	52	-0.002320766374146488
36	40	-0.0023207663741464917
35	53	-0.002320766374146492
31	52	-0.0023207663741464956
36	55	-0.002320766374146496
36	39	-0.002320766374146498
46	55	-0.002320766374146498
4	16	-0.0023207663741464982
4	18	-0.0023207663741465004
35	55	-0.0023207663741465013
38	55	-0.002320766374146502
38	54	-0.0023207663741465073
4	22	-0.002320766374146511
4	21	-0.0023207663741465143
32	49	-0.0023207663741465186
32	37	-0.002320766374146519
36	54	-0.0023207663741465195
5	23	-0.002320766374146521
31	49	-0.002320766374146524
32	46	-0.0023207663741465247
37	39	-0.0023207663741465255
37	40	-0.0023207663741465264
5	30	-0.002320766374146531
33	52	-0.002320766374146534
29	52	-0.002320766374146535
32	44	-0.0023207663741465364
21	52	-0.002320766374146537
32	47	-0.0023207663741465407
5	19	-0.0023207663741465438
2	26	-0.0023207663741465446
23	52	-0.0023207663741465446
30	52	-0.0023207663741465455
32	35	-0.002320766374146547
25	52	-0.002320766374146548
38	39	-0.0023207663741465485
32	51	-0.002320766374146549
2	29	-0.0023207663741465507
31	47	-0.002320766374146552
32	36	-0.0023207663741465555
32	42	-0.0023207663741465576
5	8	-0.00232076637414656
27	51	-0.0023207663741465615
5	17	-0.002320766374146562
32	45	-0.002320766374146563
51	54	-0.0023207663741465633
2	10	-0.0023207663741465637
4	13	-0.002320766374146568
5	15	-0.0023207663741465698
5	16	-0.0023207663741465715
4	20	-0.0023207663741465715
5	29	-0.002320766374146574
5	25	-0.0023207663741465745
5	39	-0.0023207663741465745
52	55	-0.002320766374146575
37	54	-0.0023207663741465763
5	24	-0.002320766374146578
4	34	-0.0023207663741465793
27	46	-0.002320766374146581
5	28	-0.0023207663741465815
33	37	-0.0023207663741465824
4	55	-0.002320766374146584
31	37	-0.002320766374146584
21	46	-0.0023207663741465854
29	37	-0.0023207663741465854
31	44	-0.002320766374146588
34	52	-0.002320766374146589
2	24	-0.0023207663741465897
4	14	-0.0023207663741465897
5	22	-0.002320766374146594
1	17	-0.002320766374146595
21	44	-0.002320766374146595
14	52	-0.0023207663741465967
21	51	-0.0023207663741465984
27	37	-0.0023207663741465984
3	32	-0.0023207663741466006
33	46	-0.0023207663741466006
5	18	-0.002320766374146601
23	46	-0.002320766374146601
1	26	-0.002320766374146602
3	53	-0.0023207663741466027
23	37	-0.0023207663741466027
33	44	-0.002320766374146603
3	21	-0.0023207663741466036
5	33	-0.002320766374146605
21	47	-0.0023207663741466053
29	36	-0.0023207663741466053
4	19	-0.0023207663741466053
33	35	-0.002320766374146606
4	25	-0.002320766374146606
30	51	-0.002320766374146608
29	46	-0.002320766374146608
24	49	-0.002320766374146608
25	35	-0.0023207663741466084
19	49	-0.0023207663741466084
4	17	-0.002320766374146609
29	49	-0.0023207663741466097
31	46	-0.00232076637414661
2	6	-0.0023207663741466105
30	37	-0.0023207663741466105
5	54	-0.0023207663741466144
31	42	-0.0023207663741466153
31	36	-0.002320766374146616
29	35	-0.0023207663741466166
3	26	-0.0023207663741466175
3	18	-0.002320766374146618
4	39	-0.002320766374146618
52	53	-0.0023207663741466183
27	52	-0.0023207663741466183
4	40	-0.0023207663741466188
7	52	-0.002320766374146619
4	28	-0.0023207663741466197
2	12	-0.00232076637414662
4	15	-0.00232076637414662
33	38	-0.0023207663741466205
5	20	-0.002320766374146621
3	24	-0.0023207663741466214
11	36	-0.002320766374146622
4	26	-0.002320766374146622
21	48	-0.0023207663741466223
3	20	-0.002320766374146624
31	38	-0.0023207663741466244
23	36	-0.0023207663741466244
21	49	-0.0023207663741466244
3	22	-0.0023207663741466253
33	36	-0.0023207663741466253
3	17	-0.002320766374146626
23	42	-0.002320766374146626
16	51	-0.002320766374146626
16	49	-0.002320766374146626
21	45	-0.002320766374146627
2	8	-0.0023207663741466283
5	10	-0.0023207663741466283
16	46	-0.0023207663741466283
1	21	-0.0023207663741466288
2	55	-0.0023207663741466288
30	49	-0.0023207663741466296
25	49	-0.00232076637414663
3	16	-0.0023207663741466305
23	35	-0.0023207663741466305
30	46	-0.0023207663741466305
23	45	-0.002320766374146631
1	18	-0.0023207663741466314
1	54	-0.0023207663741466322
5	32	-0.002320766374146633
29	44	-0.0023207663741466335
1	28	-0.002320766374146635
2	9	-0.0023207663741466366
19	51	-0.0023207663741466366
51	55	-0.002320766374146637
4	24	-0.002320766374146638
3	39	-0.0023207663741466383
27	35	-0.0023207663741466383
3	40	-0.002320766374146639
3	23	-0.0023207663741466396
4	12	-0.0023207663741466396
1	25	-0.002320766374146641
5	9	-0.002320766374146642
33	51	-0.002320766374146643
33	49	-0.002320766374146643
1	34	-0.0023207663741466435
1	22	-0.0023207663741466435
33	45	-0.0023207663741466435
26	43	-0.002320766374146644
29	47	-0.002320766374146644
22	48	-0.002320766374146645
5	40	-0.002320766374146645
5	14	-0.002320766374146645
3	34	-0.002320766374146647
27	36	-0.002320766374146647
4	23	-0.0023207663741466474
30	48	-0.002320766374146648
30	42	-0.002320766374146648
5	12	-0.002320766374146648
30	44	-0.002320766374146648
34	46	-0.0023207663741466483
18	35	-0.0023207663741466483
2	14	-0.0023207663741466487
3	30	-0.00232076637414665
2	27	-0.0023207663741466513
29	51	-0.0023207663741466513
8	52	-0.0023207663741466513
27	49	-0.002320766374146652
31	51	-0.0023207663741466526
24	51	-0.002320766374146653
24	48	-0.0023207663741466535
26	48	-0.002320766374146654
5	21	-0.002320766374146654
17	35	-0.002320766374146654
21	43	-0.0023207663741466543
31	45	-0.0023207663741466543
25	51	-0.0023207663741466543
32	38	-0.0023207663741466548
22	52	-0.0023207663741466556
17	38	-0.0023207663741466565
4	53	-0.0023207663741466565
18	36	-0.0023207663741466565
16	44	-0.0023207663741466565
1	19	-0.0023207663741466574
3	25	-0.0023207663741466582
5	13	-0.0023207663741466582
30	47	-0.0023207663741466582
32	48	-0.002320766374146659
23	49	-0.002320766374146659
16	47	-0.00232076637414666
34	35	-0.00232076637414666
24	47	-0.00232076637414666
21	37	-0.0023207663741466604
29	42	-0.002320766374146661
31	35	-0.002320766374146661
4	29	-0.002320766374146661
30	36	-0.0023207663741466626
20	51	-0.0023207663741466626
20	49	-0.0023207663741466626
1	24	-0.002320766374146663
29	38	-0.0023207663741466635
27	38	-0.0023207663741466635
2	13	-0.0023207663741466643
16	35	-0.0023207663741466643
19	45	-0.0023207663741466648
30	38	-0.002320766374146665
21	35	-0.002320766374146665
17	52	-0.002320766374146665
23	43	-0.002320766374146666
29	45	-0.002320766374146666
4	6	-0.0023207663741466665
2	31	-0.002320766374146667
37	55	-0.002320766374146667
22	37	-0.002320766374146667
25	37	-0.002320766374146668
16	38	-0.0023207663741466687
3	55	-0.0023207663741466695
20	44	-0.0023207663741466704
19	52	-0.0023207663741466704
3	29	-0.0023207663741466713
16	36	-0.0023207663741466713
9	35	-0.0023207663741466717
3	28	-0.002320766374146672
9	46	-0.002320766374146672
25	38	-0.002320766374146673
23	51	-0.002320766374146673
21	36	-0.0023207663741466734
17	46	-0.0023207663741466747
22	44	-0.0023207663741466747
1	30	-0.0023207663741466756
1	29	-0.002320766374146676
1	31	-0.002320766374146676
16	42	-0.0023207663741466765
34	51	-0.0023207663741466765
27	44	-0.0023207663741466765
1	53	-0.0023207663741466773
3	15	-0.0023207663741466773
20	52	-0.0023207663741466773
28	46	-0.0023207663741466778
34	45	-0.002320766374146678
22	47	-0.002320766374146678
24	35	-0.002320766374146678
27	45	-0.002320766374146679
3	8	-0.00232076637414668
4	33	-0.00232076637414668
16	37	-0.00232076637414668
30	45	-0.0023207663741466804
20	47	-0.002320766374146681
8	37	-0.002320766374146681
27	42	-0.0023207663741466812
33	42	-0.0023207663741466817
28	35	-0.002320766374146682
23	48	-0.002320766374146683
9	43	-0.0023207663741466834
51	53	-0.0023207663741466834
9	49	-0.002320766374146684
1	15	-0.0023207663741466843
4	27	-0.0023207663741466847
2	53	-0.002320766374146685
9	52	-0.002320766374146685
18	38	-0.0023207663741466864
27	47	-0.002320766374146687
33	47	-0.002320766374146688
25	46	-0.002320766374146689
28	43	-0.0023207663741466895
3	31	-0.0023207663741466895
19	44	-0.0023207663741466895
25	47	-0.0023207663741466903
24	36	-0.002320766374146691
22	42	-0.002320766374146692
4	9	-0.002320766374146692
5	31	-0.002320766374146693
1	20	-0.002320766374146693
21	42	-0.002320766374146693
27	48	-0.0023207663741466947
24	44	-0.0023207663741466947
18	46	-0.0023207663741466955
33	43	-0.0023207663741466964
28	36	-0.0023207663741466964
4	54	-0.0023207663741466964
9	44	-0.0023207663741466964
37	53	-0.0023207663741466964
18	37	-0.0023207663741466964
22	43	-0.0023207663741466973
21	38	-0.0023207663741466973
34	49	-0.0023207663741466973
19	47	-0.002320766374146698
25	44	-0.002320766374146699
9	36	-0.0023207663741466994
5	34	-0.0023207663741467
20	35	-0.0023207663741467007
3	9	-0.0023207663741467016
34	37	-0.0023207663741467016
1	32	-0.0023207663741467025
3	27	-0.0023207663741467025
20	45	-0.002320766374146703
19	36	-0.0023207663741467047
17	37	-0.0023207663741467047
16	43	-0.002320766374146705
25	45	-0.0023207663741467055
2	28	-0.002320766374146706
24	37	-0.002320766374146706
9	47	-0.002320766374146707
14	51	-0.002320766374146707
28	48	-0.0023207663741467073
1	16	-0.0023207663741467094
25	36	-0.0023207663741467094
9	38	-0.00232076637414671
23	44	-0.0023207663741467103
19	37	-0.0023207663741467103
22	35	-0.0023207663741467116
24	43	-0.002320766374146713
1	10	-0.002320766374146713
31	48	-0.0023207663741467138
18	48	-0.0023207663741467138
32	43	-0.002320766374146715
30	43	-0.002320766374146715
1	33	-0.0023207663741467155
17	45	-0.0023207663741467155
28	52	-0.002320766374146716
19	42	-0.0023207663741467172
9	37	-0.0023207663741467177
5	6	-0.0023207663741467185
2	34	-0.002320766374146719
3	33	-0.0023207663741467207
23	47	-0.0023207663741467207
34	44	-0.0023207663741467207
4	8	-0.0023207663741467207
4	11	-0.002320766374146721
19	38	-0.0023207663741467216
24	42	-0.002320766374146722
1	7	-0.0023207663741467224
13	52	-0.0023207663741467233
10	52	-0.002320766374146724
9	42	-0.002320766374146725
34	43	-0.0023207663741467255
2	23	-0.002320766374146726
25	42	-0.0023207663741467263
1	40	-0.0023207663741467276
5	26	-0.0023207663741467276
29	48	-0.0023207663741467285
24	45	-0.0023207663741467285
7	42	-0.0023207663741467285
20	46	-0.0023207663741467285
18	52	-0.0023207663741467294
3	10	-0.00232076637414673
34	47	-0.002320766374146731
1	23	-0.0023207663741467315
2	25	-0.0023207663741467315
2	17	-0.002320766374146732
3	12	-0.002320766374146732
3	14	-0.0023207663741467324
28	38	-0.002320766374146733
7	35	-0.0023207663741467337
4	31	-0.002320766374146734
3	54	-0.0023207663741467346
4	32	-0.0023207663741467346
3	19	-0.0023207663741467354
34	36	-0.002320766374146736
4	30	-0.002320766374146736
23	38	-0.0023207663741467363
2	39	-0.002320766374146737
29	43	-0.0023207663741467376
3	6	-0.0023207663741467385
1	39	-0.002320766374146739
7	36	-0.0023207663741467406
22	51	-0.0023207663741467406
20	37	-0.0023207663741467406
12	45	-0.0023207663741467415
13	46	-0.0023207663741467415
9	51	-0.002320766374146743
6	47	-0.0023207663741467437
25	43	-0.0023207663741467446
2	19	-0.0023207663741467463
22	36	-0.0023207663741467467
17	44	-0.0023207663741467476
7	49	-0.0023207663741467476
5	53	-0.002320766374146748
1	27	-0.002320766374146748
34	42	-0.0023207663741467485
20	36	-0.0023207663741467493
25	48	-0.0023207663741467498
13	35	-0.0023207663741467498
1	12	-0.00232076637414675
1	6	-0.0023207663741467506
22	46	-0.002320766374146752
6	52	-0.002320766374146752
7	37	-0.0023207663741467524
2	22	-0.002320766374146753
2	32	-0.0023207663741467554
24	46	-0.0023207663741467554
6	44	-0.0023207663741467554
20	42	-0.002320766374146756
7	46	-0.002320766374146756
4	10	-0.002320766374146756
6	48	-0.0023207663741467563
28	37	-0.0023207663741467563
2	33	-0.0023207663741467567
2	15	-0.002320766374146757
22	38	-0.002320766374146757
18	44	-0.002320766374146757
7	38	-0.002320766374146758
27	43	-0.0023207663741467593
8	36	-0.0023207663741467597
24	52	-0.0023207663741467606
2	21	-0.0023207663741467623
3	13	-0.0023207663741467623
39	49	-0.002320766374146763
18	43	-0.002320766374146764
10	43	-0.002320766374146764
2	16	-0.002320766374146764
10	48	-0.002320766374146765
8	49	-0.0023207663741467654
5	27	-0.002320766374146766
20	38	-0.0023207663741467667
39	44	-0.0023207663741467667
39	52	-0.002320766374146767
34	48	-0.0023207663741467675
6	46	-0.0023207663741467675
17	42	-0.0023207663741467684
22	45	-0.0023207663741467684
15	35	-0.0023207663741467684
11	52	-0.002320766374146769
15	52	-0.0023207663741467697
2	30	-0.00232076637414677
28	47	-0.0023207663741467706
1	55	-0.002320766374146771
40	49	-0.002320766374146771
7	44	-0.0023207663741467714
20	48	-0.0023207663741467723
9	45	-0.0023207663741467723
34	38	-0.0023207663741467736
2	54	-0.0023207663741467745
7	51	-0.0023207663741467745
18	49	-0.0023207663741467745
18	51	-0.002320766374146775
2	11	-0.0023207663741467753
18	47	-0.0023207663741467753
19	46	-0.0023207663741467753
26	52	-0.0023207663741467758
19	35	-0.002320766374146776
14	36	-0.002320766374146777
28	51	-0.0023207663741467775
22	49	-0.0023207663741467775
17	47	-0.002320766374146778
31	43	-0.0023207663741467792
13	38	-0.0023207663741467792
39	48	-0.0023207663741467797
39	51	-0.0023207663741467814
39	46	-0.0023207663741467814
10	44	-0.0023207663741467814
7	47	-0.002320766374146782
19	48	-0.002320766374146783
1	13	-0.002320766374146783
17	36	-0.0023207663741467844
24	38	-0.002320766374146785
13	36	-0.002320766374146786
40	52	-0.002320766374146786
15	47	-0.002320766374146791
13	51	-0.002320766374146791
18	42	-0.0023207663741467927
7	43	-0.002320766374146793
14	37	-0.002320766374146793
6	43	-0.0023207663741467944
6	37	-0.0023207663741467953
15	36	-0.0023207663741467957
6	51	-0.002320766374146796
40	46	-0.002320766374146797
2	7	-0.0023207663741468005
4	7	-0.002320766374146801
2	20	-0.0023207663741468022
1	8	-0.002320766374146803
7	45	-0.002320766374146804
28	49	-0.002320766374146804
3	7	-0.002320766374146805
13	37	-0.002320766374146805
14	49	-0.0023207663741468057
8	38	-0.0023207663741468074
15	42	-0.0023207663741468083
8	44	-0.0023207663741468083
40	45	-0.002320766374146811
39	47	-0.002320766374146811
8	46	-0.002320766374146811
20	43	-0.0023207663741468113
13	43	-0.0023207663741468118
5	11	-0.0023207663741468126
33	48	-0.0023207663741468144
19	43	-0.002320766374146815
6	49	-0.0023207663741468152
2	40	-0.002320766374146816
10	47	-0.002320766374146817
26	46	-0.0023207663741468174
5	55	-0.0023207663741468187
6	45	-0.0023207663741468187
8	47	-0.0023207663741468187
13	45	-0.0023207663741468196
40	47	-0.0023207663741468196
28	44	-0.0023207663741468196
39	42	-0.00232076637414682
14	47	-0.0023207663741468213
3	11	-0.0023207663741468217
40	42	-0.002320766374146822
40	44	-0.002320766374146822
26	45	-0.002320766374146823
8	35	-0.002320766374146823
26	38	-0.002320766374146824
26	35	-0.0023207663741468243
26	51	-0.0023207663741468243
39	45	-0.0023207663741468248
10	46	-0.0023207663741468256
16	48	-0.0023207663741468274
14	43	-0.0023207663741468274
11	46	-0.0023207663741468287
11	43	-0.002320766374146829
14	44	-0.0023207663741468296
1	14	-0.00232076637414683
13	49	-0.00232076637414683
18	45	-0.002320766374146831
15	51	-0.0023207663741468317
2	18	-0.002320766374146835
8	42	-0.0023207663741468356
40	51	-0.002320766374146836
9	48	-0.002320766374146837
15	37	-0.002320766374146837
14	42	-0.002320766374146838
12	37	-0.002320766374146838
26	36	-0.0023207663741468387
15	38	-0.0023207663741468404
8	45	-0.0023207663741468404
14	46	-0.0023207663741468404
28	42	-0.002320766374146842
17	48	-0.002320766374146844
14	35	-0.002320766374146845
17	49	-0.0023207663741468456
6	35	-0.0023207663741468465
28	45	-0.002320766374146847
10	42	-0.002320766374146851
11	35	-0.0023207663741468525
6	36	-0.002320766374146855
10	38	-0.002320766374146861
10	51	-0.002320766374146864
13	47	-0.0023207663741468647
6	42	-0.0023207663741468664
15	49	-0.002320766374146867
8	51	-0.002320766374146869
14	38	-0.0023207663741468703
8	43	-0.0023207663741468708
1	9	-0.0023207663741468716
15	48	-0.0023207663741468734
14	45	-0.002320766374146876
16	52	-0.0023207663741468764
11	48	-0.0023207663741468794
13	42	-0.002320766374146881
5	7	-0.002320766374146883
26	37	-0.002320766374146883
1	11	-0.002320766374146886
15	45	-0.002320766374146887
10	37	-0.002320766374146887
14	48	-0.0023207663741468877
15	44	-0.0023207663741468907
6	38	-0.0023207663741468933
12	43	-0.002320766374146894
40	48	-0.0023207663741468994
12	51	-0.0023207663741468994
26	44	-0.0023207663741469015
17	51	-0.0023207663741469024
11	51	-0.0023207663741469037
11	49	-0.002320766374146908
12	48	-0.002320766374146909
26	47	-0.002320766374146912
10	36	-0.0023207663741469124
12	38	-0.0023207663741469133
10	35	-0.0023207663741469133
15	46	-0.002320766374146915
13	44	-0.0023207663741469154
11	37	-0.0023207663741469154
12	52	-0.0023207663741469176
11	45	-0.0023207663741469237
7	48	-0.002320766374146927
26	49	-0.002320766374146927
26	42	-0.002320766374146929
11	38	-0.002320766374146929
12	46	-0.0023207663741469306
11	44	-0.0023207663741469323
13	48	-0.0023207663741469375
17	43	-0.0023207663741469414
10	45	-0.0023207663741469414
11	47	-0.0023207663741469427
12	36	-0.002320766374146943
10	49	-0.0023207663741469436
12	49	-0.0023207663741469458
15	43	-0.002320766374146952
16	45	-0.0023207663741469558
11	42	-0.0023207663741469597
39	43	-0.00232076637414696
12	44	-0.0023207663741469644
12	47	-0.002320766374146967
12	35	-0.002320766374146974
12	42	-0.002320766374146978
40	43	-0.0023207663741469835
8	48	-0.002320766374147099
