#====================================================================================================
# This result is computed using mean-field DCA
# The first and second columns are site pairs. The third column represents interaction score
#====================================================================================================
35	49	0.09074432351814263
23	29	0.07043566294922142
22	23	0.06243947939534431
24	28	0.058443594414907166
4	54	0.05486204213110718
9	17	0.050446644225937406
19	33	0.0478280443431436
51	52	0.04316058126592133
24	56	0.04307732404462522
52	54	0.04189498796570762
19	30	0.0412881228921563
30	33	0.03990625274249104
25	26	0.039040160697996956
29	33	0.03878097457970289
19	29	0.0361893546688104
4	28	0.03557096165139214
6	45	0.03531962993460924
26	33	0.034962689070568265
22	33	0.03387955299889926
26	27	0.03358979313007651
7	20	0.02975505096660072
6	44	0.02937358085039998
3	44	0.029257018994314626
27	28	0.028686815483800407
24	25	0.02819126052606924
55	56	0.02669330815164056
34	50	0.02571209065750519
44	45	0.024856319346110645
27	30	0.02413984459206734
2	33	0.02408938182576007
3	55	0.024022405838564347
29	30	0.023955483188207265
10	51	0.02294053948070697
2	49	0.022933549991351852
5	41	0.021841275964988586
41	47	0.021841275964988402
5	47	0.02184127596498809
4	17	0.021777583329181387
2	42	0.02073327454011233
10	30	0.020238324286700637
3	13	0.01978353353137323
10	22	0.019414304927729338
1	41	0.019382990089180478
1	47	0.019382990089180388
1	5	0.01938299008918016
14	16	0.01931144626594191
25	30	0.019193447874315213
19	26	0.019082907661280037
49	56	0.018674714971814665
22	55	0.017871960990866576
22	24	0.017511730573077974
23	51	0.017494676617855177
1	11	0.01705432049739096
1	12	0.016956368723752495
11	12	0.01684729458256976
4	24	0.016815968035965734
29	56	0.01662329020384169
5	57	0.01648294169413413
41	57	0.016482941694133606
47	57	0.016482941694133443
2	56	0.016354870101765458
5	48	0.016110633040900126
41	48	0.016110633040899915
47	48	0.01611063304089979
3	28	0.015674987446452796
5	45	0.015374743045812309
41	45	0.015374743045812253
45	47	0.015374743045812024
1	48	0.015203495871439977
13	26	0.014814558582308235
24	26	0.014613487216999975
52	55	0.014591387669889174
48	52	0.014564400337696187
13	24	0.014395854564590648
24	27	0.014255303594781589
4	6	0.014184050325823191
13	30	0.0141099202745337
6	24	0.013596829143831072
19	22	0.0131097489526755
10	33	0.012858391826736726
1	57	0.012669550468730481
1	45	0.012580836931373119
7	25	0.012561951493692484
2	25	0.01241598035362068
3	4	0.012409592590504557
11	23	0.012309293449931485
13	29	0.012141213879249957
6	13	0.012003087745753496
20	57	0.011953573854150887
13	28	0.0119201066851309
3	33	0.01163224962986506
52	57	0.011497350858415733
11	29	0.011466341405332526
48	57	0.011369463210128928
27	29	0.011362102788711949
13	33	0.011296344610268506
42	45	0.011130835370866864
26	51	0.011104777226380421
6	28	0.010834700684091595
9	51	0.010741386054373643
45	57	0.010694928445936069
10	27	0.010581758774285254
10	26	0.010512669563439972
20	27	0.010365685009765344
27	42	0.010345182762120651
20	23	0.010138367713658255
22	28	0.010099776436993224
10	28	0.010098856645484454
7	24	0.010050779278895732
12	28	0.009814504983643757
54	57	0.009723223228671888
25	42	0.009719616095938383
2	19	0.009669738933196406
45	48	0.00963820973951658
3	30	0.009634043748715335
2	30	0.009492864573229759
12	27	0.009310493769976176
25	45	0.009233800065219231
22	51	0.009096664418965198
3	12	0.008981694418009105
7	42	0.008890832893397298
1	49	0.008813839238065297
22	30	0.008677807335869016
19	23	0.008371027929281006
26	28	0.008343639494045128
10	19	0.008307430671247952
47	52	0.008303533780937629
5	52	0.008303533780937594
41	52	0.00830353378093745
25	27	0.008262716917072751
23	56	0.008253531237733716
42	47	0.008188245377589554
41	42	0.008188245377589299
5	42	0.00818824537758911
3	52	0.008035957361882071
23	53	0.008010071386796866
9	23	0.007962329638599648
11	55	0.00773852849343819
47	56	0.007702442069096255
41	56	0.00770244206909625
5	56	0.007702442069095816
45	54	0.007670057961332468
27	34	0.007651464912004966
1	42	0.007560671452702662
25	54	0.007517592019566885
4	13	0.007477246901941639
9	56	0.007383425105302302
33	51	0.007190106347983043
13	19	0.007185695075745339
24	45	0.007146346110535492
5	54	0.00707626956437208
47	54	0.007076269564372075
41	54	0.007076269564372014
25	33	0.007029374387829166
23	33	0.006976872194896538
4	25	0.006900223644011019
44	48	0.006842205172006265
2	41	0.006800357477961245
2	5	0.006800357477961165
2	47	0.006800357477960902
4	55	0.006792841969581126
13	25	0.00662372801078825
30	51	0.0064380318117058626
42	57	0.00640431882962793
35	53	0.006389150597507588
27	54	0.006381322040764369
3	21	0.006380374001646193
5	49	0.006246084940753122
41	49	0.006246084940752858
47	49	0.00624608494075269
17	56	0.006223641766997455
27	50	0.006201427656373575
2	52	0.00604983452889114
22	53	0.005813842776447709
28	51	0.0057429934776107895
42	48	0.005741073209703604
42	56	0.005678519005717947
21	55	0.005648844621723891
1	54	0.005620580027769575
2	45	0.005606972112409495
1	52	0.005509072150392863
17	23	0.0054923727434393515
54	56	0.005383228631101503
1	2	0.00532431656252063
48	54	0.005273959322918085
19	51	0.005270814262901772
7	56	0.005269588538599122
20	22	0.00519569938426014
49	57	0.005171320602528952
48	56	0.005144157102715444
2	13	0.005030599608003345
44	47	0.004975207868712046
5	44	0.004975207868711921
41	44	0.004975207868711496
9	28	0.004685983868038243
16	35	0.004464718992184036
14	35	0.004464718992183976
28	42	0.004418168352472629
4	9	0.004359358592355483
1	56	0.004300970985767396
52	53	0.004237736303195922
25	44	0.004097665430504884
2	48	0.0040920595339493755
22	29	0.004076718081299922
21	24	0.004072836380857896
48	49	0.00406088131344369
25	35	0.003925002186884598
26	29	0.0037660794557990845
24	44	0.0037139493074544293
44	57	0.0036963534213295436
2	57	0.003613287994037451
19	42	0.0035158154717909867
28	44	0.003515647976554112
24	29	0.0034662804507729593
2	44	0.0034601590703771667
8	18	0.003344257223446553
37	40	0.0033442572234464946
31	39	0.0033442572234464803
31	32	0.0033442572234464235
36	40	0.003344257223446395
37	39	0.0033442572234463944
36	43	0.003344257223446384
38	39	0.0033442572234463745
36	38	0.0033442572234463563
36	37	0.0033442572234463537
31	36	0.003344257223446353
15	31	0.003344257223446352
36	46	0.0033442572234463497
38	40	0.0033442572234463385
18	46	0.003344257223446335
18	31	0.003344257223446308
15	37	0.0033442572234463038
18	39	0.003344257223446302
37	46	0.003344257223446297
31	40	0.0033442572234462903
32	39	0.003344257223446286
15	40	0.0033442572234462734
15	39	0.0033442572234462713
31	37	0.003344257223446266
18	38	0.0033442572234462656
36	39	0.003344257223446261
31	46	0.0033442572234462548
39	46	0.0033442572234462526
43	46	0.0033442572234462526
18	43	0.0033442572234462483
18	36	0.0033442572234462465
32	43	0.0033442572234462435
37	38	0.0033442572234462426
15	46	0.0033442572234462335
31	38	0.0033442572234462314
18	32	0.00334425722344623
38	43	0.003344257223446222
38	46	0.0033442572234462188
15	32	0.003344257223446215
32	40	0.0033442572234461993
32	37	0.0033442572234461984
15	38	0.0033442572234461897
18	40	0.003344257223446186
40	46	0.003344257223446183
32	46	0.0033442572234461828
39	40	0.0033442572234461754
31	43	0.003344257223446174
32	38	0.0033442572234461706
15	43	0.003344257223446165
15	36	0.003344257223446159
18	37	0.0033442572234461477
32	36	0.0033442572234461255
40	43	0.0033442572234461043
39	43	0.003344257223446102
37	43	0.0033442572234460986
8	15	0.003344257223446038
15	18	0.0033442572234459733
8	32	0.0033442572234457946
8	46	0.0033442572234457673
8	31	0.003344257223445758
8	43	0.0033442572234457565
8	40	0.0033442572234457448
8	37	0.0033442572234457226
8	36	0.0033442572234457183
8	38	0.0033442572234457122
8	39	0.0033442572234457027
12	55	0.0032957533284512647
11	27	0.0032549833158060006
13	44	0.0031552080854286785
4	44	0.0029990122546886596
4	27	0.0029565275041219894
18	21	0.0028981021699482365
21	39	0.0028981021699481767
21	40	0.0028981021699481134
21	43	0.0028981021699480847
15	21	0.0028981021699480696
21	32	0.0028981021699480414
21	36	0.0028981021699479555
21	46	0.0028981021699479503
21	38	0.00289810216994791
21	37	0.002898102169947907
8	21	0.002898102169947905
21	31	0.00289810216994789
1	44	0.002889140022296236
20	28	0.0028799927864656197
34	35	0.0028774946441980235
50	55	0.00286940016771613
18	53	0.0028372176201540305
43	53	0.0028372176201540067
8	53	0.0028372176201539928
32	53	0.002837217620153978
40	53	0.002837217620153952
37	53	0.002837217620153952
38	53	0.002837217620153952
31	53	0.0028372176201539416
36	53	0.0028372176201538956
46	53	0.002837217620153869
39	53	0.0028372176201538497
15	53	0.0028372176201538245
34	44	0.0028115666521201545
44	49	0.002780311791314412
4	45	0.0027519009551181563
12	22	0.0027151001895695127
16	43	0.002674289417812935
14	18	0.002674289417812916
16	46	0.0026742894178129126
16	37	0.0026742894178128614
16	38	0.002674289417812817
16	32	0.0026742894178128124
16	31	0.0026742894178128085
16	39	0.0026742894178127924
16	36	0.0026742894178127885
16	40	0.002674289417812786
8	16	0.0026742894178127426
14	15	0.0026742894178126615
15	16	0.002674289417812602
16	18	0.0026742894178125648
8	14	0.0026742894178124494
14	46	0.0026742894178124342
14	43	0.002674289417812359
14	40	0.0026742894178123583
14	39	0.0026742894178123557
14	37	0.0026742894178122837
14	36	0.0026742894178122785
14	31	0.0026742894178122777
14	38	0.0026742894178122647
14	32	0.0026742894178122334
27	51	0.0026733475133864926
45	52	0.0025324961600578094
2	54	0.0025020648419570145
9	27	0.0024927901052305412
20	25	0.002474685755130806
17	51	0.002459962565578536
18	34	0.002345130151385693
15	34	0.0023451301513856006
8	34	0.002345130151385552
32	34	0.0023451301513855143
34	38	0.0023451301513854744
34	36	0.002345130151385465
31	34	0.0023451301513854397
34	46	0.002345130151385418
34	43	0.002345130151385413
34	40	0.0023451301513854107
34	37	0.0023451301513853834
34	39	0.0023451301513852806
21	23	0.002301268363148425
31	50	0.002212183425288554
38	50	0.0022121834252885235
46	50	0.0022121834252885235
40	50	0.002212183425288521
43	50	0.0022121834252884828
39	50	0.002212183425288433
8	50	0.0022121834252884203
36	50	0.0022121834252884177
32	50	0.002212183425288399
37	50	0.0022121834252883882
15	50	0.002212183425288337
18	50	0.0022121834252880786
14	21	0.0021878636825170546
16	21	0.0021878636825164634
3	23	0.002168913036211702
7	38	0.0020925317910579153
7	36	0.0020925317910578745
7	43	0.002092531791057846
7	46	0.002092531791057831
7	31	0.0020925317910578272
7	37	0.0020925317910577964
7	32	0.002092531791057796
7	40	0.0020925317910577335
7	39	0.002092531791057713
7	18	0.0020925317910576785
7	8	0.002092531791057641
7	15	0.0020925317910574534
22	26	0.0020821676312875667
23	26	0.0020751248184436195
30	44	0.0020584238144610943
50	53	0.0020190735290101618
34	52	0.0020166326324066912
17	25	0.002004986282922154
30	42	0.0018944767119943636
11	38	0.0018440327225074987
11	40	0.0018440327225074924
11	36	0.0018440327225074742
11	43	0.0018440327225074642
11	37	0.0018440327225073942
11	18	0.0018440327225073838
11	39	0.0018440327225073758
11	46	0.0018440327225073502
11	15	0.0018440327225073367
11	32	0.0018440327225073088
11	31	0.0018440327225073018
8	11	0.0018440327225072372
14	53	0.0018289926245934607
16	53	0.0018289926245933109
19	52	0.001815343840264121
15	20	0.00180564454483103
20	38	0.0018056445448308425
20	32	0.0018056445448308043
20	36	0.0018056445448307978
20	37	0.0018056445448307958
20	40	0.001805644544830783
8	20	0.0018056445448307772
20	39	0.0018056445448307403
20	31	0.0018056445448307317
20	46	0.0018056445448307202
20	43	0.0018056445448306944
18	20	0.0018056445448304853
14	26	0.0017843140893084482
16	26	0.0017843140893081134
20	49	0.0017635983803993604
12	29	0.0017066943877707443
20	35	0.0016826098685231174
42	49	0.0016786477909068662
13	23	0.0016753289428867542
7	53	0.0016418025906804333
42	44	0.0016017623739804348
11	14	0.001572986576568338
11	16	0.0015729865765683171
21	50	0.0015290289850291873
6	21	0.0015104294375512515
7	51	0.0015094940984002004
56	57	0.0014484262859439587
21	53	0.0014182582001349654
21	34	0.0014163626201735631
16	50	0.0014128536077029623
14	50	0.0014128536077026783
19	56	0.0013989343291426933
14	20	0.0013983134292170352
16	20	0.0013983134292165703
27	33	0.0013980649336523855
11	50	0.0013791608999518838
7	14	0.0013617500656916668
7	16	0.0013617500656914422
7	34	0.0013241707594766868
14	34	0.0013124392742675545
16	34	0.0013124392742674424
11	49	0.0012930862031486504
3	49	0.0012921617725302741
10	24	0.0012448993820918589
7	50	0.0012107154688627128
12	15	0.0012072390675740272
8	12	0.001207239067573827
12	32	0.001207239067573759
12	38	0.0012072390675737204
12	31	0.001207239067573712
12	37	0.0012072390675736805
12	39	0.0012072390675736777
12	36	0.0012072390675736656
12	40	0.0012072390675736486
12	43	0.0012072390675736417
12	46	0.0012072390675736348
12	18	0.0012072390675733737
17	43	0.001147547864218773
17	40	0.0011475478642187468
17	46	0.0011475478642187463
17	37	0.00114754786421873
17	32	0.0011475478642187262
17	38	0.0011475478642186691
17	36	0.0011475478642186147
17	39	0.0011475478642186067
17	31	0.001147547864218601
15	17	0.0011475478642185724
8	17	0.001147547864218345
17	18	0.0011475478642181884
45	49	0.0011157147078426025
49	52	0.0011038291632956155
17	21	0.001093631362996793
2	6	0.0010856673106577298
8	10	0.001002361597940349
10	15	0.0010023615979402947
10	43	0.0010023615979402188
10	40	0.001002361597940201
10	37	0.0010023615979401976
10	18	0.0010023615979401971
10	36	0.001002361597940192
10	46	0.0010023615979401898
10	31	0.0010023615979401616
10	39	0.0010023615979401338
10	38	0.001002361597940077
10	32	0.0010023615979400662
8	9	0.0009775275728818836
9	37	0.0009775275728817038
9	36	0.0009775275728816837
9	43	0.0009775275728816752
9	46	0.0009775275728816717
9	39	0.0009775275728816663
9	31	0.0009775275728816644
9	38	0.000977527572881656
9	15	0.0009775275728815332
9	18	0.0009775275728815163
9	32	0.0009775275728814874
9	40	0.0009775275728813302
51	55	0.0008716513710863788
9	14	0.0008488233308478845
9	16	0.0008488233308477176
9	54	0.0008275683589975165
16	17	0.0008000050875027601
14	17	0.0008000050875026738
6	38	0.000783104170485428
6	8	0.0007831041704854194
6	32	0.0007831041704854142
6	15	0.0007831041704854042
6	31	0.0007831041704853942
6	37	0.0007831041704853847
6	36	0.0007831041704853747
6	40	0.0007831041704853673
6	18	0.000783104170485366
6	39	0.000783104170485363
6	46	0.0007831041704852706
6	43	0.0007831041704852619
10	53	0.0007728565113041242
3	20	0.0007611348603791031
4	19	0.0006923274714160949
30	35	0.0006877986614857471
44	56	0.0006808359353299136
11	53	0.0006480650806045306
34	53	0.0005946841724421995
3	17	0.000550018353255269
7	21	0.0005432799148724675
9	34	0.0005430892041072299
13	42	0.0005219441493865174
45	56	0.0005070824450735794
28	29	0.0004673659678305041
22	27	0.0004635354966930662
42	52	0.0004417470054110372
20	50	0.0004185659200919502
29	55	0.00039478403755940396
12	16	0.00037534916414346713
12	14	0.0003753491641434281
37	55	0.0003506805250869404
38	55	0.0003506805250869079
32	55	0.0003506805250869001
36	55	0.0003506805250868949
39	55	0.0003506805250868949
8	55	0.0003506805250868897
43	55	0.0003506805250868771
46	55	0.00035068052508687017
15	55	0.00035068052508680555
40	55	0.00035068052508678777
31	55	0.00035068052508677606
18	55	0.0003506805250865991
13	45	0.0003339232528403297
17	53	0.0003281965472228406
9	53	0.0003275735471097666
9	21	0.0003202227959206629
28	55	0.00030061468698402115
44	55	0.0002725331555717674
13	27	0.0002695512115625399
10	16	0.0002544873552587034
10	14	0.0002544873552586548
10	21	0.0002329733356486621
17	27	0.00020135323157921808
6	35	0.00014598101644030734
9	50	0.00013408548769433494
8	35	0.00011181457225361647
35	39	0.00011181457225342868
35	36	0.00011181457225342218
32	35	0.00011181457225340873
35	46	0.00011181457225335235
31	35	0.00011181457225334325
35	37	0.00011181457225327603
35	43	0.00011181457225319189
35	40	0.00011181457225316457
18	35	0.00011181457225315026
35	38	0.00011181457225314462
15	35	0.00011181457225303056
49	53	9.052040430651814e-05
9	11	4.492925303771012e-05
6	54	3.461111047262967e-05
11	17	8.665053495898831e-06
5	25	-2.382489886712698e-05
25	41	-2.3824898867338615e-05
25	47	-2.382489886736637e-05
11	51	-4.1080743676795255e-05
17	50	-4.453264698835299e-05
9	52	-4.4854557704298095e-05
12	21	-6.477122652808137e-05
19	20	-6.756621423035809e-05
13	49	-8.227328252936785e-05
20	53	-0.00010821372101601709
6	14	-0.00021609169956998903
6	16	-0.00021609169957039235
12	19	-0.0002620320073908663
20	21	-0.0003156627876875187
17	52	-0.0003290885476013002
6	53	-0.00033568671980821734
18	48	-0.00041171629375942945
8	48	-0.00041171629375949363
40	48	-0.0004117162937595203
39	48	-0.00041171629375955066
32	48	-0.00041171629375957885
36	48	-0.0004117162937596526
15	48	-0.0004117162937596578
37	48	-0.0004117162937596892
31	48	-0.00041171629375970093
38	48	-0.00041171629375975926
43	48	-0.00041171629375977574
46	48	-0.00041171629375978723
51	54	-0.00042478560859285537
42	54	-0.00043699232743108635
12	50	-0.000441861951569283
28	50	-0.0004603985642355011
8	47	-0.00046949026282749645
41	43	-0.0004694902628275472
37	41	-0.00046949026282755413
31	41	-0.0004694902628275823
41	46	-0.00046949026282759295
38	41	-0.00046949026282763827
43	47	-0.0004694902628276441
15	41	-0.0004694902628276836
8	41	-0.00046949026282769313
5	18	-0.0004694902628277313
40	47	-0.00046949026282773454
37	47	-0.0004694902628277482
46	47	-0.0004694902628277599
36	41	-0.000469490262827771
32	41	-0.0004694902628277749
36	47	-0.0004694902628277829
38	47	-0.0004694902628277998
15	47	-0.00046949026282780263
31	47	-0.0004694902628278059
40	41	-0.00046949026282782583
39	41	-0.0004694902628278341
5	15	-0.00046949026282786313
5	31	-0.000469490262827882
5	40	-0.00046949026282789826
5	32	-0.00046949026282789934
5	37	-0.00046949026282790845
5	39	-0.00046949026282791517
5	36	-0.0004694902628279193
32	47	-0.00046949026282791994
18	47	-0.0004694902628279247
5	38	-0.0004694902628279544
18	41	-0.0004694902628279603
5	46	-0.0004694902628279787
39	47	-0.00046949026282798695
5	8	-0.00046949026282808604
5	43	-0.00046949026282814676
43	57	-0.000498906652791291
18	57	-0.0004989066527914358
8	57	-0.0004989066527915733
31	57	-0.0004989066527915783
37	57	-0.0004989066527916212
36	57	-0.0004989066527916306
39	57	-0.0004989066527916323
38	57	-0.0004989066527916323
32	57	-0.0004989066527916401
46	57	-0.0004989066527916581
15	57	-0.00049890665279168
40	57	-0.0004989066527917581
12	23	-0.0005045261173018383
12	53	-0.0005305237520998518
6	50	-0.0005368835979264533
53	54	-0.0005712701223484279
7	11	-0.0005742449744351673
11	21	-0.0005828574158928792
22	34	-0.0006031311987341297
44	54	-0.0006436666910407344
3	50	-0.0006514878856409851
34	56	-0.0007013346269315228
20	34	-0.0007078886662341035
12	25	-0.0007230727984226058
42	50	-0.0007487054754083643
24	51	-0.0007557703546494272
10	50	-0.0007764047774553372
21	52	-0.0007835097224658167
3	26	-0.0008027389640203001
4	34	-0.0008076656869403127
26	30	-0.0008174509044925095
35	45	-0.0008357882648540871
21	56	-0.0008360447716039927
4	12	-0.0008383762403176365
11	34	-0.000848078493847241
17	34	-0.0008572648091529052
2	29	-0.0008644449556779107
16	57	-0.0008772974731657247
14	57	-0.0008772974731659725
33	44	-0.0008956829846167667
1	40	-0.0009076945003491216
1	8	-0.0009076945003491355
1	39	-0.0009076945003491563
1	31	-0.0009076945003491771
1	32	-0.0009076945003492318
1	38	-0.000907694500349268
1	37	-0.0009076945003492836
1	18	-0.000907694500349319
1	15	-0.0009076945003493415
1	46	-0.0009076945003493645
1	43	-0.0009076945003493686
1	36	-0.0009076945003493814
20	55	-0.0009146293370550403
14	55	-0.0009400660642932743
16	55	-0.0009400660642935597
14	41	-0.0009410524172422847
5	14	-0.0009410524172423678
5	16	-0.0009410524172423973
16	41	-0.0009410524172424025
16	47	-0.0009410524172424719
14	47	-0.0009410524172424922
6	25	-0.0009568570895876535
11	28	-0.0009594841316769645
21	35	-0.0009608466072202021
21	48	-0.0009922954345752074
6	7	-0.0009972895640904386
12	44	-0.00100107662668494
4	35	-0.0010117951356202175
11	26	-0.0010317667010561757
47	53	-0.001073592561194058
41	53	-0.0010735925611941321
5	53	-0.0010735925611941879
14	48	-0.0010773600235248746
16	48	-0.001077360023524991
35	50	-0.00107896717841688
48	53	-0.0010932923326041576
3	24	-0.0010953963789273463
28	49	-0.0011195510548695706
35	54	-0.0011414161692822975
23	55	-0.0011762624102197548
6	34	-0.0012006081530092437
12	26	-0.0012272163744252596
53	55	-0.0012353020560468366
27	49	-0.0012396315431421404
21	41	-0.0012410023315100602
21	47	-0.0012410023315104419
5	21	-0.001241002331510631
6	12	-0.0012690930151221282
21	54	-0.0012840830785499652
7	17	-0.001291352542460685
41	50	-0.0013064045977068915
5	50	-0.0013064045977070025
47	50	-0.0013064045977070975
10	34	-0.0013148994970782302
34	55	-0.0013222039563996067
3	14	-0.0013391273358387954
3	16	-0.0013391273358390734
17	28	-0.0013815745993527888
21	57	-0.0013921190017214583
1	50	-0.0013960110690213238
7	9	-0.0014037760104292783
48	50	-0.001405443323799611
49	51	-0.0014142849018329226
9	25	-0.0014243877395947197
17	35	-0.0014251449745076908
24	50	-0.0014256611166291976
50	57	-0.0014487331954963377
17	26	-0.0014537869269578112
1	14	-0.0014559562825999987
1	16	-0.0014559562826001425
53	57	-0.001463402529570442
2	26	-0.0014663003279133929
12	34	-0.0014690977522901524
9	20	-0.0014830193819066351
42	53	-0.0014838062205372207
14	44	-0.0014864719744698768
16	44	-0.0014864719744698972
9	55	-0.001532641511281677
3	53	-0.0015591323333401987
17	55	-0.0015877447131794854
27	57	-0.0015911907411336797
25	52	-0.0015922602341837157
3	18	-0.00160206436741921
3	15	-0.0016020643674194428
3	8	-0.0016020643674195542
3	31	-0.0016020643674195892
3	32	-0.0016020643674196033
3	40	-0.0016020643674196323
3	39	-0.0016020643674196505
3	46	-0.0016020643674196982
3	36	-0.0016020643674197611
3	43	-0.0016020643674197715
3	37	-0.0016020643674197728
3	38	-0.0016020643674197785
17	20	-0.0016075749124722792
26	55	-0.0016139494583619508
7	12	-0.0016279213748143038
43	51	-0.0016326540729276373
46	51	-0.0016326540729277772
40	51	-0.0016326540729278242
8	51	-0.0016326540729278336
38	51	-0.0016326540729278821
15	51	-0.0016326540729278943
37	51	-0.0016326540729279043
39	51	-0.0016326540729279045
32	51	-0.0016326540729279164
36	51	-0.0016326540729279181
31	51	-0.0016326540729279277
18	51	-0.0016326540729279875
11	25	-0.0016407433394174924
35	48	-0.0016551848432354308
27	55	-0.001665799698948799
8	42	-0.0016722197212080284
15	42	-0.001672219721208091
18	42	-0.0016722197212081923
37	42	-0.001672219721208205
32	42	-0.0016722197212082183
36	42	-0.0016722197212082253
38	42	-0.0016722197212082266
42	43	-0.001672219721208295
42	46	-0.0016722197212083597
31	42	-0.0016722197212083606
40	42	-0.0016722197212083612
39	42	-0.0016722197212083977
14	42	-0.001674137268149629
16	42	-0.001674137268149772
52	56	-0.0017374589315003967
3	51	-0.0017508974759651921
1	21	-0.00175673420430434
12	20	-0.0017686715657666396
34	48	-0.0017698083792471305
5	34	-0.001775011835815193
34	47	-0.001775011835815307
34	41	-0.0017750118358155268
27	35	-0.0017792483720387997
29	34	-0.0017802641822098064
34	51	-0.0017868225324484347
21	51	-0.0017938357782872805
4	57	-0.0017946547482757293
23	30	-0.0018053971059047037
34	57	-0.0018062569049549556
6	20	-0.001817169520522598
7	48	-0.0018760517915304747
7	35	-0.0018988691748566579
12	42	-0.0019190313047540712
3	11	-0.0019201913397788768
7	10	-0.0019384632547080492
19	44	-0.001955828448941826
23	34	-0.0019577948813102176
3	6	-0.0019581003397441477
14	54	-0.001963434558602521
16	54	-0.0019634345586025843
37	45	-0.0019730095373117792
36	45	-0.001973009537311791
43	45	-0.001973009537311803
18	45	-0.00197300953731187
31	45	-0.0019730095373119093
32	45	-0.001973009537311921
45	46	-0.001973009537311925
38	45	-0.0019730095373119436
8	45	-0.0019730095373119666
15	45	-0.0019730095373119696
40	45	-0.00197300953731208
39	45	-0.001973009537312106
25	48	-0.001986397681728252
13	35	-0.001990947408971662
6	11	-0.0019958054695038458
11	20	-0.0020002770572062093
4	32	-0.0020214600480668015
4	40	-0.002021460048066935
4	39	-0.0020214600480669503
4	36	-0.0020214600480669568
4	37	-0.0020214600480669585
4	8	-0.0020214600480669923
4	46	-0.002021460048067001
4	43	-0.002021460048067029
4	38	-0.0020214600480670305
4	31	-0.002021460048067066
4	15	-0.002021460048067236
4	18	-0.0020214600480672764
3	48	-0.0020263355988522453
50	52	-0.002030350055909962
12	35	-0.002038625450584805
1	25	-0.002038906826721183
1	53	-0.0020471520782924047
21	42	-0.0020520505368379865
9	24	-0.0020847319798855193
48	55	-0.0021087069697418174
7	47	-0.00213181277734762
5	7	-0.0021318127773476223
7	41	-0.0021318127773477767
2	35	-0.0021328229555174884
17	44	-0.002161530677969364
2	50	-0.0022026721816199666
12	24	-0.002203063908085813
2	21	-0.0022308150812499223
4	21	-0.002235287032460206
20	54	-0.0022424305218975947
11	35	-0.0022497243720600523
14	51	-0.002261539943222811
16	51	-0.0022615399432229437
23	46	-0.0022620677295146965
23	43	-0.0022620677295148574
23	38	-0.0022620677295148756
23	36	-0.002262067729514905
18	23	-0.0022620677295149307
8	23	-0.0022620677295149506
23	37	-0.0022620677295149528
23	32	-0.0022620677295149606
23	40	-0.002262067729514996
23	31	-0.002262067729515004
23	39	-0.002262067729515098
15	23	-0.0022620677295153114
3	29	-0.0022669633148603933
9	12	-0.002289823828549311
23	27	-0.002299403959930406
2	40	-0.002308146584910826
2	8	-0.002308146584910834
2	39	-0.0023081465849108503
2	37	-0.002308146584910883
2	38	-0.0023081465849108945
2	36	-0.0023081465849109197
2	31	-0.002308146584910927
2	32	-0.002308146584910958
2	46	-0.0023081465849109795
2	18	-0.0023081465849109947
2	15	-0.0023081465849110775
2	43	-0.0023081465849110966
28	35	-0.002335733780742098
11	56	-0.0023381345913668847
21	45	-0.002354411681134084
8	19	-0.0023682013832135107
15	19	-0.002368201383213579
19	32	-0.0023682013832137744
19	40	-0.002368201383213778
19	39	-0.0023682013832137822
18	19	-0.0023682013832138056
19	43	-0.0023682013832138486
19	36	-0.002368201383213933
19	37	-0.002368201383213956
19	38	-0.002368201383213957
19	46	-0.002368201383214003
19	31	-0.002368201383214033
35	57	-0.0023810751722348634
7	55	-0.002386523810906651
21	22	-0.0024063872702913946
8	54	-0.002421046369876383
40	54	-0.0024210463698764086
32	54	-0.002421046369876472
18	54	-0.0024210463698765674
15	54	-0.002421046369876608
31	54	-0.0024210463698766133
38	54	-0.0024210463698766133
39	54	-0.0024210463698766302
36	54	-0.002421046369876668
37	54	-0.0024210463698767044
46	54	-0.0024210463698767213
43	54	-0.0024210463698769074
21	29	-0.002437072024664179
46	52	-0.002442999604282443
38	52	-0.0024429996042824773
39	52	-0.002442999604282496
15	52	-0.002442999604282517
31	52	-0.002442999604282521
32	52	-0.0024429996042825215
37	52	-0.002442999604282535
8	52	-0.002442999604282545
36	52	-0.002442999604282564
43	52	-0.0024429996042825944
18	52	-0.0024429996042826902
40	52	-0.0024429996042828668
29	53	-0.0024626513626793663
51	53	-0.0024639719684608234
7	57	-0.002467677338873091
8	44	-0.002473651064421693
18	44	-0.002473651064421766
39	44	-0.002473651064421918
15	44	-0.002473651064421923
40	44	-0.00247365106442193
44	46	-0.0024736510644219768
36	44	-0.002473651064422066
31	44	-0.002473651064422098
43	44	-0.0024736510644221173
38	44	-0.002473651064422194
32	44	-0.00247365106442221
37	44	-0.0024736510644222153
2	14	-0.0024739793970831835
2	16	-0.0024739793970833526
34	42	-0.0024782485765121533
49	54	-0.0024874551565607275
10	54	-0.0025136804746539888
29	43	-0.0025149264547912756
29	38	-0.002514926454791357
29	46	-0.002514926454791357
8	29	-0.0025149264547913728
29	39	-0.0025149264547914066
29	32	-0.002514926454791413
29	37	-0.002514926454791418
29	36	-0.0025149264547914187
29	31	-0.002514926454791427
29	40	-0.0025149264547915354
15	29	-0.002514926454791685
18	29	-0.0025149264547917544
9	26	-0.002520680917924378
18	30	-0.002530798786440057
8	30	-0.002530798786440077
30	43	-0.0025307987864402366
30	36	-0.002530798786440267
30	32	-0.002530798786440272
15	30	-0.0025307987864402757
30	31	-0.002530798786440281
30	46	-0.002530798786440288
30	39	-0.002530798786440334
30	37	-0.002530798786440397
30	40	-0.0025307987864404
30	38	-0.002530798786440444
12	17	-0.002531296123650504
25	57	-0.0025445219687638826
20	42	-0.002563460527899089
49	50	-0.002576873245561501
29	51	-0.002588150973733593
1	34	-0.0025953798630596065
8	22	-0.002598264622990923
22	38	-0.0025982646229910575
22	40	-0.0025982646229910683
22	36	-0.0025982646229912006
22	32	-0.002598264622991201
22	46	-0.002598264622991203
22	43	-0.0025982646229912153
22	31	-0.0025982646229912223
18	22	-0.002598264622991245
22	39	-0.0025982646229913103
15	22	-0.002598264622991317
22	37	-0.0025982646229913285
14	45	-0.002610917321972529
16	45	-0.0026109173219726594
34	49	-0.002620884332915647
4	14	-0.0026318551685722297
4	16	-0.002631855168572335
20	48	-0.0026371467361355717
44	52	-0.0026411993944411762
26	42	-0.0026425178772450904
50	51	-0.0026781419616980252
3	10	-0.0026952204868081666
23	28	-0.002709563453808777
18	49	-0.0027139250433819836
39	49	-0.002713925043382213
40	49	-0.0027139250433822616
36	49	-0.002713925043382327
8	49	-0.0027139250433823306
38	49	-0.00271392504338234
15	49	-0.0027139250433823444
32	49	-0.0027139250433823574
37	49	-0.002713925043382387
46	49	-0.002713925043382435
31	49	-0.0027139250433824867
43	49	-0.0027139250433825548
9	48	-0.0027218520315301074
10	13	-0.0027269866827360515
2	34	-0.0027281268113855473
3	34	-0.0027301694027884204
20	29	-0.0027407385501700523
23	50	-0.0027445292612136426
19	53	-0.002747911501042821
45	50	-0.002775758716465196
7	23	-0.0027851861538553155
1	7	-0.0027860454855478745
9	35	-0.002799344191100728
11	48	-0.002806191007601347
4	53	-0.002817801566004818
6	17	-0.002831156992604542
10	20	-0.002850273516679127
3	7	-0.002853647738001488
33	55	-0.002858844828825294
7	54	-0.0028666257131045973
19	55	-0.0029120603643202356
13	22	-0.0029430387359287054
5	9	-0.0029663560385916094
9	47	-0.0029663560385916102
9	41	-0.0029663560385918795
17	48	-0.0029767571232823427
34	54	-0.0029831636799990853
14	25	-0.003008956458951797
16	25	-0.00300895645895197
10	11	-0.0030111692138348285
35	44	-0.0030136341400017787
45	53	-0.003024467905431601
12	48	-0.0030254430726680418
14	30	-0.003033764605470911
16	30	-0.0030337646054709884
14	52	-0.0030381588216588686
16	52	-0.003038158821658922
4	50	-0.0030403671912993856
6	9	-0.003042773464062856
25	34	-0.003043943640701211
12	54	-0.003054404813823062
10	17	-0.0030552099111666423
14	23	-0.003085789134320318
16	23	-0.0030857891343203927
26	49	-0.003096075761296743
29	50	-0.0030985241294632874
50	54	-0.003105053921470876
14	22	-0.003105594487817485
16	22	-0.003105594487817715
20	47	-0.0031209547793409087
5	20	-0.0031209547793409472
20	41	-0.0031209547793411485
9	10	-0.0031274248494569446
10	25	-0.00313769968244055
12	13	-0.0031416725371423977
17	41	-0.003149795070951685
5	17	-0.0031497950709522306
17	47	-0.003149795070952247
9	42	-0.0031517668944057104
19	50	-0.0031534023454740496
21	44	-0.00315764548025787
11	52	-0.003159125135522782
21	28	-0.003189592917500285
14	19	-0.0031968317663363943
16	19	-0.0031968317663365504
13	51	-0.0032036298003641083
28	30	-0.003210400261462897
44	50	-0.003223144462754489
2	53	-0.0032297912009782736
6	19	-0.003253162165631299
16	29	-0.003253624626020518
14	29	-0.003253624626020651
7	19	-0.003262208229979821
28	34	-0.0032718824145484843
20	52	-0.0032731749138982004
14	49	-0.0032780145963223657
16	49	-0.0032780145963223857
5	12	-0.0032984589244409953
12	41	-0.003298458924441292
12	47	-0.0032984589244415023
8	26	-0.003304077942527148
26	40	-0.003304077942527212
26	39	-0.0033040779425272193
18	26	-0.0033040779425272475
26	43	-0.003304077942527248
15	26	-0.0033040779425272493
26	46	-0.00330407794252736
26	38	-0.0033040779425273707
26	32	-0.003304077942527388
26	37	-0.0033040779425274453
26	36	-0.003304077942527462
26	31	-0.003304077942527466
30	53	-0.003305210217722363
30	50	-0.00332187714031994
5	11	-0.0033275636622540693
11	47	-0.003327563662254087
11	41	-0.0033275636622543594
17	57	-0.003340052843775315
12	51	-0.003348069375317335
10	12	-0.003360012505910357
21	30	-0.003365286545758192
11	57	-0.0033765359349725394
43	56	-0.0033780650316148925
38	56	-0.00337806503161497
8	56	-0.003378065031614974
15	56	-0.0033780650316149823
37	56	-0.0033780650316150166
32	56	-0.003378065031615033
31	56	-0.003378065031615046
46	56	-0.003378065031615059
36	56	-0.0033780650316150625
39	56	-0.0033780650316152065
18	56	-0.0033780650316152416
40	56	-0.00337806503161525
12	45	-0.003412210685922067
6	42	-0.0034231047324011013
8	13	-0.003431662399689877
13	43	-0.0034316623996899715
13	31	-0.0034316623996899867
13	32	-0.0034316623996900157
13	37	-0.0034316623996900157
13	15	-0.0034316623996900174
13	38	-0.003431662399690025
13	40	-0.0034316623996900465
13	39	-0.0034316623996900547
13	36	-0.003431662399690074
13	18	-0.003431662399690117
13	46	-0.0034316623996901753
21	49	-0.003441253715303892
48	51	-0.003452443084091223
10	35	-0.0034613463973839514
33	43	-0.003465515889237729
8	33	-0.0034655158892377296
31	33	-0.0034655158892377353
32	33	-0.0034655158892377513
33	46	-0.003465515889237763
33	37	-0.0034655158892378
33	38	-0.003465515889237803
33	39	-0.003465515889237816
15	33	-0.003465515889237836
33	40	-0.003465515889237871
33	36	-0.0034655158892378754
18	33	-0.0034655158892379625
8	27	-0.0034916280033297506
18	27	-0.003491628003330123
15	27	-0.003491628003330138
27	37	-0.003491628003330296
27	40	-0.0034916280033303
27	31	-0.0034916280033303075
27	39	-0.0034916280033303083
27	46	-0.0034916280033303305
27	43	-0.0034916280033303305
27	38	-0.003491628003330356
27	32	-0.003491628003330413
27	36	-0.003491628003330414
13	21	-0.00349682007523065
9	57	-0.003512498345911738
44	53	-0.0035158496300731505
34	45	-0.003516977260024214
22	50	-0.003521068341520636
4	11	-0.0035272334438999865
13	53	-0.0035297048884795385
35	52	-0.003540075356444716
19	21	-0.003556568464451778
16	27	-0.0035572416310617797
14	27	-0.0035572416310617975
12	57	-0.0035582526802362393
7	29	-0.0035707173152724698
1	9	-0.0035728392124404593
35	42	-0.003577106411314294
15	28	-0.0035921705688589985
28	31	-0.0035921705688590514
28	39	-0.0035921705688590527
28	40	-0.0035921705688590592
28	36	-0.0035921705688590605
28	38	-0.003592170568859085
18	28	-0.0035921705688590857
28	37	-0.003592170568859096
28	32	-0.0035921705688591525
28	43	-0.0035921705688591655
28	46	-0.003592170568859166
8	28	-0.0035921705688592214
11	19	-0.0036226239184231875
11	42	-0.003653830078616843
19	34	-0.003700510154899344
3	35	-0.003710133304681627
6	48	-0.0037154782396420036
9	19	-0.003724813366601208
17	24	-0.003752024111747617
30	34	-0.0037584320900208162
26	53	-0.003818337877104263
25	50	-0.0038215222003810424
13	54	-0.0038272307212708937
1	17	-0.0038279826935821945
18	24	-0.003834833321650938
15	24	-0.003834833321650961
8	24	-0.0038348333216509708
24	37	-0.0038348333216510215
24	43	-0.0038348333216510636
24	40	-0.0038348333216510835
24	36	-0.003834833321651087
24	38	-0.0038348333216510913
24	32	-0.0038348333216511364
24	46	-0.00383483332165115
24	39	-0.0038348333216511503
24	31	-0.0038348333216511616
53	56	-0.0038373878248074336
35	55	-0.0038488364593727634
6	10	-0.0038635783550845402
14	56	-0.003868169312534915
16	56	-0.0038681693125352384
25	46	-0.0038690483155158334
8	25	-0.003869048315515929
25	40	-0.003869048315515957
25	39	-0.00386904831551596
25	32	-0.0038690483155160433
15	25	-0.00386904831551606
25	43	-0.003869048315516096
25	38	-0.003869048315516115
25	36	-0.0038690483155161166
25	37	-0.0038690483155161253
25	31	-0.003869048315516148
18	25	-0.0038690483155161695
50	56	-0.0038691015905190163
21	27	-0.003877711424830289
1	20	-0.003899448713768495
13	17	-0.003910070157468443
6	55	-0.003911513631697901
5	35	-0.003913340389970617
35	47	-0.003913340389970641
35	41	-0.003913340389970791
13	48	-0.003917651290119751
6	33	-0.003928086239839966
16	24	-0.003930704500369121
14	24	-0.0039307045003691725
11	13	-0.003976552247460684
20	44	-0.003980931268229799
42	51	-0.003987108878403181
10	48	-0.003993817963728261
26	50	-0.003999255769655036
13	14	-0.004032776392590001
13	16	-0.0040327763925902035
12	49	-0.004050174614641547
14	33	-0.004056749181115382
16	33	-0.004056749181115646
55	57	-0.0040571790400304565
6	22	-0.0040772059943926745
7	45	-0.0040987757120961935
7	52	-0.0041278689644299
13	50	-0.004131373804819623
16	28	-0.004144139837961903
14	28	-0.004144139837962143
5	6	-0.004158087172746898
6	41	-0.004158087172747053
6	47	-0.004158087172747064
4	7	-0.004170228165681767
11	24	-0.0041846141244882805
20	26	-0.004186029073916313
13	56	-0.0041904852184398685
7	13	-0.0041909607221060205
6	57	-0.0041983170257114885
13	34	-0.004246918472598202
1	35	-0.004263706806145716
13	57	-0.004267249730797585
10	55	-0.004273941226285841
7	22	-0.0042850080532949465
12	33	-0.004312939078846572
28	45	-0.004367807054036098
5	10	-0.004379593149437488
10	41	-0.0043795931494376075
10	47	-0.004379593149437684
26	35	-0.004391986831338188
4	22	-0.004406237794271439
13	41	-0.004413923624695375
13	47	-0.0044139236246954015
5	13	-0.004413923624695476
4	42	-0.004433577065994573
17	42	-0.004436539942170872
27	53	-0.004447856338711597
7	27	-0.004471531770762121
6	52	-0.004478467353262618
33	53	-0.004491063516024749
10	57	-0.004493029579097122
28	53	-0.00450275447316157
29	52	-0.0045165182266770024
47	55	-0.004529911360369429
41	55	-0.004529911360369499
5	55	-0.004529911360369697
7	44	-0.0045369517995656646
3	9	-0.0045467806597219405
13	55	-0.004571983004169332
1	13	-0.004608600554518697
22	35	-0.004618444204445637
7	28	-0.004632120625103476
25	53	-0.0046365593013603925
2	7	-0.004637931031285951
33	50	-0.004649613699001663
10	56	-0.004663778696070566
9	13	-0.004676156298232176
20	51	-0.004724253387631288
2	12	-0.004735075942799349
13	20	-0.004743785908665093
35	51	-0.004760325217426106
21	33	-0.004765740536542742
26	34	-0.004782531642194722
21	26	-0.004828755499256426
19	35	-0.0048679267990006225
1	6	-0.004875824169837578
3	22	-0.004915764307364899
51	57	-0.004932827084831377
7	30	-0.004943955829253124
24	53	-0.004951058044478439
26	56	-0.004959997938855697
4	23	-0.004960917250174087
7	49	-0.0049666721706292
24	34	-0.004985519842798001
1	55	-0.005046141269974897
17	19	-0.005125892017753571
3	47	-0.005131937218207903
3	5	-0.005131937218207918
3	41	-0.005131937218208165
20	45	-0.005143494856141355
25	49	-0.005151591573815756
4	10	-0.005165403400829879
2	9	-0.005167786750828426
42	55	-0.0051701889837844125
21	25	-0.005172659021853471
17	30	-0.005232021066311087
9	44	-0.0052438507335969605
10	49	-0.00525097539260528
28	54	-0.005261682966353659
24	57	-0.00528320978462323
11	22	-0.005284309933125913
1	10	-0.005292156965204556
13	52	-0.00531000088995947
17	45	-0.00532124999020997
12	52	-0.00534159437670919
4	20	-0.005349957673777982
2	11	-0.0053816642345449455
33	34	-0.005427082222621842
11	54	-0.005439012504163493
29	49	-0.005458686564868923
11	45	-0.005474433410449991
7	26	-0.005480404225202553
6	51	-0.0055208691248303425
3	27	-0.00554996252573821
9	45	-0.005596385025558739
17	54	-0.0055994646346322115
10	42	-0.00560381461604121
2	20	-0.005637589337793146
19	45	-0.005673006955108568
10	29	-0.005674336700682775
28	48	-0.005678783819305963
19	25	-0.005695554020642809
33	35	-0.005766803595596309
45	55	-0.005785141044999243
12	56	-0.005788823592377342
24	55	-0.005790760620480289
2	17	-0.005836402195998729
11	44	-0.005870273930763782
11	30	-0.005884436668344761
23	35	-0.005914727133302893
9	22	-0.0059454402153943965
19	27	-0.005950048083889596
22	57	-0.005959727380020548
12	30	-0.0059818357081072955
4	51	-0.005982325794130896
33	52	-0.005991759492492442
26	48	-0.006016050742106827
22	49	-0.006045390693300229
25	51	-0.006079533080895096
17	22	-0.00607982435268035
4	26	-0.00610756968341958
9	49	-0.006119884156485183
4	48	-0.006165291663092312
20	30	-0.006214227547176269
1	23	-0.00622027076049033
30	48	-0.006222506003216492
1	22	-0.006252619939870486
2	10	-0.006257541170198939
30	55	-0.006263895162129559
7	33	-0.0063586501323658895
3	42	-0.006363397299141066
10	23	-0.006373503122896505
1	51	-0.0063757494477856055
23	49	-0.006391556815979572
17	49	-0.006395336319205131
25	56	-0.0063974305854967075
6	56	-0.006436944591141514
22	44	-0.006504969421747478
2	4	-0.006597275368169488
9	29	-0.006603703767981778
9	30	-0.006611680372869729
41	51	-0.006612339268500046
5	51	-0.0066123392685000885
47	51	-0.006612339268500101
3	57	-0.006701513602620812
27	48	-0.006711595946106945
1	3	-0.006730317417867925
9	33	-0.0067307148515646
4	52	-0.006781655397409728
4	49	-0.00679656737012908
30	57	-0.00680651125677282
20	56	-0.00682510286613768
33	56	-0.006936403576144584
22	42	-0.006943223023292486
10	45	-0.007004335891916659
54	55	-0.007018958122736162
23	57	-0.007096206886683791
17	29	-0.007134800231664313
35	56	-0.007152047008513995
49	55	-0.0071786232908209995
10	44	-0.0071826346614965965
29	35	-0.00720014307649061
3	25	-0.007270576651636615
3	54	-0.007281579479628349
6	30	-0.007311644988675458
6	26	-0.007319826612241757
22	56	-0.007322985220637797
11	33	-0.007370229710554998
30	47	-0.007380666322439283
30	41	-0.007380666322439399
5	30	-0.007380666322439552
2	55	-0.007385317296257374
4	5	-0.007439750213445659
4	41	-0.007439750213445872
4	47	-0.007439750213445917
10	52	-0.007543146672142724
6	49	-0.007590541443128174
19	48	-0.0076033305100085425
22	54	-0.007614102582291399
22	48	-0.007635570520094222
2	24	-0.007673621258644415
33	45	-0.007684862580659636
2	51	-0.007693810620161487
6	23	-0.007730696041629151
20	33	-0.00783730249783568
20	24	-0.007837785506594324
30	49	-0.007846846254555808
24	48	-0.007890250047812164
24	35	-0.007905757794673441
1	4	-0.007907297598552713
26	41	-0.007910668057495181
26	47	-0.007910668057495261
5	26	-0.007910668057495327
17	33	-0.007957016496959516
51	56	-0.00802460881704657
44	51	-0.00802711742292614
24	30	-0.008040784446746784
6	27	-0.0080921648313954
23	48	-0.008117654123714482
29	48	-0.008233746208498505
6	29	-0.00826504222567256
2	3	-0.008341106607694573
23	42	-0.008434561093828525
23	54	-0.008445588146377886
5	22	-0.008477659145393751
22	47	-0.008477659145394056
22	41	-0.008477659145394268
25	55	-0.008492102635419673
26	57	-0.008505620891730584
29	42	-0.008544770262369147
24	42	-0.008555754353031145
28	57	-0.008626380425253329
5	19	-0.00865131377705352
19	47	-0.008651313777053598
19	41	-0.00865131377705368
3	45	-0.008694674212072331
19	57	-0.008699336390030205
5	27	-0.008709356746451445
27	47	-0.008709356746451449
27	41	-0.008709356746451714
1	29	-0.008817166706457439
26	52	-0.008826021874604248
45	51	-0.00885481181663772
19	54	-0.008860062217051047
1	30	-0.008861577373373746
1	27	-0.008888720713045592
23	47	-0.008922084574185338
23	41	-0.008922084574185661
5	23	-0.008922084574185717
1	19	-0.009087544361800879
30	54	-0.009109152606710257
1	26	-0.009142613195354388
3	19	-0.009230330960769039
22	45	-0.009278635880200276
5	29	-0.009299191985922921
29	47	-0.009299191985923024
29	41	-0.009299191985923104
33	48	-0.009322501124533164
3	56	-0.009331672597860906
5	24	-0.009368292335495599
24	47	-0.009368292335495694
24	41	-0.009368292335495914
24	54	-0.009393050983819236
29	57	-0.009394265475897048
4	33	-0.009422379613966046
19	24	-0.009518528504914331
2	22	-0.009673192537973841
33	42	-0.009688654146030911
19	28	-0.009733966558127931
5	28	-0.009796599152017797
28	41	-0.009796599152017865
28	47	-0.009796599152017955
4	30	-0.009810143770936253
26	44	-0.00987784496131645
22	25	-0.009903823935963786
29	44	-0.009983143765604094
26	45	-0.010052720419317525
28	33	-0.01019740060925585
33	54	-0.010210558341233082
27	45	-0.010302476525270212
1	28	-0.010317175241260867
33	57	-0.010323680837503504
26	54	-0.010334900467191635
1	24	-0.010404482106624433
33	47	-0.010406343314528894
5	33	-0.010406343314529245
33	41	-0.010406343314529254
27	52	-0.010588896848428847
23	24	-0.010632624602958322
29	54	-0.01068319199083178
33	49	-0.010738687199897616
30	45	-0.010748846203625397
4	56	-0.011035057581746428
24	33	-0.01107947770882905
25	28	-0.011102509883729853
30	52	-0.011134766986625662
1	33	-0.0112450093901142
27	44	-0.011312943932790146
30	56	-0.011474461120672845
27	56	-0.011483828903071673
2	28	-0.011787367025417331
22	52	-0.011875188949603254
23	52	-0.011978121658103979
23	44	-0.011985203564077566
2	23	-0.012114300800591534
24	52	-0.01239534956727467
29	45	-0.012767361752605408
2	27	-0.012770264632953034
23	45	-0.012800965421309898
28	52	-0.012821519211028993
25	29	-0.013195207011507327
23	25	-0.013790769765724853
19	49	-0.013924246163131867
4	29	-0.014016223805749963
24	49	-0.014042069005019609
28	56	-0.014394565631842729
