#====================================================================================================
# This result is computed using mean-field DCA
# The first and second columns are site pairs. The third column represents interaction score
#====================================================================================================
1	36	0.014543326534644943
1	34	0.014543326534644841
3	34	0.014543326534644819
3	36	0.014543326534644798
34	36	0.014543326534644348
1	3	0.01454332653464426
2	35	0.007064840702880863
35	36	0.0037655078401580746
3	35	0.0037655078401580516
1	2	0.0037655078401580295
2	3	0.0037655078401579818
2	34	0.0037655078401579813
34	35	0.003765507840157967
2	36	0.00376550784015786
1	35	0.0037655078401578035
25	33	0.0004188699121857632
4	5	0.0004188699121856869
25	32	0.0004188699121856661
25	26	0.00041886991218565914
5	7	0.0004188699121856383
4	7	0.00041886991218563485
31	33	0.00041886991218562444
15	30	0.000418869912185621
19	33	0.00041886991218561404
17	30	0.00041886991218561404
5	8	0.0004188699121856071
6	7	0.0004188699121856071
12	30	0.00041886991218560016
20	29	0.0004188699121855967
13	18	0.0004188699121855967
25	27	0.0004188699121855932
23	28	0.0004188699121855828
18	25	0.0004188699121855828
23	32	0.00041886991218557934
10	13	0.00041886991218557934
5	6	0.00041886991218557587
17	31	0.00041886991218557587
11	13	0.00041886991218557587
11	14	0.00041886991218556893
12	28	0.00041886991218556893
6	9	0.00041886991218556546
15	25	0.00041886991218556546
15	28	0.000418869912185562
17	28	0.000418869912185562
25	29	0.000418869912185562
4	8	0.0004188699121855585
29	33	0.0004188699121855585
22	32	0.0004188699121855585
23	30	0.0004188699121855585
9	25	0.0004188699121855585
27	31	0.00041886991218555505
24	27	0.0004188699121855516
21	25	0.0004188699121855516
23	31	0.0004188699121855481
26	30	0.00041886991218554465
20	28	0.00041886991218554465
6	19	0.0004188699121855412
19	28	0.0004188699121855412
13	14	0.0004188699121855377
7	11	0.00041886991218553424
6	8	0.00041886991218553077
4	25	0.00041886991218553077
14	30	0.00041886991218553077
29	30	0.00041886991218553077
22	30	0.00041886991218553077
6	25	0.00041886991218553077
22	28	0.00041886991218553077
5	26	0.0004188699121855273
15	24	0.0004188699121855273
14	17	0.0004188699121855273
27	30	0.0004188699121855273
20	25	0.0004188699121855273
8	20	0.00041886991218552383
5	29	0.00041886991218552383
24	33	0.00041886991218552383
11	15	0.00041886991218552383
27	28	0.00041886991218552383
12	25	0.00041886991218552383
17	32	0.00041886991218552036
14	18	0.00041886991218552036
10	11	0.00041886991218552036
28	32	0.00041886991218552036
8	25	0.00041886991218552036
8	16	0.0004188699121855134
20	31	0.0004188699121855134
20	30	0.0004188699121855134
19	30	0.0004188699121855134
18	28	0.0004188699121855134
12	31	0.00041886991218550995
15	23	0.00041886991218550995
18	22	0.00041886991218550995
28	31	0.00041886991218550995
17	25	0.00041886991218550995
16	25	0.00041886991218550995
7	14	0.0004188699121855065
21	31	0.0004188699121855065
11	18	0.0004188699121855065
13	24	0.0004188699121855065
7	12	0.000418869912185503
21	33	0.000418869912185503
9	21	0.000418869912185503
24	30	0.000418869912185503
4	13	0.00041886991218549954
22	31	0.00041886991218549954
13	16	0.00041886991218549954
4	9	0.0004188699121854961
15	20	0.0004188699121854961
26	33	0.0004188699121854961
10	30	0.0004188699121854961
21	22	0.0004188699121854961
28	33	0.0004188699121854961
14	25	0.0004188699121854961
17	33	0.0004188699121854926
21	29	0.0004188699121854926
12	24	0.0004188699121854926
12	29	0.0004188699121854926
29	31	0.0004188699121854926
11	17	0.0004188699121854926
18	23	0.0004188699121854926
18	19	0.0004188699121854926
19	25	0.0004188699121854926
8	10	0.00041886991218548913
5	9	0.00041886991218548913
5	27	0.00041886991218548913
5	19	0.00041886991218548913
23	33	0.00041886991218548913
13	15	0.00041886991218548913
24	28	0.00041886991218548913
20	32	0.00041886991218548567
7	16	0.00041886991218548567
10	17	0.00041886991218548567
26	29	0.00041886991218548567
15	19	0.00041886991218548567
9	23	0.00041886991218548567
19	31	0.00041886991218548567
21	28	0.00041886991218548567
28	30	0.00041886991218548567
10	18	0.0004188699121854822
12	20	0.0004188699121854822
9	19	0.0004188699121854822
7	9	0.0004188699121854787
21	32	0.0004188699121854787
16	30	0.0004188699121854787
26	28	0.0004188699121854787
24	25	0.0004188699121854787
16	20	0.00041886991218547526
11	25	0.00041886991218547526
23	25	0.00041886991218547526
4	6	0.0004188699121854718
4	19	0.0004188699121854718
8	14	0.0004188699121854718
18	32	0.0004188699121854718
16	32	0.0004188699121854718
10	24	0.0004188699121854718
9	29	0.0004188699121854718
24	31	0.0004188699121854718
13	17	0.0004188699121854718
11	22	0.0004188699121854718
24	32	0.0004188699121854683
11	12	0.0004188699121854683
23	24	0.0004188699121854683
16	28	0.0004188699121854683
5	21	0.00041886991218546485
20	33	0.00041886991218546485
12	21	0.00041886991218546485
10	27	0.00041886991218546485
27	29	0.00041886991218546485
6	27	0.0004188699121854614
5	20	0.0004188699121854614
8	29	0.0004188699121854614
15	33	0.0004188699121854614
15	26	0.0004188699121854614
18	21	0.0004188699121854614
27	32	0.0004188699121854614
27	33	0.0004188699121854614
23	27	0.0004188699121854614
26	32	0.0004188699121854579
18	20	0.0004188699121854579
21	30	0.0004188699121854579
21	23	0.0004188699121854579
11	16	0.0004188699121854579
15	29	0.00041886991218545444
21	26	0.00041886991218545444
10	12	0.00041886991218545097
10	31	0.00041886991218545097
8	22	0.00041886991218545097
10	16	0.00041886991218545097
21	24	0.00041886991218545097
14	27	0.00041886991218545097
15	22	0.00041886991218545097
4	23	0.0004188699121854475
7	15	0.0004188699121854475
5	24	0.0004188699121854475
18	31	0.0004188699121854475
16	24	0.0004188699121854475
12	22	0.0004188699121854475
14	22	0.0004188699121854475
12	19	0.0004188699121854475
13	31	0.0004188699121854475
11	19	0.0004188699121854475
5	25	0.0004188699121854475
8	18	0.00041886991218544403
8	11	0.00041886991218544403
5	23	0.00041886991218544403
16	31	0.00041886991218544403
6	23	0.00041886991218544056
30	33	0.00041886991218544056
12	23	0.00041886991218544056
13	19	0.00041886991218544056
4	29	0.0004188699121854371
15	21	0.0004188699121854371
7	18	0.0004188699121854371
14	32	0.0004188699121854371
6	22	0.0004188699121854371
16	21	0.0004188699121854371
21	27	0.0004188699121854371
22	33	0.0004188699121854371
14	19	0.0004188699121854371
6	11	0.0004188699121854336
26	31	0.0004188699121854336
9	14	0.0004188699121854336
20	26	0.0004188699121854336
14	16	0.0004188699121854336
9	22	0.0004188699121854336
8	15	0.00041886991218543015
8	33	0.00041886991218543015
5	31	0.00041886991218543015
9	26	0.00041886991218543015
9	27	0.00041886991218543015
19	32	0.00041886991218543015
14	23	0.00041886991218543015
10	28	0.00041886991218543015
10	25	0.00041886991218543015
22	25	0.00041886991218543015
6	29	0.0004188699121854267
7	10	0.0004188699121854267
31	32	0.0004188699121854267
7	24	0.0004188699121854267
9	20	0.0004188699121854267
9	24	0.0004188699121854267
18	26	0.0004188699121854267
16	18	0.0004188699121854267
20	22	0.0004188699121854267
16	23	0.0004188699121854267
22	23	0.0004188699121854267
6	21	0.0004188699121854232
8	12	0.0004188699121854232
9	17	0.0004188699121854232
9	16	0.0004188699121854232
10	22	0.0004188699121854232
16	22	0.0004188699121854232
13	22	0.0004188699121854232
6	20	0.00041886991218541975
18	33	0.00041886991218541975
16	26	0.00041886991218541975
30	32	0.00041886991218541975
7	13	0.00041886991218541975
13	27	0.00041886991218541975
13	25	0.00041886991218541975
4	21	0.0004188699121854163
4	26	0.0004188699121854163
10	33	0.0004188699121854163
29	32	0.0004188699121854163
12	16	0.0004188699121854163
12	27	0.0004188699121854163
17	23	0.0004188699121854163
30	31	0.0004188699121854163
4	22	0.0004188699121854128
12	17	0.0004188699121854128
7	28	0.0004188699121854128
28	29	0.0004188699121854128
13	28	0.0004188699121854128
10	20	0.00041886991218540934
14	21	0.00041886991218540934
12	26	0.00041886991218540934
17	22	0.00041886991218540934
19	23	0.00041886991218540934
4	24	0.00041886991218540587
15	31	0.00041886991218540587
16	33	0.00041886991218540587
26	27	0.00041886991218540587
9	13	0.00041886991218540587
4	14	0.0004188699121854024
17	26	0.0004188699121854024
24	29	0.0004188699121854024
17	19	0.0004188699121854024
9	31	0.00041886991218539893
5	22	0.00041886991218539893
17	24	0.00041886991218539893
17	27	0.00041886991218539893
11	21	0.00041886991218539893
16	29	0.00041886991218539893
8	28	0.00041886991218539893
4	17	0.00041886991218539546
4	30	0.00041886991218539546
6	26	0.00041886991218539546
18	27	0.00041886991218539546
10	19	0.00041886991218539546
11	29	0.00041886991218539546
12	13	0.00041886991218539546
11	23	0.00041886991218539546
4	20	0.000418869912185392
8	26	0.000418869912185392
32	33	0.000418869912185392
17	21	0.000418869912185392
15	27	0.000418869912185392
17	29	0.000418869912185392
8	13	0.000418869912185392
18	29	0.000418869912185392
20	23	0.000418869912185392
16	19	0.000418869912185392
14	28	0.000418869912185392
6	24	0.0004188699121853885
15	32	0.0004188699121853885
9	15	0.0004188699121853885
9	10	0.0004188699121853885
14	15	0.0004188699121853885
14	26	0.0004188699121853885
7	17	0.00041886991218538505
8	30	0.00041886991218538505
9	11	0.00041886991218538505
18	30	0.00041886991218538505
10	21	0.0004188699121853816
14	24	0.0004188699121853816
23	29	0.0004188699121853816
7	25	0.0004188699121853816
7	21	0.0004188699121853781
10	15	0.0004188699121853781
9	12	0.0004188699121853781
12	14	0.0004188699121853781
12	18	0.0004188699121853781
17	20	0.0004188699121853781
14	20	0.0004188699121853781
19	22	0.0004188699121853781
13	30	0.0004188699121853781
4	12	0.00041886991218537464
6	10	0.00041886991218537464
14	33	0.00041886991218537464
5	13	0.00041886991218537464
13	20	0.00041886991218537464
15	18	0.0004188699121853712
10	14	0.0004188699121853712
14	29	0.0004188699121853712
24	26	0.0004188699121853712
19	26	0.0004188699121853712
11	28	0.0004188699121853712
4	11	0.0004188699121853677
12	33	0.0004188699121853677
18	24	0.0004188699121853677
22	24	0.0004188699121853677
6	31	0.00041886991218536423
8	31	0.00041886991218536423
7	31	0.00041886991218536423
12	32	0.00041886991218536423
15	17	0.00041886991218536423
8	9	0.00041886991218536077
20	21	0.00041886991218536077
6	13	0.00041886991218536077
19	21	0.00041886991218536077
4	10	0.0004188699121853573
7	26	0.0004188699121853573
9	33	0.0004188699121853573
15	16	0.0004188699121853573
16	27	0.0004188699121853573
11	27	0.0004188699121853573
5	10	0.0004188699121853538
7	30	0.0004188699121853538
19	29	0.0004188699121853538
5	17	0.00041886991218535036
22	27	0.00041886991218535036
4	27	0.0004188699121853469
10	32	0.0004188699121853469
5	16	0.0004188699121853469
9	32	0.0004188699121853469
11	26	0.0004188699121853434
13	26	0.0004188699121853434
7	8	0.00041886991218533995
4	28	0.00041886991218533995
20	24	0.00041886991218533995
20	27	0.00041886991218533995
4	31	0.0004188699121853365
22	26	0.0004188699121853365
10	26	0.000418869912185333
19	20	0.000418869912185333
9	28	0.000418869912185333
8	17	0.00041886991218532954
7	20	0.00041886991218532954
7	22	0.00041886991218532954
19	24	0.00041886991218532954
11	30	0.00041886991218532954
13	23	0.00041886991218532954
6	17	0.00041886991218532607
8	27	0.00041886991218532607
5	11	0.00041886991218532607
7	32	0.0004188699121853226
7	33	0.0004188699121853226
16	17	0.0004188699121853226
8	32	0.00041886991218531913
6	16	0.00041886991218531913
23	26	0.00041886991218531913
8	19	0.00041886991218531566
11	31	0.00041886991218531566
10	23	0.00041886991218531566
6	15	0.0004188699121853122
5	33	0.0004188699121853122
8	23	0.0004188699121853122
22	29	0.0004188699121853122
7	29	0.0004188699121853087
14	31	0.0004188699121853087
11	33	0.0004188699121853087
5	15	0.00041886991218530525
5	14	0.00041886991218530525
4	15	0.0004188699121852983
8	24	0.0004188699121852983
11	32	0.0004188699121852914
7	19	0.0004188699121852914
6	32	0.0004188699121852879
6	18	0.00041886991218528444
11	20	0.00041886991218528444
8	21	0.00041886991218528097
7	23	0.00041886991218528097
19	27	0.00041886991218528097
6	14	0.0004188699121852775
9	18	0.0004188699121852775
5	32	0.00041886991218527403
5	18	0.00041886991218527403
13	33	0.00041886991218527056
11	24	0.0004188699121852671
5	28	0.0004188699121852636
6	12	0.00041886991218526015
5	30	0.00041886991218526015
17	18	0.00041886991218526015
4	18	0.0004188699121852567
4	16	0.0004188699121852532
9	30	0.0004188699121852532
6	28	0.0004188699121852532
12	15	0.00041886991218524974
10	29	0.0004188699121852463
7	27	0.00041886991218523933
13	29	0.0004188699121852289
5	12	0.00041886991218522546
13	21	0.00041886991218522546
4	33	0.0004188699121852185
4	32	0.0004188699121852116
13	32	0.0004188699121852081
6	33	0.00041886991218519076
6	30	0.00041886991218518035
25	30	0.0004188699121846981
25	28	0.0004188699121846391
25	31	0.00041886991218448993
12	35	-0.0008063812766125685
2	7	-0.0008063812766126361
7	35	-0.0008063812766126483
15	35	-0.0008063812766126491
2	9	-0.0008063812766126721
11	35	-0.0008063812766126765
2	6	-0.0008063812766126856
14	35	-0.0008063812766126977
10	35	-0.0008063812766127098
5	35	-0.0008063812766127216
2	5	-0.0008063812766127259
8	35	-0.0008063812766127268
25	35	-0.0008063812766127333
6	35	-0.0008063812766127662
2	30	-0.0008063812766127727
2	8	-0.0008063812766127736
2	11	-0.0008063812766127784
2	17	-0.000806381276612784
2	18	-0.0008063812766127909
2	33	-0.0008063812766127931
2	16	-0.0008063812766127961
4	35	-0.000806381276612797
2	15	-0.0008063812766127992
2	12	-0.0008063812766128044
17	35	-0.0008063812766128083
2	32	-0.0008063812766128083
2	10	-0.0008063812766128092
2	19	-0.0008063812766128122
2	13	-0.0008063812766128122
2	14	-0.0008063812766128274
2	28	-0.0008063812766128304
13	35	-0.0008063812766128308
16	35	-0.0008063812766128334
9	35	-0.000806381276612843
2	26	-0.0008063812766128603
2	21	-0.0008063812766128621
20	35	-0.0008063812766128655
18	35	-0.0008063812766128664
32	35	-0.0008063812766128707
31	35	-0.0008063812766128716
2	31	-0.0008063812766128746
26	35	-0.0008063812766128894
2	24	-0.0008063812766128968
2	23	-0.0008063812766128976
29	35	-0.0008063812766129072
2	20	-0.000806381276612915
2	25	-0.0008063812766129197
22	35	-0.0008063812766129302
2	4	-0.0008063812766129302
27	35	-0.0008063812766129315
33	35	-0.0008063812766129319
19	35	-0.0008063812766129349
24	35	-0.0008063812766129393
2	22	-0.0008063812766129505
2	27	-0.0008063812766129557
21	35	-0.0008063812766129731
2	29	-0.0008063812766129757
28	35	-0.0008063812766129766
30	35	-0.0008063812766129878
23	35	-0.0008063812766129909
4	36	-0.0017562009022982698
32	36	-0.0017562009022983553
10	34	-0.0017562009022983553
1	8	-0.0017562009022983704
10	36	-0.0017562009022983938
6	36	-0.0017562009022983969
13	34	-0.001756200902298399
31	36	-0.0017562009022984112
16	36	-0.0017562009022984125
6	34	-0.0017562009022984134
11	34	-0.0017562009022984255
1	14	-0.0017562009022984333
4	34	-0.0017562009022984342
13	36	-0.0017562009022984368
16	34	-0.0017562009022984476
3	7	-0.0017562009022984513
3	18	-0.0017562009022984543
32	34	-0.001756200902298458
3	30	-0.001756200902298459
1	6	-0.0017562009022984593
3	33	-0.001756200902298463
9	36	-0.0017562009022984828
12	34	-0.0017562009022984919
1	13	-0.0017562009022984934
1	18	-0.0017562009022984945
1	33	-0.0017562009022984951
1	11	-0.0017562009022984955
1	17	-0.0017562009022984958
9	34	-0.0017562009022985005
1	7	-0.0017562009022985016
12	36	-0.0017562009022985044
3	9	-0.0017562009022985068
1	28	-0.0017562009022985068
3	4	-0.001756200902298507
7	34	-0.001756200902298511
1	5	-0.0017562009022985127
3	5	-0.0017562009022985138
5	34	-0.0017562009022985174
3	32	-0.0017562009022985205
3	13	-0.0017562009022985207
3	8	-0.0017562009022985227
3	27	-0.001756200902298525
3	29	-0.001756200902298525
3	31	-0.001756200902298526
17	36	-0.0017562009022985274
3	17	-0.0017562009022985296
15	34	-0.0017562009022985296
20	34	-0.0017562009022985305
1	20	-0.0017562009022985324
5	36	-0.0017562009022985344
3	19	-0.0017562009022985357
1	32	-0.0017562009022985383
7	36	-0.0017562009022985417
1	27	-0.001756200902298542
1	26	-0.0017562009022985424
1	22	-0.001756200902298544
3	28	-0.0017562009022985452
24	34	-0.001756200902298546
30	34	-0.001756200902298547
3	25	-0.001756200902298549
26	34	-0.0017562009022985495
21	34	-0.0017562009022985526
31	34	-0.0017562009022985526
11	36	-0.0017562009022985534
29	34	-0.001756200902298557
1	4	-0.0017562009022985573
1	29	-0.0017562009022985576
27	34	-0.0017562009022985612
18	36	-0.0017562009022985643
3	6	-0.0017562009022985647
1	19	-0.0017562009022985647
1	23	-0.0017562009022985652
8	34	-0.0017562009022985669
3	15	-0.0017562009022985701
3	24	-0.0017562009022985719
1	9	-0.0017562009022985734
24	36	-0.0017562009022985751
3	12	-0.0017562009022985756
3	11	-0.0017562009022985814
22	34	-0.0017562009022985834
27	36	-0.0017562009022985847
1	21	-0.0017562009022985858
26	36	-0.0017562009022985881
1	12	-0.0017562009022985886
3	14	-0.0017562009022985886
1	10	-0.0017562009022985888
15	36	-0.0017562009022985899
21	36	-0.0017562009022985899
3	10	-0.001756200902298591
3	26	-0.0017562009022985966
3	23	-0.0017562009022985994
25	36	-0.0017562009022986007
8	36	-0.0017562009022986046
1	25	-0.0017562009022986064
3	22	-0.0017562009022986085
1	30	-0.0017562009022986137
14	34	-0.0017562009022986137
23	36	-0.0017562009022986146
20	36	-0.0017562009022986155
3	20	-0.001756200902298617
3	21	-0.0017562009022986178
19	34	-0.001756200902298619
3	16	-0.00175620090229862
22	36	-0.001756200902298621
29	36	-0.0017562009022986233
1	31	-0.0017562009022986252
1	24	-0.0017562009022986313
23	34	-0.0017562009022986324
1	16	-0.001756200902298634
1	15	-0.001756200902298642
30	36	-0.0017562009022986523
33	34	-0.001756200902298655
28	34	-0.001756200902298655
19	36	-0.0017562009022986567
18	34	-0.0017562009022986653
25	34	-0.0017562009022986731
14	36	-0.0017562009022986918
28	36	-0.001756200902298697
33	36	-0.0017562009022987109
17	34	-0.0017562009022987668
