#====================================================================================================
# This result is computed using mean-field DCA
# The first and second columns are site pairs. The third column represents interaction score
#====================================================================================================
56	67	0.3600958933792134
57	66	0.2757695146346887
4	79	0.27160670900946254
5	78	0.2515792662606327
3	80	0.2262499076077531
16	27	0.20451623957023413
6	77	0.18888489722661475
15	28	0.1690413790603001
7	43	0.1482693584539433
2	81	0.14155767347421183
21	23	0.12258229112629249
21	22	0.11833868225752486
8	42	0.11628099228621447
17	26	0.11513274081514449
36	37	0.11036879008064161
19	20	0.10766336300897043
14	29	0.09624243729807118
10	40	0.0842592930341714
23	24	0.08196354433715299
22	23	0.07839849690614183
55	68	0.06944587185469817
19	24	0.06446142654255163
21	24	0.05276116480024455
45	46	0.05002564247177464
18	20	0.0461694241369724
20	24	0.04523317416741118
18	19	0.04497999656464134
50	73	0.04427204666588214
22	24	0.042789576761571524
59	64	0.03800442563302085
9	41	0.03712747662980859
53	54	0.036556094867099743
12	38	0.03329079428707599
18	25	0.030448901132419007
64	75	0.030271486081629752
1	71	0.029214499609793332
59	63	0.02835001251177966
17	18	0.028095387109774914
46	47	0.026647292081058416
71	75	0.0260015598505693
39	51	0.025960343317836906
38	54	0.025693651426666804
51	72	0.024859470933112873
13	30	0.023486955362760825
25	82	0.02336585187216244
54	63	0.022700141047131726
37	38	0.02260264968934829
19	27	0.021677304119005668
38	71	0.021144470707371417
50	70	0.020004262417663142
20	22	0.019843346666871067
59	62	0.019786802562226355
26	45	0.01937666510398152
19	23	0.019270164982820713
20	25	0.019030341800101838
20	23	0.019019060843374576
24	53	0.018467458237272767
37	83	0.0177778110319963
16	18	0.01746111507831958
2	83	0.017351037565023195
38	39	0.0172537358001758
24	25	0.017196922483037176
62	63	0.016543177195168183
27	45	0.01653257818401825
21	25	0.016374909481597918
47	72	0.016336496766963395
53	55	0.016238111131002264
52	70	0.015952373041201704
3	4	0.01593213250044971
56	64	0.015553503885341163
15	61	0.015366431111174477
1	82	0.01517583233637214
8	44	0.015147491897109821
37	54	0.014817154649577448
5	7	0.01473872636783558
55	81	0.014478759813857723
61	83	0.014340021855077394
16	61	0.014207773824999749
1	54	0.013677481609034033
6	37	0.013617894139644553
36	45	0.01338430730318186
43	78	0.01327682223735355
12	45	0.012862062217466885
6	78	0.012694511806776465
13	39	0.012693294870322433
59	61	0.012676699269357163
17	80	0.012657942525718262
14	46	0.01263339077310027
59	82	0.012597590458235136
32	70	0.012500697892325975
22	37	0.012430813476811506
20	21	0.012259221645963544
12	39	0.0121718978951279
18	61	0.01211814271878755
54	67	0.012100487503200525
41	73	0.011887559779139604
64	71	0.011704021617701402
12	36	0.01162910414328426
6	79	0.011451665260265705
52	73	0.011425879082972842
54	56	0.011394937276014368
24	47	0.011375708509898639
53	69	0.01126109234936777
51	52	0.01125891137309127
12	20	0.01125388688918086
42	44	0.011245832991219656
68	75	0.011220307426149628
44	61	0.011200683626400866
22	25	0.011179869332183756
9	43	0.011139314222238513
29	61	0.011071493065429556
12	64	0.011059275195833539
71	83	0.011013378437926305
18	37	0.010772642023751612
47	61	0.010712405518076062
18	24	0.010709822446688312
18	59	0.010551132037930535
75	80	0.010466461743105072
14	44	0.010447432459120193
2	55	0.010349214443278118
1	2	0.010273205393939222
47	75	0.010218335767505029
3	75	0.01018547663330829
53	63	0.010174236986530614
36	77	0.010170716149143234
2	39	0.010023917753232409
4	82	0.009990396272665208
25	41	0.00999030517099673
4	71	0.009914166161450888
63	75	0.00985377332168206
38	45	0.009847463456571212
41	66	0.009830463219471005
41	57	0.009830463219470988
82	83	0.009742751104064373
36	44	0.009716415469579806
14	27	0.00964838262054343
2	43	0.009647846809105817
51	70	0.009576876948578927
22	47	0.009487942462117375
26	61	0.009409891560591464
19	36	0.009359280507310493
17	25	0.009261518925346301
61	78	0.00925563652444699
69	72	0.009182119477038958
9	10	0.00915459283022009
62	82	0.009064455512194047
70	73	0.00904271622327675
40	45	0.009032987427968948
13	14	0.008949902061094753
3	83	0.008943940468362143
1	37	0.008884048434680616
18	26	0.008814230950836525
23	25	0.008610340018154606
17	47	0.008596546496529989
64	82	0.008556212200432492
5	45	0.008479939386193923
30	77	0.008423128538360858
13	15	0.008378647640041918
6	8	0.0083649177420616
30	31	0.008328330402510272
10	16	0.008298946377925605
14	45	0.008270923941811293
81	83	0.008195159262580876
20	77	0.008192915730794625
1	59	0.008159197167651712
64	81	0.008100814932182582
19	82	0.008083641893691386
27	44	0.008030210353027471
5	44	0.007969009436966452
30	32	0.007944115205145713
37	77	0.00790292058519786
43	80	0.007897496410964659
7	81	0.007812526743326612
47	51	0.007715033038668787
75	81	0.007702897501498173
3	18	0.007693107925186914
6	55	0.007651527930653984
50	52	0.007592013695514559
25	62	0.0075874976244554365
17	38	0.00756431843767854
36	83	0.007533348645037132
1	81	0.007472272643009257
17	20	0.007457956984358671
37	39	0.007442793207155741
19	21	0.007330044160834959
36	39	0.007306163106419051
19	25	0.007297688187889289
47	80	0.007283534404590375
30	70	0.0072367014892881
63	67	0.007199676080092114
1	4	0.007089037563462117
7	27	0.007057670369947779
51	69	0.006893756454033358
43	75	0.0068847166891063865
54	82	0.006712553550147319
19	22	0.006699610036324712
56	63	0.0066985259235460325
9	17	0.006619147462817649
14	59	0.006593491135667104
22	44	0.006569662360277298
42	71	0.006537763399829154
46	59	0.006535858699106958
53	57	0.006529455774396626
53	66	0.006529455774396587
44	50	0.006504865723155235
36	38	0.006458719087958245
42	50	0.006449908608521656
25	26	0.006435112312361883
8	46	0.006411980832326436
10	44	0.006387716382630163
55	71	0.006329627469455549
18	22	0.006314177056057404
39	52	0.00627924108799604
4	5	0.006276047270542082
20	28	0.0062609314918549135
9	11	0.006239937633793137
55	66	0.0062276406746747635
55	57	0.006227640674674659
1	79	0.00617402291965816
15	50	0.006142543772622814
77	81	0.006141072803359097
46	81	0.006117462054982864
39	72	0.0061171187192367756
26	62	0.00608721854417707
39	73	0.006012709964791466
10	11	0.005935163620048138
44	78	0.005922483263752684
10	45	0.005906020119929514
5	6	0.005889469918016782
25	39	0.005878744535504907
5	82	0.005861161197237145
47	59	0.005787998712726597
28	45	0.005774528572443741
8	50	0.00575791817912407
24	26	0.005753743255629893
15	47	0.005734257295695733
39	56	0.005727523934504196
36	63	0.005620582236220431
42	73	0.005609718711677383
36	59	0.005606438787882135
17	19	0.005596134771634379
43	60	0.005595186404278347
26	39	0.0055933249230055914
15	44	0.005581075463986441
8	13	0.005528675644614976
32	50	0.005501669775100743
64	78	0.005466183113804632
38	47	0.005459765086601136
42	46	0.005453367767834218
3	7	0.005441354393458209
13	31	0.0054257579216408225
15	16	0.005419426955065847
36	73	0.005406558605841582
1	20	0.005404841064842026
9	76	0.005401001744406643
2	54	0.005391151290968895
9	44	0.005359692080453694
37	79	0.005353199185620022
30	69	0.005352034461469012
4	6	0.005337810653448594
14	66	0.0053280479719227695
14	57	0.005328047971922523
61	62	0.0052792875609824555
18	23	0.005243804985140956
7	9	0.005242698691194872
51	73	0.005226391077280547
73	76	0.0051968257462478825
41	50	0.0051768488652538264
68	72	0.005125584594662277
17	82	0.005115686616390669
36	50	0.00510219266126594
12	47	0.005079827842366834
28	41	0.005069273747155891
1	17	0.005049393996522678
78	80	0.00501113896055534
27	63	0.005000733386784268
55	59	0.004999105975825077
8	71	0.004960964189388761
16	62	0.004905385019530957
2	16	0.004862741358773516
41	76	0.004832547103476407
9	14	0.004832483690124292
29	42	0.004814594095843592
2	7	0.004791457985324233
60	74	0.004778431349355014
60	65	0.004778431349354868
35	60	0.00477843134935477
58	60	0.004778431349354663
34	60	0.00477843134935458
49	60	0.00477843134935456
33	60	0.004778431349354502
48	60	0.0047784313493543056
7	54	0.004776819735279334
45	68	0.004776596238960124
4	78	0.0046634168903721025
6	82	0.0046391844085183695
10	13	0.004631964774989536
64	80	0.004621237851902046
9	13	0.004572462030769582
13	69	0.004566905606802057
75	83	0.0045627643448883926
6	42	0.004523737262813028
18	21	0.004510465624319735
25	59	0.004452525672783479
33	65	0.0043897171179443405
33	74	0.004389717117944325
34	58	0.004389717117944238
33	58	0.00438971711794422
34	35	0.004389717117944203
33	48	0.004389717117944182
33	49	0.004389717117944182
34	49	0.00438971711794416
34	65	0.004389717117944154
34	74	0.004389717117944142
34	48	0.0043897171179440786
35	65	0.004389717117944021
33	34	0.004389717117944019
35	74	0.004389717117944017
35	49	0.004389717117943996
33	35	0.004389717117943981
35	48	0.004389717117943933
35	58	0.004389717117943921
58	74	0.004389717117943892
58	65	0.004389717117943884
49	65	0.004389717117943764
48	65	0.004389717117943748
49	58	0.004389717117943709
65	74	0.004389717117943687
48	58	0.004389717117943626
49	74	0.004389717117943626
48	74	0.004389717117943625
48	49	0.004389717117943625
44	73	0.00438340393764329
6	20	0.004377178451814935
51	68	0.004356112779011453
30	72	0.004353447152494875
17	22	0.004314548233080636
40	62	0.0043055568413223905
27	62	0.0042583624369441405
41	43	0.004257601254816615
30	55	0.004228092154332274
1	13	0.0042094629572234175
12	37	0.00417141718808621
30	47	0.004170593239765228
25	83	0.004168228717801243
55	83	0.004158040016233057
16	64	0.004140354754837976
36	82	0.004135978797951734
13	76	0.004124881674920513
68	69	0.004121141827835381
7	75	0.0040908890034432165
29	31	0.004062641698619234
11	13	0.0040507396484774525
30	51	0.004022267171427987
7	78	0.004020126094490321
71	73	0.003980422308082835
32	55	0.003970145261925951
37	75	0.003968651344168695
62	68	0.003965606150445135
30	61	0.003916354734691844
46	83	0.003911728129252312
18	72	0.003899399037290992
1	75	0.0038925969931593663
38	53	0.003892376529467159
13	29	0.003843167006714409
6	53	0.003831079622926911
8	77	0.003823048931190535
45	64	0.0038176789440872265
27	61	0.0038116922408697462
52	60	0.003799004146849732
37	59	0.0037983696729632557
30	42	0.0037895260072732073
30	82	0.003783854624065875
1	45	0.003762480800840233
54	83	0.0037357070283796593
4	29	0.003677508081300792
37	51	0.0036644501324970564
26	75	0.003659671719587901
12	14	0.003659498039011694
39	69	0.0036514655343917145
12	77	0.0036289065906809272
14	61	0.003611077036531126
32	33	0.0035886259788928416
32	74	0.0035886259788926464
32	58	0.003588625978892644
32	48	0.0035886259788926326
32	49	0.003588625978892632
32	65	0.00358862597889263
32	35	0.00358862597889263
32	34	0.003588625978892573
49	52	0.003576923315953497
52	58	0.003576923315953471
52	74	0.0035769233159534696
33	52	0.0035769233159534115
48	52	0.0035769233159533204
52	65	0.0035769233159533152
34	52	0.003576923315953287
35	52	0.003576923315953275
16	47	0.003566787709908814
2	25	0.003566457653386262
35	76	0.0035516465864817532
34	76	0.003551646586481716
65	76	0.0035516465864816925
49	76	0.0035516465864816505
58	76	0.0035516465864816305
74	76	0.00355164658648156
48	76	0.0035516465864815563
33	76	0.003551646586481472
7	12	0.003548906406496582
38	41	0.0035486967473542857
12	17	0.0035417509789797894
8	12	0.0035414118097677185
38	81	0.003537103019655258
16	40	0.0035368964922860516
31	33	0.0035305390833905523
31	65	0.0035305390833904153
31	48	0.003530539083390391
31	58	0.0035305390833903828
31	74	0.003530539083390363
31	49	0.003530539083390354
31	34	0.0035305390833899053
31	35	0.0035305390833898697
11	14	0.0035271861057586257
2	45	0.0035186558940081356
44	46	0.0035171110017928383
38	61	0.003507815175514545
2	82	0.0035068528011049545
10	12	0.0035011790062454947
28	46	0.0034770907082903382
47	83	0.003436425434067872
46	75	0.003436247902293998
1	26	0.0034197663098949563
40	43	0.0033912673053556226
32	60	0.0033720835056657646
5	38	0.003369715840126535
47	67	0.0033572010012880033
12	76	0.0033225439732475367
3	8	0.003320911128700678
31	42	0.003309537490642237
45	55	0.0033047993517083506
54	80	0.003286006635469872
1	83	0.0032593646609714536
12	55	0.0032553271853633173
78	83	0.003238994860966238
39	67	0.003234693648015972
28	69	0.0032238253146785723
38	64	0.003206993663359718
52	76	0.0031907936302390527
7	46	0.0031892653593354175
18	45	0.0031756420837982142
31	60	0.0031731379975182034
63	77	0.003150221359871229
38	68	0.003108528921963995
11	46	0.0031080971779511805
17	46	0.0030953719733884354
32	61	0.0030919812522667996
2	18	0.003083662580081581
1	78	0.0030809482946226423
47	56	0.0030344678962426503
3	28	0.0030278357461421806
11	34	0.0030045960004310645
11	35	0.0030045960004310185
11	58	0.003004596000430833
11	49	0.003004596000430821
11	74	0.0030045960004308056
11	33	0.003004596000430787
11	65	0.003004596000430738
11	48	0.00300459600043062
53	62	0.0029990102225437546
1	46	0.0029861827043986735
11	60	0.002965012038213228
15	83	0.002960240461213631
19	26	0.0029478006509363035
29	41	0.0029232113400689437
52	71	0.0029224742310007858
60	76	0.002914758270306769
41	46	0.0028933929272315848
11	44	0.002879343881626361
7	8	0.0028778195358311696
2	44	0.0028734945503603986
65	70	0.0028487433161327484
34	70	0.002848743316132621
49	70	0.002848743316132561
33	70	0.0028487433161325606
48	70	0.0028487433161325463
70	74	0.002848743316132299
35	70	0.0028487433161321404
58	70	0.002848743316132058
32	52	0.0028064186286404337
46	68	0.002806203634615571
51	53	0.0028055126060153057
17	24	0.0027913124220584444
31	72	0.002784347431432482
31	75	0.0027836974841187706
11	12	0.002760365566173478
54	81	0.00275455328031869
53	72	0.0027454850000824425
40	41	0.0027451231801647437
27	43	0.0027432229941368753
33	72	0.0027389096470492326
34	72	0.002738909647049146
49	72	0.0027389096470490674
48	72	0.0027389096470490587
65	72	0.002738909647049027
58	72	0.002738909647048903
35	72	0.002738909647048819
72	74	0.0027389096470487946
71	81	0.0027289491623997807
64	69	0.002710777804251926
16	25	0.002700610001999986
59	81	0.0026947900974998076
41	45	0.0026833523054583842
37	82	0.002679623210931275
79	82	0.0026625422376629886
13	72	0.002651352136398346
38	62	0.00263819484496658
2	19	0.00263766741766467
8	31	0.0026364503149443838
2	20	0.002635610509908324
50	76	0.002629920696542468
1	50	0.002620540890809692
23	44	0.0026131461344611907
5	61	0.0025984072267275123
25	77	0.0025788557301930515
32	42	0.0025680670709040784
13	28	0.0025505601807154525
9	40	0.0025476454599009423
2	12	0.0025441504937427865
15	20	0.002539256623160832
11	47	0.0025387239879140645
60	70	0.0025235111652333357
31	76	0.0025018687589430945
35	69	0.002478969972982953
48	69	0.0024789699729829
33	69	0.002478969972982894
69	74	0.0024789699729828836
65	69	0.002478969972982845
58	69	0.0024789699729828034
49	69	0.0024789699729827856
34	69	0.0024789699729826
8	14	0.002469035520685831
25	75	0.0024617825596518683
60	78	0.0024597648818830567
5	64	0.0024410223799687363
27	82	0.002425116244797007
29	45	0.002412052523734348
1	36	0.0024106105296065293
32	76	0.002408725791133762
15	71	0.0024081858781592694
31	32	0.0024012775401699477
31	52	0.0023970324188695726
56	62	0.002386518966449624
29	76	0.002379242966814508
23	45	0.0023755681615928934
63	82	0.002374142114837583
68	82	0.0023343631866797852
45	56	0.0023160804666447488
8	20	0.0023141950796130104
12	16	0.002310206415623463
47	70	0.002305709546927954
11	32	0.002296378838425493
5	60	0.002295916630588082
16	44	0.0022836961608320733
14	15	0.002278769292821747
62	83	0.0022495762259705076
12	22	0.0022457584793440805
19	62	0.0022386169248169033
62	72	0.0022296688675644168
38	82	0.00222068328072488
69	76	0.002207580839149824
44	59	0.002202561443847671
35	51	0.002197408022376989
49	51	0.0021974080223766566
48	51	0.0021974080223766137
34	51	0.002197408022376535
33	51	0.0021974080223764554
51	65	0.002197408022376331
51	58	0.002197408022376248
51	74	0.0021974080223762156
42	77	0.002191775157840357
29	79	0.002180347351037141
4	26	0.00215378169898873
39	83	0.0021281675459872904
1	68	0.0021127533459464262
7	44	0.002097812995737785
60	71	0.002093761383280257
70	76	0.0020788789923070375
26	59	0.0020737037318891427
44	83	0.002070562390261722
7	37	0.0020538638856034876
31	69	0.0020495085122221013
32	75	0.002048222027661989
17	61	0.002043043749992989
50	51	0.0020328023882382838
10	62	0.0020291396908288977
9	73	0.002025509600849035
12	59	0.00202426375478274
59	73	0.00202174967574093
8	73	0.0020217390333695687
30	39	0.00201671396505449
23	47	0.0019963432640096902
8	32	0.001992684182243235
61	82	0.0019773693478439946
11	29	0.0019761063334561855
19	61	0.0019674305509945773
14	39	0.0019649547092497202
62	67	0.001957021355203979
40	64	0.001924418521881095
8	30	0.0019233698803529744
61	63	0.0019223745222706062
46	63	0.001915304446356382
50	64	0.0019070279245773456
44	75	0.0018917438533782522
24	61	0.001884005963054089
9	12	0.0018719370972268305
13	22	0.0018715080100743433
43	81	0.0018536606657623324
71	82	0.0018469255584590786
54	55	0.0018388584065990284
26	71	0.0018358498341131037
13	78	0.0018311804703715533
11	52	0.0018285276110624636
13	53	0.0018214080374541579
40	82	0.00181580495094433
11	31	0.0018135677562646623
72	83	0.0017810497072401907
20	44	0.0017772634802724861
28	43	0.0017743367657162869
25	55	0.0017612449496837539
36	67	0.0017555736496037526
18	29	0.0017474930441056056
60	72	0.0017450701859551493
40	44	0.0017281463513995044
33	41	0.0017274420414867093
34	41	0.0017274420414865486
41	74	0.001727442041486516
41	48	0.00172744204148644
41	58	0.001727442041486423
41	65	0.0017274420414862624
41	49	0.0017274420414862583
35	41	0.0017274420414860275
37	55	0.001726035643012271
24	68	0.0017154098557929393
79	81	0.001715182960312039
32	69	0.0017122199186649226
44	52	0.0016987414563985961
72	82	0.001691778687949612
40	83	0.0016901180029631592
27	38	0.0016850007809165804
40	48	0.0016835979949300602
40	58	0.001683597994930053
40	74	0.0016835979949300335
40	49	0.0016835979949299889
40	65	0.0016835979949299756
33	40	0.0016835979949299251
35	40	0.0016835979949299112
34	40	0.0016835979949298696
1	19	0.0016830250961499815
15	46	0.0016717679766427296
24	69	0.0016555538806929324
26	28	0.0016544645557308429
31	51	0.0016488393008829369
19	45	0.0016404836266160575
39	70	0.00163852508544521
10	17	0.0015918736627019816
72	76	0.0015846181779065219
48	73	0.0015792965215589896
65	73	0.0015792965215589013
33	73	0.001579296521558823
49	73	0.001579296521558808
34	73	0.0015792965215586981
73	74	0.001579296521558679
35	73	0.001579296521558672
58	73	0.0015792965215585511
8	11	0.0015728229600603912
43	54	0.001563368758531746
28	30	0.0015624451935207142
30	53	0.0015490348737676814
4	16	0.0015412228653297264
8	37	0.0015385391459095052
54	71	0.0015338393125763393
1	14	0.0015276023460651204
11	76	0.001526112599302912
62	81	0.0015166844053962217
14	31	0.0015068999461985897
24	54	0.001505404692193844
11	16	0.0014929766205834722
32	72	0.0014860495715207694
4	13	0.001484542708247898
3	47	0.0014756020236075494
31	70	0.001470865907653825
38	42	0.0014641295682938163
25	61	0.0014579096547254998
39	53	0.0014573995038748063
25	72	0.0014432905917842733
34	68	0.001433266881089789
58	68	0.0014332668810897874
49	68	0.0014332668810897098
48	68	0.0014332668810896811
65	68	0.0014332668810896542
33	68	0.0014332668810895686
35	68	0.0014332668810893977
68	74	0.001433266881089397
28	50	0.0014324076940006765
30	48	0.0014130365127168884
30	58	0.0014130365127167544
30	74	0.001413036512716736
30	34	0.0014130365127167266
30	65	0.0014130365127166882
30	49	0.001413036512716652
30	35	0.0014130365127166386
30	33	0.0014130365127165956
25	47	0.0014115893466619713
5	26	0.001409642892983504
51	76	0.0013731910578095538
53	64	0.00136657994916746
62	65	0.0013655376002018019
62	74	0.0013655376002017904
49	62	0.0013655376002017323
35	62	0.0013655376002016648
33	62	0.0013655376002016586
48	62	0.001365537600201615
58	62	0.0013655376002015903
34	62	0.0013655376002015892
11	72	0.0013623565583021832
8	29	0.0013587634825999945
81	82	0.0013489976688233728
2	62	0.0013355497554614747
24	59	0.0013233322709590295
11	69	0.001318950051431182
21	47	0.0013143451126527393
31	40	0.0013141282114941203
5	37	0.001312477186805501
4	37	0.0013022628153340089
2	8	0.0012982537305734846
50	71	0.0012889410249582421
13	51	0.0012876833676732841
39	64	0.0012838958397367976
37	53	0.0012721253285659798
3	46	0.0012701620034615418
6	25	0.0012540171222728564
46	80	0.0012514523487453019
26	79	0.0012432034488299368
38	59	0.0012426565438852424
79	83	0.0012394339935918597
31	62	0.0012339542022196679
42	75	0.0012317171774284671
12	42	0.00122809020072032
11	70	0.0012270585050073678
50	83	0.001224164271486381
1	70	0.0012167801668964708
26	27	0.001216065071468861
28	47	0.0012120502706319614
42	70	0.001211238040364819
1	61	0.001200711304722069
32	51	0.001198659821892694
47	71	0.0011819350366580484
14	76	0.0011721260902732525
45	67	0.0011596314227246395
7	14	0.0011539938713961504
52	69	0.0011496351041044967
28	64	0.0011377773879447974
44	47	0.001135128112096856
15	73	0.0011280738007241305
1	5	0.0011163739965734942
32	41	0.0011133515146677527
64	67	0.001101995623947893
63	74	0.001090558903270684
34	63	0.0010905589032706702
33	63	0.0010905589032706557
35	63	0.0010905589032706366
58	63	0.0010905589032706086
49	63	0.0010905589032705189
63	65	0.0010905589032704564
48	63	0.0010905589032704395
41	83	0.0010880674165333363
26	77	0.0010857086024553073
28	82	0.001079332587593648
37	45	0.0010781021539379362
23	83	0.0010735354154371834
8	9	0.0010651149121594728
26	44	0.0010644813801516002
60	82	0.001060541469880094
6	9	0.0010458512287249023
24	81	0.0010444392295195382
7	60	0.001044264040632517
17	21	0.0010348547909419855
26	83	0.0010347886925383964
15	62	0.0010085629351836971
1	9	0.0010028658659676695
17	63	0.0010018751693326132
51	60	0.0010006260804672294
62	76	0.0009933305706231953
25	60	0.0009821324375789632
52	72	0.0009801081874066461
40	69	0.0009789190360202883
40	60	0.000976931946587933
60	69	0.0009647131983855468
41	60	0.000964487854505966
27	60	0.0009530890645480855
13	42	0.0009506595350244509
35	50	0.0009503893981669853
48	50	0.0009503893981668938
49	50	0.0009503893981668539
50	58	0.0009503893981666245
50	65	0.0009503893981665959
50	74	0.0009503893981665634
33	50	0.0009503893981665486
34	50	0.0009503893981664231
1	8	0.0009333176881162102
77	78	0.000929616962093309
41	69	0.0009291605898380684
9	46	0.0009206200236217483
28	68	0.0009183859418666063
8	76	0.0009050441835528479
39	59	0.0009039278164043058
30	50	0.0009034093205637608
54	79	0.0009033706622351319
9	49	0.0008924620795369375
9	34	0.0008924620795369338
9	48	0.0008924620795369132
9	58	0.0008924620795368911
9	65	0.0008924620795368904
9	33	0.0008924620795368802
9	74	0.000892462079536864
9	35	0.000892462079536864
55	62	0.0008902980301329034
70	71	0.0008839714921790908
16	50	0.0008748924424303662
6	7	0.0008745679977688933
12	29	0.0008683405416050408
40	66	0.000865456577935797
40	57	0.0008654565779353477
43	79	0.0008643461285828078
42	47	0.0008619899553624077
23	43	0.0008594304459294214
18	64	0.0008404521749097778
30	68	0.0008378280367700428
45	81	0.0008359710458658784
8	75	0.0008314051381635617
11	68	0.0008103560193502602
73	83	0.0008093095919232286
38	43	0.0008073873534941746
30	46	0.0007990427226671998
40	76	0.000797663118473536
16	53	0.0007770434598318582
43	76	0.0007763494435270909
23	53	0.0007745898341521926
70	75	0.0007596502013588924
8	41	0.0007586631810176702
28	66	0.0007552423499690673
28	57	0.0007552423499689476
26	29	0.0007318892213774852
47	82	0.0007265998922513471
73	77	0.0007203828131146948
30	52	0.0007107276204201009
7	42	0.0006986566836035216
1	60	0.0006979122464579753
12	54	0.0006959279592608945
9	25	0.0006911929954182333
11	51	0.0006907460992326504
68	76	0.0006895633556458774
9	47	0.0006821255707757847
32	40	0.0006816993607257492
69	82	0.0006696898646214632
2	13	0.000666362592927283
18	80	0.0006538903421630122
40	52	0.0006453452769081612
26	60	0.0006441083589705989
5	8	0.0006332142728312298
53	65	0.0006299257498884062
53	58	0.0006299257498883889
53	74	0.0006299257498883098
48	53	0.0006299257498882675
49	53	0.0006299257498882299
35	53	0.0006299257498880395
34	53	0.0006299257498879822
33	53	0.0006299257498878226
59	71	0.0006231081054202288
12	75	0.0006229258038616299
60	73	0.000606422257326175
31	68	0.0005873790925809055
3	59	0.000582270319310553
10	34	0.0005817489026367804
10	33	0.0005817489026366935
10	35	0.0005817489026366369
10	58	0.0005817489026365907
10	74	0.0005817489026365889
10	49	0.0005817489026365098
10	65	0.0005817489026364896
10	48	0.0005817489026364343
6	15	0.000571756493564347
69	70	0.0005683726142947834
10	41	0.0005652687090549821
41	42	0.0005562591768265689
11	45	0.0005553950064776905
15	51	0.000555012721217012
13	80	0.0005366198583869747
38	79	0.0005229316875884019
11	15	0.0005208964935604125
7	82	0.0005207071917619904
55	72	0.0005177265682372902
37	72	0.0005161033615709333
12	68	0.0005055690522836531
15	21	0.0004996931684892875
31	41	0.0004927637576847661
50	68	0.00048807868786329743
12	81	0.0004827597767642199
8	70	0.00048163192651431335
3	24	0.0004811008674556576
32	68	0.00047704629706797077
65	75	0.0004740745373792842
49	75	0.00047407453737923605
48	75	0.0004740745373792094
74	75	0.0004740745373791493
34	75	0.0004740745373790888
35	75	0.00047407453737889713
33	75	0.00047407453737889193
58	75	0.00047407453737875424
46	67	0.0004700424895990058
47	64	0.0004604571666495111
29	30	0.0004524296155928361
3	6	0.00045163417473553964
29	60	0.0004470400871876179
45	47	0.00044597813130235926
59	83	0.00044065559776816816
18	75	0.0004373706301927741
35	54	0.0004319714200149802
49	54	0.0004319714200149362
34	54	0.0004319714200149065
54	58	0.000431971420014903
54	74	0.00043197142001482236
54	65	0.00043197142001481325
33	54	0.0004319714200146374
48	54	0.00043197142001458926
39	65	0.0004278589028546599
39	74	0.0004278589028546469
39	49	0.0004278589028546302
39	58	0.0004278589028546276
35	39	0.0004278589028545042
39	48	0.0004278589028544476
34	39	0.00042785890285443264
33	39	0.0004278589028542826
32	73	0.00041370576272799046
40	73	0.00040871099740778447
47	52	0.0003950570790980483
46	73	0.0003936977027922733
7	38	0.00039122449412190737
7	83	0.00039107907893154263
16	59	0.0003902493640244569
18	47	0.0003856809923306042
6	11	0.000375497084432087
14	63	0.00037196691634069044
13	21	0.000370977788035607
31	73	0.000369453312546943
32	79	0.0003673730475610144
30	76	0.00036590738935745096
7	13	0.0003624229850818939
72	75	0.0003617744187830712
36	64	0.00035550410555377013
32	47	0.0003483729094112746
28	52	0.0003433284845837255
31	47	0.0003421918803986927
48	61	0.0003381597673184167
34	61	0.0003381597673180875
58	61	0.0003381597673180871
49	61	0.000338159767318086
35	61	0.00033815976731803115
61	65	0.0003381597673180097
33	61	0.0003381597673180075
61	74	0.0003381597673179891
18	43	0.0003368976570595865
6	10	0.00033129763439386853
21	53	0.0003205124119624687
56	68	0.00031913521054195704
11	30	0.0003190116612288849
7	21	0.00031529553629251923
17	54	0.0003131523809584147
6	68	0.00029462090313790625
63	76	0.00029429557156540414
10	14	0.00028951543780311945
51	71	0.0002813049598036528
53	61	0.00027319764025420055
16	71	0.00027201276433884945
27	41	0.00027105006606128676
13	73	0.0002658297562882048
9	69	0.00026403672198280605
1	11	0.0002631561304073525
17	83	0.000261758188214542
53	76	0.00024621990236368095
2	68	0.0002446013058717547
25	29	0.0002443605451525645
28	76	0.000225674983664327
29	65	0.0002240368221040857
29	74	0.00022403682210407096
29	49	0.00022403682210406185
29	34	0.00022403682210406011
29	58	0.000224036822104056
29	48	0.00022403682210403518
29	33	0.0002240368221038693
29	35	0.0002240368221037858
52	62	0.00021595332943642872
9	15	0.00020821717650442058
10	69	0.00020636084334179077
19	69	0.00020285183912880115
17	66	0.00020079531834478644
17	57	0.00020079531834471878
62	69	0.00018417912133482242
60	62	0.00017809322150358722
69	73	0.00017078378984115307
70	72	0.00016729181276210498
7	11	0.00016628041218309537
29	36	0.0001638870526686556
32	62	0.00016265979588749513
52	68	0.00016104994079890397
55	69	0.00015544599952353787
9	54	0.00015486001947558406
30	60	0.00015411472938838097
32	36	0.00013184288554646435
3	5	0.0001268884609778951
14	67	0.0001255547932187493
4	8	0.00012492955188317043
31	44	0.00011207771352687553
70	77	0.00010639666194523075
25	51	9.897172939764189e-05
31	53	9.337036588735704e-05
44	81	9.223968541291136e-05
60	68	9.081641621425584e-05
13	45	8.220382612438362e-05
39	77	6.955950610120897e-05
1	29	5.5056268541234764e-05
28	73	5.4309186989917255e-05
41	52	4.728370813280474e-05
2	9	4.723982440976802e-05
28	63	3.6668574966878045e-05
11	62	3.554953023952e-05
31	50	3.545367059954135e-05
11	63	2.4436151162072952e-05
13	46	-1.2119467875954665e-06
36	54	-2.1438376781122287e-06
30	75	-4.784824278820845e-06
55	70	-1.4396429213174838e-05
9	32	-2.151600825582036e-05
50	60	-2.5400464245687107e-05
14	16	-3.339665286911618e-05
11	17	-3.9437582974061625e-05
4	9	-4.739733204586413e-05
13	58	-4.7597155486791545e-05
13	49	-4.759715548679187e-05
13	74	-4.759715548679577e-05
13	34	-4.7597155486907446e-05
13	65	-4.759715548691146e-05
13	33	-4.75971554869197e-05
13	48	-4.7597155486953525e-05
13	35	-4.759715548698291e-05
31	63	-5.042809176082695e-05
12	53	-5.780064285392222e-05
55	75	-5.8381422456655306e-05
9	31	-6.093458838381206e-05
29	46	-6.445510200087882e-05
41	80	-6.999941883895338e-05
56	59	-7.073557726143195e-05
13	68	-7.861559011339324e-05
45	80	-8.35103573954641e-05
8	47	-8.426689743820312e-05
24	60	-9.789620500778298e-05
3	26	-9.979225279975988e-05
5	13	-0.00010293873386666135
7	64	-0.00010784734507258975
46	71	-0.00011117786379992098
12	83	-0.00011383425774019393
11	41	-0.00011510824552359521
31	82	-0.00011866666580019527
25	36	-0.000121375946342029
8	10	-0.000122860513396072
76	77	-0.0001315213644516081
44	45	-0.0001366095595955255
40	70	-0.00013958168112201833
32	63	-0.00014432676503782884
53	80	-0.0001480301621047727
6	69	-0.0001527848961947421
14	42	-0.00016181539486071015
7	32	-0.0001653668659161306
54	76	-0.0001675641024353146
39	76	-0.00017495317837298895
12	49	-0.00017535544638020654
12	35	-0.00017535544638031062
12	65	-0.0001753554463803206
12	58	-0.00017535544638032732
12	74	-0.00017535544638033035
12	34	-0.00017535544638036743
12	48	-0.00017535544638038456
12	33	-0.00017535544638053375
10	31	-0.0001918867722345201
8	19	-0.00019570985722818304
1	10	-0.00019760875144670276
2	38	-0.00020084485710933353
40	78	-0.00020655343351819871
9	60	-0.00021430811381706674
6	46	-0.00021609790811639822
1	6	-0.00022955402494599826
45	71	-0.00023230100550152878
32	77	-0.0002339188678117353
58	64	-0.000248698550017753
35	64	-0.00024869855001777817
48	64	-0.0002486985500178187
33	64	-0.00024869855001785515
34	64	-0.00024869855001786903
64	74	-0.0002486985500179057
64	65	-0.000248698550017915
49	64	-0.0002486985500179397
10	46	-0.0002502450503465408
46	76	-0.0002509634914665804
38	78	-0.00025487078098829913
60	63	-0.0002624122216265674
31	38	-0.00026586624479320916
13	16	-0.00027224401549625146
55	64	-0.00028026433581075996
59	67	-0.00028368845588495374
55	74	-0.00028421841387079
55	58	-0.0002842184138708429
48	55	-0.00028421841387092617
55	65	-0.00028421841387102917
49	55	-0.00028421841387105324
33	55	-0.0002842184138711803
34	55	-0.00028421841387119744
35	55	-0.00028421841387129936
40	50	-0.0002847738849824058
10	32	-0.00029398663550696627
10	37	-0.00029465390114797024
30	78	-0.0002981572097620986
63	71	-0.00029847071194058234
40	75	-0.0003027740304306875
64	76	-0.0003057344466941203
13	40	-0.0003150020218042715
54	62	-0.0003160996209364275
46	56	-0.00032132902446273086
37	68	-0.00032213428510308086
9	29	-0.0003243556486493583
61	69	-0.00032590875580061846
3	11	-0.0003337359465933835
40	63	-0.0003357901448118525
61	70	-0.00034263047447503784
1	15	-0.0003436634186869125
51	59	-0.0003518303382432971
40	51	-0.0003529499930629151
52	64	-0.00035351624653492736
10	57	-0.0003594544691590349
10	66	-0.0003594544691591919
32	54	-0.00035963716671643005
28	31	-0.00036156283498547286
10	60	-0.00037302216911892674
10	43	-0.0003814837430266083
42	79	-0.00038961384397443247
2	11	-0.0003901468378783783
30	41	-0.0003919692314890218
61	68	-0.0004039934676891817
75	76	-0.0004079088860393118
12	13	-0.00041104950963942195
73	75	-0.00041132392038218703
7	10	-0.00041614699782354086
64	73	-0.0004208418020796639
8	38	-0.00042381994623572235
35	42	-0.0004271967329144079
33	42	-0.00042719673291463493
34	42	-0.0004271967329147195
42	74	-0.0004271967329148418
42	58	-0.0004271967329148663
42	49	-0.00042719673291491487
42	65	-0.00042719673291493547
42	48	-0.0004271967329150068
39	63	-0.0004310231357253962
9	36	-0.0004326104500927226
41	44	-0.0004352554988422486
18	51	-0.00043634484662740964
26	43	-0.00043695899662070034
75	82	-0.0004416905641432406
11	53	-0.0004448346691753617
29	57	-0.00045088987189945313
29	66	-0.00045088987189960145
6	81	-0.00045140648928510864
31	39	-0.00045246745221332583
13	44	-0.0004609752389960059
2	61	-0.0004637631801731202
1	53	-0.0004642817246930022
52	63	-0.00047023595384743056
3	13	-0.00047166034250848907
40	72	-0.00047394570325347924
52	57	-0.00048085621562793434
52	66	-0.0004808562156279456
41	70	-0.00048086864719168736
31	59	-0.00048366600185732267
20	69	-0.0004878655660681859
17	71	-0.0004884531820674842
63	69	-0.0004889571628986101
62	70	-0.0004907262030367952
9	52	-0.0004972979265648078
39	60	-0.0004986702536896774
50	69	-0.0005001194888298334
52	75	-0.0005128933018977682
29	52	-0.0005139474434336343
5	11	-0.0005156496845798355
17	43	-0.0005226530044805926
22	81	-0.0005253156525983921
3	15	-0.0005324236414652964
41	61	-0.0005385515642711541
52	53	-0.0005395995038947608
6	44	-0.0005398199211946592
31	83	-0.000542282966885375
5	43	-0.0005436860015925107
68	70	-0.0005454530311223293
15	55	-0.0005549937903825851
24	62	-0.0005596561187954539
29	59	-0.00056030222973911
17	28	-0.000561555711898018
2	79	-0.000573551737907442
46	70	-0.0005880547850639463
10	76	-0.000593146590478781
55	76	-0.0005956434469084808
66	74	-0.0005965833272441672
35	66	-0.000596583327244182
33	66	-0.0005965833272442451
58	66	-0.0005965833272443034
48	66	-0.0005965833272443448
65	66	-0.0005965833272443711
49	66	-0.0005965833272443875
35	57	-0.0005965833272444374
34	57	-0.0005965833272444517
57	74	-0.0005965833272444693
57	58	-0.0005965833272444738
57	65	-0.0005965833272444804
34	66	-0.000596583327244538
48	57	-0.0005965833272445571
33	57	-0.0005965833272445643
49	57	-0.0005965833272447204
34	43	-0.0005975693486636223
43	65	-0.0005975693486637308
43	74	-0.0005975693486637654
43	58	-0.0005975693486637711
43	48	-0.0005975693486638123
43	49	-0.0005975693486638249
33	43	-0.0005975693486638548
35	43	-0.000597569348663919
16	45	-0.0005996851637687112
2	29	-0.000606765361362541
11	75	-0.0006111019174853288
39	50	-0.0006219240948372642
9	28	-0.0006228839505332895
37	69	-0.0006298726089716549
31	64	-0.0006337721058445388
12	19	-0.0006349710494911783
11	40	-0.0006442482130001306
28	70	-0.0006447472968217965
60	75	-0.0006464183747112735
32	39	-0.0006488138153667518
29	32	-0.0006494746180207287
9	50	-0.0006514232557103647
10	52	-0.0006565151450606605
57	76	-0.0006592011879825925
66	76	-0.0006592011879826432
19	46	-0.0006617867561604495
80	83	-0.0006716183874110257
11	61	-0.0006764571758225688
4	11	-0.000677514944337538
52	59	-0.0006797874296506773
50	59	-0.0006859858165652244
72	73	-0.0006879185406765812
60	64	-0.0007046695169442756
79	80	-0.0007134719121905456
76	82	-0.00071357061609434
46	72	-0.0007137515263884869
24	72	-0.0007171575573003829
20	36	-0.0007253003611743507
50	81	-0.0007296179429372857
9	71	-0.0007298871721000098
14	21	-0.0007328654114073666
1	69	-0.000733271126494114
36	79	-0.0007397801052703486
29	43	-0.0007402028178918425
33	46	-0.0007411363861768324
35	46	-0.0007411363861769553
46	74	-0.0007411363861769868
46	65	-0.0007411363861769978
46	48	-0.000741136386177023
46	58	-0.0007411363861771058
34	46	-0.0007411363861771158
46	49	-0.0007411363861771496
50	55	-0.0007425353109505916
41	55	-0.0007428405858570207
52	83	-0.0007441378569603848
71	72	-0.00075308618943872
11	42	-0.00075819963595448
41	72	-0.0007652843235719633
15	25	-0.0007714975238231978
12	32	-0.000772426873026799
14	34	-0.0007758794084732714
14	35	-0.0007758794084733666
14	33	-0.0007758794084734074
14	48	-0.0007758794084734273
14	49	-0.0007758794084734926
14	65	-0.0007758794084735134
14	58	-0.0007758794084735349
14	74	-0.0007758794084735373
31	77	-0.0007766148588077859
25	71	-0.0007781366810081184
44	58	-0.0007782684393342842
44	48	-0.0007782684393344383
34	44	-0.0007782684393344455
33	44	-0.0007782684393344761
44	74	-0.000778268439334483
44	49	-0.0007782684393345238
35	44	-0.0007782684393345264
44	65	-0.0007782684393346569
25	63	-0.0007784885206068735
46	51	-0.0007786812412578382
54	69	-0.0007796656532532246
30	40	-0.0007822976337358318
26	55	-0.000790161472342293
30	71	-0.0007943565103783771
29	73	-0.0007945679970699396
50	72	-0.0007991126298723446
4	46	-0.0007993087616735926
27	64	-0.0007996869418828573
1	43	-0.00080096905229886
42	76	-0.000803628469866724
17	36	-0.0008050790349597384
15	76	-0.0008129411491517747
53	75	-0.0008147431853375549
64	72	-0.0008181968334543509
41	82	-0.0008189546738615076
30	81	-0.0008227345504694377
53	83	-0.000828546108851436
20	81	-0.0008351913191063411
13	52	-0.0008354934729155375
32	64	-0.0008430739425611239
69	83	-0.0008444234967555837
68	71	-0.0008532926419813989
28	80	-0.0008545191766515699
14	56	-0.0008549058058325079
10	82	-0.0008569758270274147
38	40	-0.0008643577253574404
44	70	-0.0008679342115502828
31	54	-0.0008687578530461992
37	63	-0.0008694669965833741
62	73	-0.0008695889457839031
44	76	-0.0008724190965666036
11	50	-0.0008763677083791294
53	59	-0.0008786478330453538
56	79	-0.0009001101569662221
71	77	-0.0009008875183234063
61	76	-0.0009033780498167109
10	64	-0.0009151081796330094
7	40	-0.0009179630701179635
28	53	-0.0009180441504270248
11	73	-0.0009190905795659286
37	40	-0.0009219249758164374
29	62	-0.0009236620446198703
39	41	-0.0009291465984178002
57	62	-0.0009298449560671438
62	66	-0.0009298449560674205
51	62	-0.0009301641245910075
16	60	-0.0009309709070953855
31	36	-0.0009356458364649868
2	51	-0.0009387982080468413
17	70	-0.0009421179085550777
7	47	-0.000944143470793855
25	52	-0.0009444583686468774
42	69	-0.0009456433824704478
37	52	-0.000946013063244407
1	3	-0.000947462586018983
12	46	-0.0009515070215542747
11	71	-0.0009573248069117831
10	75	-0.0009597552491129157
77	80	-0.0009683313739937988
8	48	-0.0009805584020770395
8	58	-0.0009805584020770638
8	74	-0.0009805584020770664
8	33	-0.0009805584020771154
8	34	-0.0009805584020771215
8	49	-0.000980558402077148
8	65	-0.0009805584020771703
8	35	-0.0009805584020772908
12	62	-0.0009834542046609045
14	60	-0.000983531109021312
32	53	-0.000984803224298288
24	73	-0.0009879669934653558
19	42	-0.0009968409265894412
9	62	-0.0009977001787134262
46	82	-0.0010001476812096979
11	37	-0.0010028844395790202
43	63	-0.0010038631125639718
53	82	-0.0010055937462926916
69	75	-0.0010088693363759526
30	73	-0.0010127442563929764
10	47	-0.0010143436759642312
11	39	-0.0010155285302869885
31	57	-0.0010166237321242552
31	66	-0.001016623732124404
41	51	-0.001017756661017232
73	81	-0.0010189855470935831
21	26	-0.0010195693779377936
18	81	-0.001022214860063769
11	18	-0.001027018688057997
19	81	-0.00102857877058587
31	61	-0.0010342187944150502
6	18	-0.0010355496470733742
31	55	-0.0010361135163078367
13	32	-0.0010368694328494977
2	15	-0.0010451720454916595
26	31	-0.0010454936068030986
54	57	-0.0010479572760963129
54	66	-0.0010479572760963571
43	82	-0.001054455137512962
53	60	-0.0010562204174130389
57	69	-0.0010588029551192152
66	69	-0.0010588029551193649
28	74	-0.0010601107356745742
28	35	-0.001060110735674661
28	34	-0.0010601107356746618
28	33	-0.0010601107356746926
28	49	-0.0010601107356746939
28	58	-0.0010601107356747299
28	65	-0.0010601107356747572
28	48	-0.0010601107356748
30	36	-0.0010623136056432188
30	43	-0.001068175022148959
69	71	-0.0010693298253093672
16	72	-0.0010722022324947808
11	64	-0.0010803904844880045
18	71	-0.0010841314807970692
63	64	-0.001084508898582289
71	76	-0.001089159520322589
30	62	-0.0010908983788588103
25	43	-0.0010915231974543815
15	69	-0.00109536755848207
39	45	-0.0011021910048018913
60	77	-0.0011031611014253873
39	40	-0.0011085321765041596
2	63	-0.0011120321124183132
35	71	-0.001112308298796863
34	71	-0.0011123082987969102
58	71	-0.0011123082987970552
65	71	-0.001112308298797132
71	74	-0.0011123082987971533
48	71	-0.0011123082987972502
33	71	-0.001112308298797265
49	71	-0.0011123082987972664
2	72	-0.001114408095778988
5	83	-0.0011190898738712603
64	79	-0.0011253877165835046
63	72	-0.0011267052029408759
13	83	-0.001128424244953555
16	31	-0.0011314739921183927
60	83	-0.0011423464483965888
1	12	-0.0011442346702092432
31	71	-0.0011470385725285588
13	66	-0.0011509049691948619
13	57	-0.0011509049691950921
52	61	-0.0011520743172084885
32	78	-0.00115288129542338
9	70	-0.0011530523942132542
21	69	-0.0011533347847149564
61	72	-0.0011564847070400144
54	64	-0.0011582222254785564
15	52	-0.001161063383851435
1	30	-0.0011614066081607165
63	70	-0.0011693677477263285
40	55	-0.0011728718801091225
22	62	-0.001173962216888621
30	38	-0.0011748777595234827
15	64	-0.0011787322640199865
1	31	-0.0011803955331013659
25	28	-0.001182805435850292
38	76	-0.001183437628555265
13	50	-0.0011837735633195591
44	69	-0.0011923631791542944
44	63	-0.0012038913041846752
2	46	-0.0012064297364197066
50	75	-0.001210015871779907
21	41	-0.0012109860657335283
78	82	-0.0012138673467349034
10	63	-0.0012166636499789728
4	14	-0.0012234833338192197
53	56	-0.0012235903891752694
29	40	-0.0012247069709356542
10	70	-0.0012267760449871528
10	15	-0.0012277790395109518
29	70	-0.0012316360725152873
69	79	-0.0012336396248973014
6	27	-0.0012337765128485056
42	52	-0.0012380917937299942
56	81	-0.0012440158111797339
60	61	-0.001247999169143115
2	10	-0.0012527941906529923
31	43	-0.001254070766925392
10	72	-0.0012548808538685682
12	44	-0.0012627730152186597
64	83	-0.0012647288594321814
25	76	-0.0012749825146657662
33	38	-0.0012795645144402581
34	38	-0.0012795645144403596
38	49	-0.0012795645144404767
38	74	-0.0012795645144404936
38	65	-0.001279564514440506
38	58	-0.0012795645144405296
35	38	-0.0012795645144405433
38	48	-0.001279564514440574
26	41	-0.0012839101871680554
1	27	-0.0012890669400430661
35	67	-0.0012903946777235473
67	74	-0.0012903946777236262
48	67	-0.0012903946777236722
65	67	-0.001290394677723696
49	67	-0.0012903946777237073
58	67	-0.0012903946777238378
34	67	-0.001290394677723931
33	67	-0.0012903946777240711
27	55	-0.0012907067539950547
17	40	-0.0012973952457396836
30	83	-0.0012986945192347893
36	72	-0.001300213958145272
20	46	-0.0013005256735497267
60	80	-0.0013010277967502983
18	27	-0.0013017642998436989
35	83	-0.0013027830790071976
58	83	-0.0013027830790074474
34	83	-0.0013027830790074669
33	83	-0.001302783079007469
74	83	-0.0013027830790074977
49	83	-0.0013027830790074994
48	83	-0.0013027830790075937
65	83	-0.0013027830790076677
42	60	-0.001310452144318616
13	23	-0.0013122549786599657
4	10	-0.001317293756197692
31	81	-0.0013188619138086053
10	50	-0.0013222616107270383
32	83	-0.0013237606666736705
17	42	-0.001323824336554931
51	75	-0.001327179565223538
38	75	-0.0013273130182911005
24	30	-0.0013301227086330069
42	72	-0.0013301462252074568
9	42	-0.0013305318230982838
11	43	-0.0013360514413495459
36	70	-0.0013443797895420387
38	60	-0.00134553275187303
52	55	-0.0013455705803668647
29	69	-0.0013498377429206898
67	68	-0.0013523467678883067
15	60	-0.0013578291105989628
36	53	-0.0013593128834758347
48	56	-0.0013597017330962756
49	56	-0.0013597017330963224
56	58	-0.0013597017330964723
34	56	-0.0013597017330965115
35	56	-0.001359701733096625
56	74	-0.001359701733096673
33	56	-0.0013597017330966802
56	65	-0.0013597017330968014
40	53	-0.0013633122320623385
55	82	-0.0013643695580747425
12	31	-0.0013644461666647996
47	69	-0.0013650398770639833
29	82	-0.001368592746943854
39	78	-0.0013727112592803441
14	32	-0.0013772873725188882
25	58	-0.0013788706565324635
25	49	-0.0013788706565324668
25	48	-0.0013788706565324715
25	65	-0.0013788706565325108
25	74	-0.0013788706565325598
25	34	-0.001378870656532576
25	35	-0.0013788706565326006
25	33	-0.0013788706565329557
44	51	-0.0013804595126033826
51	55	-0.001382498549785345
9	30	-0.0013850328056924598
13	60	-0.0013885806860988077
33	77	-0.0013896194475240245
58	77	-0.0013896194475240546
35	77	-0.0013896194475241188
34	77	-0.0013896194475241219
49	77	-0.001389619447524215
48	77	-0.001389619447524226
74	77	-0.001389619447524252
65	77	-0.00138961944752431
43	73	-0.001394197724982314
64	70	-0.0013971169644423265
14	37	-0.001399400084872866
39	42	-0.0014004828628102284
5	30	-0.0014020420036474357
66	70	-0.0014029170841758
57	70	-0.0014029170841758465
9	72	-0.0014047228747000996
15	29	-0.001406988314366097
53	71	-0.0014149774254078352
42	51	-0.0014167711582951986
71	79	-0.001417590907041747
50	77	-0.0014249954539451801
30	37	-0.0014272942798759037
6	31	-0.0014287051251458708
22	39	-0.00143708579302079
2	37	-0.001438091203476162
33	80	-0.0014382867690268363
48	80	-0.0014382867690268444
74	80	-0.0014382867690268981
65	80	-0.0014382867690269025
49	80	-0.0014382867690269294
34	80	-0.0014382867690270354
35	80	-0.0014382867690270718
58	80	-0.0014382867690271013
50	62	-0.001444586457943029
29	72	-0.001448799659654118
6	13	-0.00144904952205787
10	38	-0.001449055771622295
55	79	-0.0014499127316320096
3	63	-0.001450631349580414
2	31	-0.0014516706414264943
26	69	-0.001456151855541735
9	83	-0.0014571366974779074
75	78	-0.0014610590628232395
11	55	-0.001462024990471751
36	48	-0.0014657332792852899
36	65	-0.0014657332792853202
36	58	-0.001465733279285469
36	74	-0.0014657332792855032
36	49	-0.0014657332792855373
34	36	-0.0014657332792855904
35	36	-0.0014657332792856455
33	36	-0.0014657332792856863
8	17	-0.001467148772220133
32	44	-0.0014682627771277084
13	70	-0.001471305038914948
23	69	-0.001479801879187137
13	41	-0.0014811385164913292
36	76	-0.0014830200105812523
14	52	-0.0014915559626984807
10	36	-0.0014947268415575797
57	60	-0.0014948482431115322
60	66	-0.0014948482431115973
32	71	-0.0014949241080583747
72	80	-0.0014958494999371078
6	70	-0.0014989361291661927
36	69	-0.0014991079903650434
26	54	-0.0015017527693783686
55	63	-0.0015033738646150138
12	60	-0.0015035145346695578
17	53	-0.0015037623306330674
49	82	-0.0015061949817384158
65	82	-0.0015061949817384453
48	82	-0.0015061949817385392
33	82	-0.0015061949817385498
35	82	-0.001506194981738651
74	82	-0.0015061949817386689
58	82	-0.001506194981738679
34	82	-0.0015061949817388317
6	60	-0.0015093982292705022
53	81	-0.0015107915305794376
10	51	-0.001512270534884219
68	81	-0.0015130795753060004
12	63	-0.001519236159260656
13	17	-0.001519328792622814
31	46	-0.0015201187297421142
36	78	-0.0015225675946320162
38	63	-0.0015247460212010266
55	60	-0.0015267230271503664
6	50	-0.0015291991238161476
11	83	-0.0015313067778433011
50	63	-0.0015313993279275958
1	7	-0.0015319853661649556
18	60	-0.0015404395868334692
76	78	-0.001546545845647436
27	33	-0.0015473337651017724
27	34	-0.0015473337651017783
27	48	-0.001547333765101864
27	35	-0.0015473337651018672
27	74	-0.0015473337651019745
27	49	-0.0015473337651020053
27	65	-0.0015473337651020123
27	58	-0.0015473337651020851
4	32	-0.001547385296105634
26	32	-0.0015514009673757113
76	83	-0.0015537324575311188
3	71	-0.0015558008620139493
68	73	-0.0015590994708698396
40	80	-0.0015606424401479213
26	40	-0.0015683006623468262
32	66	-0.0015746337719845945
32	57	-0.001574633771984825
19	59	-0.0015749999908515715
11	54	-0.0015780379235436318
63	68	-0.0015799623969590436
26	81	-0.0015830496245320732
27	52	-0.00158343207470359
9	16	-0.001595050300495361
10	30	-0.001597053209010595
52	54	-0.0015992015912918982
46	52	-0.0016127496181681342
38	70	-0.0016155648995661758
40	81	-0.0016213977149883412
75	77	-0.0016223090820985534
3	42	-0.0016225569423761544
35	47	-0.0016228417880402443
34	47	-0.001622841788040586
33	47	-0.0016228417880406838
47	49	-0.0016228417880407003
47	65	-0.001622841788040762
47	58	-0.0016228417880407627
47	74	-0.0016228417880407835
47	48	-0.0016228417880408627
7	45	-0.0016266962710360117
77	83	-0.0016295078236610618
59	65	-0.0016308486661017277
48	59	-0.0016308486661017528
49	59	-0.0016308486661018836
35	59	-0.0016308486661019044
59	74	-0.0016308486661019293
34	59	-0.0016308486661019326
58	59	-0.001630848666101962
33	59	-0.0016308486661021906
7	25	-0.001631421757998186
44	62	-0.0016330213993064938
26	36	-0.0016347020101952336
17	62	-0.0016377481337186087
37	80	-0.0016379069682659914
9	82	-0.0016408539931193943
60	81	-0.0016420825996539563
29	38	-0.0016434022916915194
15	72	-0.001647335208015581
1	32	-0.0016505229828392605
32	81	-0.0016524105863414103
16	80	-0.0016545823584066342
39	62	-0.0016558201661283595
43	47	-0.0016559068701636204
51	61	-0.0016639580871592493
12	52	-0.0016652913659153039
54	60	-0.0016673043026530486
41	62	-0.0016697565044802034
44	71	-0.001670936211233067
51	82	-0.0016747268176593214
11	20	-0.001675612203424208
38	69	-0.0016788341826259312
33	78	-0.0016832719960473092
35	78	-0.0016832719960473241
34	78	-0.0016832719960475004
58	78	-0.0016832719960475928
48	78	-0.0016832719960476073
74	78	-0.0016832719960477146
49	78	-0.0016832719960477296
65	78	-0.0016832719960477823
16	51	-0.0016835584784040463
59	69	-0.001691283315706324
3	60	-0.0016922943582207287
29	51	-0.0016933551189769623
9	21	-0.0016946537296912783
14	70	-0.001700460667745997
53	70	-0.0017026244034742473
15	57	-0.0017047665858264506
15	66	-0.0017047665858266258
40	71	-0.0017050478372975736
9	51	-0.0017064481758371209
15	31	-0.001707983031312877
14	69	-0.0017091428340281032
36	75	-0.0017092452844998506
15	68	-0.0017094866326140355
28	72	-0.0017095744812308878
18	76	-0.001712825096750594
28	51	-0.0017134860561151075
17	52	-0.0017163095115411467
13	77	-0.001718924555539251
32	46	-0.0017194808166861243
28	54	-0.0017197097163341541
45	54	-0.0017210136680033978
58	79	-0.0017231891844782814
34	79	-0.0017231891844785617
35	79	-0.001723189184478676
74	79	-0.001723189184478688
49	79	-0.0017231891844788501
65	79	-0.0017231891844788866
33	79	-0.0017231891844789293
48	79	-0.0017231891844789664
4	63	-0.0017237613920452121
28	44	-0.0017245147504078078
9	20	-0.0017297646486553802
36	40	-0.0017314626503667887
12	69	-0.0017330942378204778
32	82	-0.0017387167867134777
56	69	-0.0017554337735132463
20	27	-0.0017654135639961124
8	15	-0.0017677561506188382
51	63	-0.0017746456553647014
28	39	-0.001774677731781824
26	34	-0.0017788914466283798
26	33	-0.001778891446628461
26	49	-0.0017788914466285205
26	74	-0.0017788914466285687
26	58	-0.0017788914466286385
26	35	-0.0017788914466286393
26	65	-0.0017788914466286766
26	48	-0.0017788914466287124
67	73	-0.0017833955781727
1	51	-0.0017912929588959738
76	80	-0.0017968959197048277
8	69	-0.001805611571172542
48	81	-0.0018120602431192221
35	81	-0.0018120602431193288
49	81	-0.0018120602431194914
65	81	-0.0018120602431195149
33	81	-0.0018120602431195305
74	81	-0.0018120602431195947
34	81	-0.001812060243119616
58	81	-0.0018120602431196471
22	36	-0.0018121243946210286
29	68	-0.0018163017775222816
40	68	-0.0018276032474871568
28	77	-0.0018389596521899455
16	48	-0.0018409834731664444
16	65	-0.0018409834731664791
16	49	-0.0018409834731666023
16	35	-0.0018409834731666192
16	58	-0.0018409834731666396
16	74	-0.001840983473166686
16	34	-0.0018409834731666964
16	33	-0.0018409834731667502
14	83	-0.0018478079408580216
24	65	-0.0018484509602755097
24	35	-0.00184845096027551
24	34	-0.001848450960275556
24	48	-0.0018484509602755645
24	49	-0.0018484509602756038
24	58	-0.0018484509602756083
24	74	-0.0018484509602756122
24	33	-0.0018484509602757428
25	45	-0.001850399261804173
16	68	-0.001852305253335372
52	81	-0.0018537905649533418
19	68	-0.0018555342460190678
28	32	-0.0018556181773705706
51	77	-0.0018573283250238387
36	47	-0.0018578468248152888
52	82	-0.0018674766087160347
51	64	-0.0018685902137382982
54	72	-0.001868659992911503
30	66	-0.0018690582403390666
30	57	-0.0018690582403391907
6	75	-0.0018702318062142837
72	81	-0.001872316398461379
30	45	-0.0018740001601338404
30	63	-0.0018789632262531004
31	45	-0.0018864711532357776
41	75	-0.0018904917195210168
76	81	-0.0018905948751961777
30	80	-0.0018957630259203882
1	58	-0.0018959381699403548
1	74	-0.0018959381699403582
1	34	-0.0018959381699403606
1	49	-0.0018959381699403942
1	33	-0.0018959381699404116
1	65	-0.0018959381699404229
1	35	-0.0018959381699404244
1	48	-0.0018959381699405527
13	47	-0.0018963301955851172
59	70	-0.0018966294923526018
12	50	-0.0018999493967975685
14	62	-0.0019002845832670322
7	19	-0.0019006184659536157
45	53	-0.0019013866509861067
9	64	-0.0019068524130147883
50	79	-0.0019110171641596166
38	72	-0.0019133061432598858
10	73	-0.0019159598906767009
38	52	-0.0019162525996459416
36	71	-0.001917446126614767
25	70	-0.0019182390857478437
11	38	-0.0019229103755557466
4	18	-0.0019246965856218358
39	68	-0.0019380334397703597
43	52	-0.001939279684855286
41	77	-0.0019429920431434837
44	60	-0.0019447518167262949
22	82	-0.0019506097967071827
11	19	-0.0019518845575814557
67	76	-0.0019519826584518528
57	59	-0.001960042675248479
59	66	-0.0019600426752486837
33	37	-0.0019662698066303637
37	58	-0.0019662698066303897
37	74	-0.0019662698066303936
35	37	-0.0019662698066303967
37	65	-0.0019662698066304366
37	49	-0.001966269806630454
37	48	-0.00196626980663051
34	37	-0.00196626980663062
7	63	-0.0019739591522034833
37	44	-0.001977119056854172
5	32	-0.001977130674235123
14	30	-0.0019776224609209985
13	75	-0.001977966472757999
5	10	-0.0019796555204991276
29	44	-0.001982997718318954
11	23	-0.001986659664961879
41	68	-0.0019903628697212645
32	80	-0.0019917287127687463
8	63	-0.0019926807491166165
67	70	-0.001994152993432272
39	82	-0.0019942610434163337
16	82	-0.001995230829419022
32	38	-0.0019975036539303264
63	73	-0.001997662212267397
69	78	-0.0020012635086650876
50	67	-0.002001362397466339
11	80	-0.0020027496050278194
25	32	-0.0020031057658243968
9	45	-0.002005747370698107
1	72	-0.0020170467592620107
6	32	-0.002017673274574909
32	43	-0.0020179868718419756
1	73	-0.0020195631019937848
30	44	-0.002022128328331925
38	55	-0.0020237184824803203
26	68	-0.0020268289182680177
13	62	-0.002029992167409894
14	40	-0.0020321809827242424
11	66	-0.002035232850608796
11	57	-0.002035232850608839
20	42	-0.002035777993804031
7	33	-0.002042893047133178
7	35	-0.002042893047133654
7	49	-0.0020428930471337167
7	48	-0.0020428930471337193
7	65	-0.0020428930471337514
7	74	-0.002042893047133759
7	58	-0.0020428930471337653
7	34	-0.0020428930471338693
53	73	-0.002045183394232775
6	30	-0.0020460566964324058
28	60	-0.002051916048702216
18	32	-0.00205301316337542
14	41	-0.0020535631278321177
10	29	-0.0020567268152252155
50	53	-0.002056730477620121
56	76	-0.0020579622053283654
15	33	-0.0020596985049509153
15	49	-0.0020596985049509643
15	58	-0.0020596985049509734
15	74	-0.0020596985049509773
15	65	-0.0020596985049509894
15	48	-0.0020596985049510627
15	35	-0.002059698504951116
15	34	-0.002059698504951149
26	52	-0.002062225480728179
31	78	-0.0020659706142370344
45	77	-0.002069782820336232
45	51	-0.00207053977136975
70	83	-0.0020722084038651977
27	31	-0.0020753961694712575
9	56	-0.0020760361023404493
10	55	-0.002080146683806786
23	55	-0.002080516071850412
6	12	-0.0020820667630352847
24	39	-0.002085422732839388
54	77	-0.002087332045792735
23	64	-0.0020883862391261115
59	76	-0.0020889776426305053
1	39	-0.0020923231129216357
31	80	-0.002092896890248864
15	82	-0.002093717822006425
70	78	-0.00209432569069314
26	76	-0.002094674998304275
6	34	-0.002098046400296384
6	58	-0.0020980464002964706
6	48	-0.002098046400296474
6	74	-0.0020980464002964745
6	49	-0.002098046400296503
6	35	-0.002098046400296506
6	65	-0.0020980464002965378
6	33	-0.0020980464002967286
1	52	-0.002098131150482071
10	18	-0.0021085725651767556
29	53	-0.0021112674267079767
59	72	-0.00211294021847527
46	69	-0.0021139861498038924
52	77	-0.0021179424132895036
42	78	-0.0021243093581937754
29	71	-0.002128932772332593
68	83	-0.0021369956562326004
62	64	-0.002137164469129735
67	69	-0.002139156563866185
46	60	-0.0021404727114579525
77	79	-0.002142490435295923
44	55	-0.00214377452871874
17	44	-0.0021445136086023966
36	55	-0.0021469251967415545
8	52	-0.002148791534363131
16	19	-0.002150300485612072
10	53	-0.0021509528680784284
18	46	-0.002153009688303748
10	39	-0.0021544538441055664
2	26	-0.002163117446409962
27	76	-0.002167672879882375
42	63	-0.00217046307770181
50	56	-0.00217793830007818
51	81	-0.0021790156835340847
41	63	-0.002181305212028425
2	76	-0.002183729238963536
29	50	-0.0021846972088750637
24	29	-0.002190997914455188
44	68	-0.0021973824563966994
1	42	-0.002201578504050553
7	39	-0.0022021906237355534
52	78	-0.00220706918147375
56	70	-0.002209904666046202
70	79	-0.002210063642201418
45	83	-0.0022141090821978463
43	64	-0.0022186225093351825
45	48	-0.0022254626955745525
45	58	-0.002225462695574553
45	74	-0.0022254626955745573
45	49	-0.002225462695574603
45	65	-0.0022254626955746384
34	45	-0.00222546269557482
35	45	-0.002225462695574913
33	45	-0.002225462695575174
62	75	-0.0022269437040636376
7	76	-0.002233440110187713
6	76	-0.002236467593600877
31	67	-0.0022405760256960804
29	63	-0.002249560323278172
21	83	-0.0022502118950163243
26	63	-0.002257259126451413
15	70	-0.002258439673287462
25	73	-0.0022601434053286483
3	53	-0.002266937566156291
7	70	-0.002267938820579479
11	21	-0.00226925899966454
3	33	-0.002274333913126144
3	34	-0.0022743339131262056
3	65	-0.0022743339131262603
3	35	-0.002274333913126319
3	49	-0.002274333913126341
3	74	-0.0022743339131264073
3	58	-0.002274333913126413
3	48	-0.0022743339131265188
5	9	-0.0022772117196082353
40	42	-0.0022785314665944674
69	77	-0.002280766175025533
12	70	-0.0022833529974097258
38	73	-0.002283591018046883
9	18	-0.002286881964603963
22	76	-0.002289377210275202
1	16	-0.0023019399767350134
2	34	-0.0023029138537777466
2	58	-0.002302913853777792
2	74	-0.0023029138537777965
2	65	-0.0023029138537778546
2	35	-0.002302913853777861
2	48	-0.0023029138537778637
2	49	-0.0023029138537778663
2	33	-0.0023029138537780506
70	80	-0.002306156309402387
40	54	-0.0023084773937846015
2	69	-0.002309530458871983
59	60	-0.0023103503259198953
30	64	-0.002310815039339692
3	10	-0.0023124756645967835
24	71	-0.002312923965590595
12	71	-0.0023137765395189244
39	47	-0.002314445072128014
9	68	-0.0023159165812425106
76	79	-0.0023203849519923122
25	31	-0.002320820425387426
5	42	-0.002321341934709671
24	31	-0.00232324591819909
25	30	-0.0023233504776012655
11	27	-0.0023276712665690497
32	56	-0.002332784594199177
1	76	-0.0023346661011616585
23	30	-0.002342786494253047
69	80	-0.002344923228964801
8	60	-0.002346046643208668
61	71	-0.0023475778149317245
52	67	-0.0023478291601315743
22	60	-0.0023489941369562576
52	80	-0.0023492547127867934
66	83	-0.002355162344785885
57	83	-0.002355162344785961
41	54	-0.002358180403967058
24	82	-0.0023598843730450163
63	83	-0.002360532398231182
11	28	-0.0023626221872842155
54	70	-0.0023700231623646545
32	59	-0.002371561575725732
47	73	-0.002376625027310955
24	52	-0.002376734486609876
37	60	-0.0023783521803591185
38	51	-0.0023801070252900116
36	52	-0.002381759612926138
3	12	-0.002383341272843441
18	39	-0.002384539690565266
27	30	-0.002386022561211241
38	46	-0.002395191646859309
57	73	-0.002397919269698381
66	73	-0.0023979192696985075
10	68	-0.002399254472457631
38	83	-0.002408854464891523
2	40	-0.002411274337309712
7	79	-0.002413121276877579
27	47	-0.0024150748125530202
41	71	-0.0024184534522559797
41	53	-0.002418965999307518
40	59	-0.002421012082565549
4	76	-0.0024225232860928207
25	67	-0.0024278076520250647
31	56	-0.002427877681945165
6	28	-0.002428177570884005
50	80	-0.002431988375087111
27	72	-0.0024333854331819145
15	37	-0.002434767939795933
43	61	-0.0024400260684145246
29	81	-0.0024425946465410743
8	72	-0.0024464786879938557
11	59	-0.0024493055735926843
29	75	-0.0024549420947511747
5	48	-0.0024573897331032785
5	49	-0.00245738973310349
5	58	-0.002457389733103507
5	74	-0.0024573897331035114
5	65	-0.0024573897331035257
5	33	-0.0024573897331036714
5	34	-0.002457389733103673
5	35	-0.0024573897331036853
26	72	-0.0024579471936344065
14	53	-0.0024605315734689
11	36	-0.0024606000545815926
17	59	-0.0024612896620852184
11	82	-0.0024624519607130135
26	73	-0.002474996667557023
45	78	-0.002477282617977165
70	82	-0.002477303157454573
32	67	-0.002479550765573284
61	77	-0.0024799801938801746
7	50	-0.002494839524423924
61	73	-0.00249751433449471
4	48	-0.0024976528334798597
4	74	-0.002497652833479864
4	58	-0.002497652833479886
4	49	-0.0024976528334799747
4	65	-0.002497652833480012
4	35	-0.0024976528334801308
4	33	-0.00249765283348019
4	34	-0.002497652833480268
43	71	-0.0024999152197590635
37	73	-0.0025036340853245524
46	50	-0.0025054507601319463
16	69	-0.00250597054145994
15	77	-0.0025090037326608496
13	82	-0.0025136273841758396
59	68	-0.002514783332487119
53	68	-0.0025173986377989323
9	26	-0.0025215339824516633
10	79	-0.0025250471497319906
44	82	-0.0025257253051830337
45	72	-0.0025260911210509573
2	60	-0.002531826859830169
17	32	-0.00253225529681649
20	30	-0.0025348595163806934
4	19	-0.002535126690788805
21	76	-0.002536749808893562
27	69	-0.002544864850691246
41	64	-0.0025455612360250762
39	79	-0.0025466238675717146
27	28	-0.0025468365386896886
21	61	-0.0025469469960234664
46	62	-0.0025519635313667874
19	60	-0.002552772944449281
69	81	-0.0025533010564410723
21	59	-0.002553749807602791
12	40	-0.0025539953705122293
31	79	-0.00256099507005322
63	80	-0.0025628300650867688
11	81	-0.002570466431813273
4	83	-0.0025758115114178862
14	79	-0.0025767074257063627
50	61	-0.0025767462770494498
3	21	-0.0025770097734900063
45	69	-0.0025778962047812567
56	60	-0.002579383383845102
43	69	-0.002580493151570785
38	44	-0.0025878654976921973
36	60	-0.0025889560113578226
1	40	-0.0025921844721729084
5	76	-0.002593570694828956
37	71	-0.002593740471159102
5	39	-0.0025965587356707575
45	60	-0.002596784644879828
10	81	-0.002598765623545925
18	68	-0.0025995562994368046
44	64	-0.002599907493458168
50	82	-0.002599957499000105
29	39	-0.0026009459989698802
13	63	-0.0026029474001082924
10	59	-0.0026033413480387934
51	83	-0.0026095906065122408
32	45	-0.002609877266822603
9	23	-0.002610492067942227
23	41	-0.0026114389244560037
13	61	-0.002619034894773507
21	78	-0.00262054671959433
61	66	-0.0026229218351968616
57	61	-0.0026229218351969483
20	63	-0.0026247858260370314
57	72	-0.002628236008580483
66	72	-0.002628236008580616
19	72	-0.002630217652147358
43	72	-0.00263938484086721
14	72	-0.002645190624472896
9	63	-0.0026467922229076978
10	83	-0.0026499840237098806
42	68	-0.002651670987418965
36	68	-0.002652142667008334
2	52	-0.002653131280912044
56	73	-0.002653584059135444
20	60	-0.0026540963120816087
13	38	-0.0026556229995562865
10	56	-0.0026573088082500235
29	47	-0.002665060869211121
21	44	-0.0026691814147143302
10	42	-0.0026743900420458716
9	53	-0.0026769975663598865
28	40	-0.002679961462850083
52	56	-0.0026818784039328715
39	43	-0.002684230594710223
45	61	-0.0026850896238017194
8	18	-0.002686195742815589
51	57	-0.002693525508228793
51	66	-0.002693525508228837
54	78	-0.002700474491757381
44	72	-0.0027008270134104926
73	80	-0.0027022418533349723
18	41	-0.0027028912955467084
3	76	-0.0027044722632370774
17	48	-0.002706669474981536
17	49	-0.0027066694749815975
17	65	-0.0027066694749816322
17	58	-0.002706669474981712
17	33	-0.002706669474981731
17	74	-0.002706669474981739
17	35	-0.002706669474981825
17	34	-0.002706669474981869
21	32	-0.002708615877263927
9	75	-0.002714133496484112
22	70	-0.0027186293543029973
22	30	-0.0027187125511203476
5	31	-0.0027234762228390418
13	20	-0.0027252236911859355
45	76	-0.0027298005780866746
6	71	-0.002731761811611619
12	30	-0.0027358178826318172
20	31	-0.0027366137983879336
5	69	-0.002739356771199115
15	63	-0.0027428009230822106
43	70	-0.002744254150888009
14	73	-0.0027476100956803154
22	32	-0.002750478435235305
27	32	-0.002751731085982566
15	42	-0.0027543594775147296
16	76	-0.002762264231165654
40	56	-0.0027652104964317257
51	54	-0.002765923691438857
11	77	-0.0027668397817280956
24	50	-0.0027683779694527887
25	40	-0.002771106273464572
14	47	-0.002774275081754131
37	43	-0.0027743785267594374
24	76	-0.0027759786419380367
7	69	-0.002776817592638385
14	68	-0.002779229316597329
60	67	-0.0027813067483747865
11	78	-0.0027831073350592615
4	69	-0.002792268522968098
20	59	-0.0027982178523909083
32	37	-0.002799836007610749
55	73	-0.0028024632995606947
43	50	-0.002802848785716466
9	66	-0.002806510611287045
9	57	-0.0028065106112871827
37	76	-0.0028069958887027213
27	71	-0.002812555779551522
9	38	-0.0028127189507769434
42	59	-0.0028148281021623534
14	51	-0.0028179557153050904
27	70	-0.002819091416102687
18	48	-0.0028219422488855806
18	74	-0.002821942248885683
18	33	-0.0028219422488856964
18	58	-0.002821942248885705
18	49	-0.002821942248885706
18	65	-0.0028219422488857423
18	35	-0.0028219422488858807
18	34	-0.0028219422488859136
53	77	-0.0028256317266701606
7	51	-0.0028329384658669545
42	62	-0.0028331175642329048
22	29	-0.0028344444039629245
7	15	-0.002835319448531765
52	79	-0.002836150442430765
26	82	-0.0028371156912191733
28	81	-0.002841707947433594
5	55	-0.002848136475564863
42	55	-0.002849893586252799
11	67	-0.0028510042300927347
2	3	-0.00285124368779654
30	59	-0.0028518058404029957
12	72	-0.0028598472591502317
21	60	-0.002860614571199591
6	41	-0.0028608954610456084
15	45	-0.0028612465494318
31	37	-0.0028625212021854717
20	62	-0.002866363156432743
42	57	-0.0028710253409222975
42	66	-0.002871025340922315
36	51	-0.002873116955829592
26	50	-0.0028738507665761696
54	73	-0.00287387785473856
3	40	-0.0028747260068330118
2	32	-0.002875686477142616
28	38	-0.0028799091580027107
3	44	-0.002880366062335514
11	79	-0.002881965766138429
53	67	-0.002890530699831513
4	40	-0.0028920785417186415
68	77	-0.0029000899464471006
22	35	-0.002901618345190647
22	48	-0.0029016183451906576
22	74	-0.002901618345190677
22	65	-0.002901618345190683
22	49	-0.002901618345190683
22	58	-0.0029016183451906867
22	34	-0.002901618345190698
22	33	-0.002901618345190725
25	80	-0.0029062735517482244
42	53	-0.0029069398599543958
11	22	-0.0029088289091759407
22	51	-0.002910891570821
17	39	-0.002920214855897417
15	32	-0.002924682533303492
28	61	-0.002929876496182744
39	55	-0.002936210691834049
25	50	-0.002937283961871311
23	32	-0.002939176289494784
47	62	-0.0029420106745130215
1	62	-0.0029432624401872194
11	56	-0.0029469623133367047
53	79	-0.002947813785846129
9	67	-0.002952881746104375
17	76	-0.002954687556526071
3	16	-0.0029566937005373432
23	61	-0.0029592747101969945
24	41	-0.002962101165234954
12	61	-0.0029622957885188685
16	17	-0.002963808225202815
5	46	-0.002970079724438142
25	81	-0.0029721595972033495
21	43	-0.0029737987432053633
10	67	-0.00297652506517688
44	54	-0.0029793440318724622
30	54	-0.0029795622357166526
3	54	-0.002981418690767323
16	32	-0.002985787694670658
5	73	-0.0029998699085278233
22	54	-0.0030063802013577117
41	47	-0.003007429977706017
8	40	-0.0030091175055168232
7	80	-0.0030095447423916493
17	60	-0.00301096621319975
73	78	-0.003011057063160357
6	39	-0.00301134861454815
16	54	-0.0030145206677445174
2	6	-0.0030152887602633086
3	66	-0.0030200009274760874
3	57	-0.0030200009274761255
20	35	-0.0030236106669970174
20	58	-0.003023610666997069
20	48	-0.0030236106669971263
20	65	-0.0030236106669971306
20	74	-0.003023610666997135
20	49	-0.003023610666997142
20	33	-0.0030236106669971454
20	34	-0.003023610666997369
29	80	-0.0030242106007920067
16	52	-0.00302513361063269
51	80	-0.0030300440882381
16	77	-0.0030325014768902304
19	31	-0.0030368179858806057
13	55	-0.0030370332171218055
50	54	-0.0030380586660262924
13	37	-0.0030401813122745056
7	31	-0.0030412747696129954
6	14	-0.003041650246909139
19	33	-0.0030434601881710265
19	58	-0.003043460188171257
19	74	-0.003043460188171261
19	49	-0.003043460188171264
19	65	-0.0030434601881712893
19	35	-0.0030434601881712993
19	48	-0.0030434601881713097
19	34	-0.00304346018817137
23	46	-0.003045053302541569
9	55	-0.0030468259670242484
45	70	-0.00304738910135411
61	80	-0.003048034050286563
57	68	-0.0030526924783190884
66	68	-0.0030526924783194054
2	30	-0.0030538475739001836
1	63	-0.0030627455600982178
51	79	-0.0030657106143282915
27	77	-0.0030690230349037107
9	39	-0.003072916947447829
17	73	-0.003080415069467963
8	51	-0.003080458997633564
7	71	-0.003085220258995814
4	42	-0.003087350296007203
18	70	-0.003088517237175334
68	79	-0.003090639847816933
26	70	-0.00309088909423824
47	55	-0.0030913287920046285
3	30	-0.0030950147242160726
7	24	-0.003097041282818942
72	77	-0.003099036659517031
40	67	-0.003100169780380825
36	61	-0.0031125579606322354
22	52	-0.0031152049337850045
14	50	-0.00311540208975347
23	76	-0.003118118733983488
18	62	-0.0031206873037087175
5	15	-0.003122725201731154
17	31	-0.003123538091951817
70	81	-0.003125805887861084
73	82	-0.0031353815733939886
21	72	-0.0031384365869371184
8	39	-0.0031385233211902474
6	52	-0.003143239709741777
26	64	-0.003147277599668202
37	46	-0.0031481240176672136
9	19	-0.0031491682793497447
21	46	-0.003149492435124273
14	38	-0.0031506789694120286
22	31	-0.0031518856379736926
7	30	-0.003156534489468121
12	51	-0.0031567128760304907
15	75	-0.003160646107621956
13	64	-0.0031609476803994146
10	71	-0.003163612852421084
12	41	-0.0031675862369132377
3	32	-0.003169162037294705
60	79	-0.0031730817223326042
20	50	-0.0031745519149753267
17	55	-0.0031752417583797883
47	76	-0.0031873060687234124
23	62	-0.0031950215781048658
20	83	-0.0031998797815418305
61	64	-0.0032061691292995837
42	43	-0.003207881527589004
45	52	-0.003209347195288404
12	23	-0.003211645713154957
9	37	-0.003211836946788801
50	66	-0.003220553140240873
50	57	-0.003220553140240925
3	31	-0.0032260472534541727
4	53	-0.0032284980267448856
1	44	-0.003229783671198933
36	43	-0.0032309976485941777
47	68	-0.0032383319420273126
28	29	-0.00323987996241076
3	19	-0.003240332657005693
40	61	-0.003242767611311721
17	27	-0.003243919637660785
19	32	-0.0032462518095408826
1	47	-0.0032468493496927275
13	59	-0.0032468819610624537
9	27	-0.00325414690081089
23	70	-0.0032565356798459344
41	79	-0.0032601071223337256
22	46	-0.003263581214174617
62	71	-0.003265206552310755
27	40	-0.0032685370794256416
13	27	-0.0032731033448267512
26	30	-0.003274228007229118
1	38	-0.00327598188814916
14	23	-0.0032802525421778894
56	72	-0.0032808825772792953
21	33	-0.0032811168866683136
21	35	-0.0032811168866683773
21	65	-0.0032811168866684016
21	74	-0.0032811168866684285
21	58	-0.0032811168866684337
21	48	-0.0032811168866684415
21	49	-0.0032811168866684424
21	34	-0.0032811168866684545
20	55	-0.0032840765233088194
37	70	-0.003284464103929028
11	25	-0.003296358946619891
47	60	-0.0032997799492726024
54	61	-0.0033028024448110782
5	12	-0.003310535823993958
21	29	-0.0033144805848742834
2	21	-0.00331629627175933
28	71	-0.0033183376286556165
1	23	-0.0033186557932862112
21	70	-0.0033221027185565194
5	14	-0.003322454796423212
11	26	-0.0033286222294691267
37	57	-0.0033367249424652665
37	66	-0.003336724942465434
5	75	-0.0033374674072586333
1	41	-0.0033408323865274764
42	54	-0.003341915044358725
4	60	-0.003345031887137013
13	26	-0.003346811308851218
27	57	-0.0033483737597714194
27	66	-0.0033483737597714627
7	17	-0.0033501497510270185
4	31	-0.0033532494019903056
46	61	-0.003358411710154761
64	68	-0.0033651011732392135
40	77	-0.0033744298934937707
27	37	-0.003377754426971677
18	31	-0.0033802122115673097
4	70	-0.003383363566545064
3	55	-0.0033872695009684968
24	51	-0.0033906004293064156
63	81	-0.0033961060188074472
15	43	-0.003404759604916317
27	80	-0.0034197376499526984
24	36	-0.003420127467442689
10	80	-0.003425821512481512
37	62	-0.0034265521084632746
21	28	-0.0034372570951702215
67	72	-0.003437902234049995
68	80	-0.003442199334647026
10	19	-0.0034461878874878795
18	44	-0.0034472675823476505
21	51	-0.003450317771744256
61	75	-0.003477743212941972
13	54	-0.0034885972290299586
7	52	-0.0034942560207260635
26	42	-0.0034957483117009306
9	61	-0.0034992511082499135
21	31	-0.003502986950263593
18	52	-0.0035085948514878844
6	40	-0.0035095254906073285
21	50	-0.0035098690198971634
7	73	-0.0035103539722990463
26	47	-0.0035116710822271
45	62	-0.00351636676364658
23	65	-0.00351984845387373
23	74	-0.0035198484538738668
23	33	-0.003519848453873902
23	49	-0.0035198484538739045
23	34	-0.003519848453873939
23	58	-0.003519848453873947
23	35	-0.003519848453873998
23	48	-0.0035198484538740867
2	53	-0.003521345175045496
26	78	-0.003521720159893058
3	52	-0.0035230527556337978
16	63	-0.0035296568037543243
12	18	-0.0035299085594061846
28	75	-0.0035324360627008436
72	78	-0.0035437560437159114
25	68	-0.003544632364121265
26	38	-0.003549235920747726
12	80	-0.0035497760028191695
68	78	-0.003551816649925596
5	70	-0.00355259518629355
3	69	-0.0035663604193352945
23	63	-0.0035690079179886954
43	62	-0.0035723944122946806
4	68	-0.0035743816321186063
3	9	-0.0035764258885678307
12	25	-0.0035772633158351035
23	75	-0.003578305629156572
28	83	-0.003589348878903666
39	46	-0.003590096677960332
8	53	-0.0035919412010140426
41	59	-0.0035956784203119117
10	78	-0.003596752057749189
5	52	-0.003599545467564044
12	26	-0.003606831183279204
13	71	-0.0036074235070533735
36	56	-0.003614116709265345
24	32	-0.0036197888460225165
2	4	-0.0036209453736696096
27	68	-0.003639155170237527
2	42	-0.003648100790486355
18	54	-0.0036542132719502773
10	28	-0.003663644461800617
29	54	-0.00366780632226652
9	59	-0.0036758142203127844
13	43	-0.0036766675772362564
17	41	-0.0036793535004717333
15	41	-0.003684624259145147
63	66	-0.003692709671612282
57	63	-0.0036927096716122933
15	30	-0.003697682777455773
16	41	-0.003698642681618674
3	37	-0.0036996703682792547
4	52	-0.0037045172760565384
43	51	-0.003705713577822967
7	72	-0.003705848490963142
23	59	-0.0037189805785647415
24	83	-0.0037228277162036014
1	55	-0.0037275692881583384
8	55	-0.003730575180284589
22	41	-0.003732048154327582
47	77	-0.00373456589616043
36	41	-0.003739280465303794
16	46	-0.0037425382134026975
55	56	-0.003743746715403681
45	75	-0.0037521359059735273
38	50	-0.0037524760609756523
29	55	-0.003769021893671721
16	73	-0.0037715978627947196
8	62	-0.0037722155836001363
19	41	-0.0037727089899263766
3	51	-0.0037762175214167883
67	82	-0.0037767479482834834
40	46	-0.003778462056918631
54	59	-0.003779849402129498
9	22	-0.0037801084226020045
8	79	-0.003782239082759835
20	29	-0.003782846517774283
43	46	-0.0037883199270624286
59	80	-0.0037885886203311986
51	67	-0.0037886171011463055
54	68	-0.003797146286377562
1	18	-0.0037997425602517843
26	56	-0.0038006063098999527
25	69	-0.0038033701652849133
28	62	-0.003808882508403184
26	51	-0.0038095319774579263
51	56	-0.0038136098448819876
10	54	-0.0038169814871137926
14	64	-0.0038173228926410958
5	72	-0.003820201266646601
51	78	-0.003820340223223801
15	53	-0.0038295926896037146
45	63	-0.0038322217412106886
62	80	-0.003832492017727374
50	78	-0.0038336414975661476
21	62	-0.0038338300451091385
4	39	-0.0038381259487710057
43	59	-0.0038385934501289007
39	54	-0.003841215224771023
8	82	-0.003841227568986078
16	83	-0.003845013373926412
47	50	-0.003845129787990168
20	76	-0.003851125174410239
42	82	-0.003854809310627332
25	44	-0.003856415257488177
26	57	-0.0038608328875360167
26	66	-0.0038608328875360297
46	77	-0.003861220550074901
8	68	-0.0038624092658786947
42	61	-0.0038631168174223943
17	50	-0.00386480191407524
29	78	-0.0038668210021252074
22	45	-0.0038673749910583793
23	60	-0.0038686841660633543
17	30	-0.003870700494207782
29	64	-0.0038726599051197496
3	72	-0.003877455228624281
19	76	-0.003885763888923269
13	81	-0.0038912162078538607
3	45	-0.0038913905147499074
36	66	-0.0038920236155184015
36	57	-0.003892023615518537
38	77	-0.0038968508708547194
8	43	-0.0039049393229274665
12	78	-0.003908357938432621
29	77	-0.0039089151863206445
25	57	-0.0039194365143274705
25	66	-0.003919436514327692
72	79	-0.003921060395189925
4	72	-0.003924311685584797
8	22	-0.003928975684917162
13	19	-0.003929408476472124
46	53	-0.003938959205562492
22	53	-0.0039413686062753205
20	37	-0.003942534733196451
71	80	-0.003945613693171111
23	31	-0.003947270352594705
14	22	-0.003953787205362543
20	41	-0.0039570589469983845
4	47	-0.003961842839932409
9	77	-0.003963353502676253
6	51	-0.003968882521260776
6	62	-0.003969775651024752
20	82	-0.003976028254371459
44	77	-0.003976047453980227
10	61	-0.003977791711891625
5	36	-0.003978161523368887
3	70	-0.003980525445920682
4	44	-0.003983130757941373
39	75	-0.0039873168134122615
56	71	-0.004001248136224732
16	70	-0.004002385781229334
22	38	-0.004005058107413374
21	52	-0.004011575269160543
20	68	-0.004014339052818684
55	61	-0.004015196294062139
23	79	-0.004019491654448209
23	52	-0.004022138038382502
13	18	-0.004024258393896825
44	53	-0.004027991010654135
41	81	-0.0040340793263078465
22	69	-0.004034980432716254
22	72	-0.004038786413677319
27	73	-0.004043676805240181
23	50	-0.004048359274834491
21	63	-0.004053713223256223
15	59	-0.004060693195951991
53	78	-0.004061343661486024
8	78	-0.0040701899781470305
54	75	-0.004074338727339571
24	70	-0.004086132362992292
14	28	-0.004086369563842359
25	38	-0.004090619379025893
22	50	-0.00409157027361564
5	50	-0.004100329625989729
57	64	-0.004107132683573898
64	66	-0.00410713268357402
43	68	-0.004112702486699657
20	32	-0.004114995905576616
5	51	-0.0041150836109541625
19	52	-0.0041169949972629126
15	19	-0.00412569654421951
29	67	-0.0041391086679125905
15	40	-0.004146767260149099
20	26	-0.004147642363270421
17	51	-0.004151825211615131
23	81	-0.004158354686483125
9	78	-0.0041588118311344366
8	16	-0.004163719632476408
73	79	-0.004168330477877801
47	53	-0.004168495835268574
16	26	-0.004169123662136797
6	63	-0.004173953956374078
39	80	-0.0041812896979353505
2	70	-0.004190284353128143
10	20	-0.0041980888473135
6	72	-0.004201854596287528
2	73	-0.004210661446819565
39	57	-0.0042124728592318195
39	66	-0.00421247285923204
12	73	-0.004214951665959308
20	71	-0.004220067086652048
23	38	-0.004220727955320464
66	79	-0.00422146720915317
57	79	-0.0042214672091533765
30	79	-0.004225103861324143
4	7	-0.004228348038193157
27	51	-0.004231318961564864
62	79	-0.00423373566349656
3	64	-0.004234717488826907
16	30	-0.004236401536375586
28	36	-0.0042434531015938205
29	83	-0.0042453761118007634
1	21	-0.004245492140882276
30	67	-0.00424598146286367
24	43	-0.0042551431227216465
2	50	-0.004259122672265889
5	29	-0.004283132655015375
12	21	-0.004283239340645481
78	81	-0.0042950539358304705
47	63	-0.004296879478795269
7	20	-0.004301559553571008
20	52	-0.004303204343538486
23	51	-0.004309581075350173
15	38	-0.004310248224548282
5	68	-0.004313653024800733
27	50	-0.0043147991204437654
47	54	-0.004317123787540676
17	67	-0.004317410345763125
3	68	-0.004317796435864758
30	56	-0.004326500968526121
21	42	-0.004329334640383569
15	17	-0.004336414390643979
23	72	-0.004340254506310659
20	72	-0.004351452388558766
6	16	-0.0043591498108540155
29	37	-0.004364640395715207
45	73	-0.0043652075019785345
12	43	-0.004365643148166813
1	28	-0.004371501133315517
5	62	-0.004372376109126238
22	63	-0.00437348945693895
22	68	-0.004374192937852793
47	81	-0.004380640244800165
5	41	-0.004383011413887374
14	25	-0.0043855697876917284
16	29	-0.00439078867158808
18	63	-0.004392211974438676
24	75	-0.004394845763001146
27	59	-0.004398832724545911
22	42	-0.004401704847298181
39	44	-0.004403086815023417
13	36	-0.004417415686329457
55	80	-0.004436128675138301
43	77	-0.004441646553337011
2	23	-0.004443218653872073
7	41	-0.00444961317115698
12	24	-0.004458686210198373
18	55	-0.004464305982998981
18	50	-0.0044663895339063335
14	43	-0.004467342589810677
28	67	-0.0044789550764188
10	77	-0.004482050099145197
4	77	-0.004495927949881275
17	72	-0.004511597457699769
43	83	-0.004514263231439439
14	55	-0.0045146692923182085
14	71	-0.004525956301073928
55	67	-0.0045318340784340164
37	50	-0.0045327950747413946
63	79	-0.00453962593266638
27	29	-0.004552465838862767
7	68	-0.004561218521723084
13	25	-0.004566659956569066
39	81	-0.00456734329344987
9	81	-0.004567462909357918
29	56	-0.0045693794673991785
18	30	-0.0045705083827761485
15	23	-0.004572009481556522
39	61	-0.00457911013145744
3	43	-0.004579848354873307
22	80	-0.004587102022054429
41	78	-0.00459027842257128
6	73	-0.004599211994228058
5	40	-0.004600824025178109
19	71	-0.004602385465505808
17	68	-0.004612327727087161
15	39	-0.004617747006745764
45	50	-0.004620429316150314
62	77	-0.0046269423131103235
3	79	-0.004631517194663672
12	82	-0.0046338949732141425
21	73	-0.004635326499365848
10	27	-0.0046387296355067725
18	36	-0.00464161969393467
6	64	-0.004645632005268498
46	55	-0.004651357462545639
4	25	-0.0046614689481729085
40	79	-0.004663133453126404
7	53	-0.004680757781841046
4	50	-0.004686618798051473
20	51	-0.004697148534796709
43	53	-0.0047034208845302405
42	64	-0.004704607841134282
8	57	-0.004721851652411169
8	66	-0.0047218516524112
5	23	-0.0047223887813449515
7	16	-0.004723727757047479
13	67	-0.004727978655757853
14	17	-0.004737661859696889
20	54	-0.004765322040336624
18	69	-0.004771965193629372
22	26	-0.0047753906625464335
17	56	-0.004777158120163437
4	64	-0.004779251330963693
22	73	-0.004779606960045401
12	15	-0.004780173407731256
67	71	-0.004791398792072405
4	30	-0.004810450720141381
47	57	-0.004821557194702142
47	66	-0.004821557194702274
28	59	-0.0048224858487762885
44	80	-0.0048256009243529425
19	37	-0.004832056416569783
2	75	-0.004835618221949648
39	71	-0.004837323074610635
14	54	-0.004843432335051816
41	67	-0.0048467298106735345
25	56	-0.004849515071870639
18	40	-0.004856948874447985
20	64	-0.004869361129815026
19	51	-0.00487117861857506
18	73	-0.004873722854062102
27	53	-0.004881690710911384
24	77	-0.004882944852594419
19	73	-0.004894338221344845
17	69	-0.0049019812779069
1	80	-0.004902819160127457
20	70	-0.004910004298428038
14	75	-0.004910785228914323
6	22	-0.0049116780887094365
36	62	-0.004914830436142772
5	71	-0.0049165879165477735
8	54	-0.004920076300855813
19	70	-0.004921490266827734
15	22	-0.004924047165801245
26	53	-0.004928832964867357
7	18	-0.00493403680609422
5	21	-0.004939173697201371
4	73	-0.004949232135254768
10	26	-0.00495502301815028
9	80	-0.004959848012651971
2	28	-0.004962586568991316
37	78	-0.004963238923536748
66	81	-0.004964052214605737
57	81	-0.00496405221460578
27	75	-0.0049708846995472605
25	79	-0.004978463816067782
5	59	-0.004980465557053752
26	67	-0.004981056917465056
8	59	-0.004994909459842423
28	42	-0.004994915985835577
36	46	-0.005002633145131318
3	73	-0.005014139366088767
13	56	-0.005023038574049651
46	64	-0.005028136456112682
40	47	-0.005033829063053356
18	38	-0.0050393761018996674
20	78	-0.0050594960233827
21	30	-0.0050643183810358755
4	61	-0.005068237436915379
4	55	-0.005072734740259693
62	78	-0.005077930670583654
16	38	-0.0050815845902368465
12	28	-0.0050847423070760935
6	47	-0.005087971942399299
2	59	-0.005096973813675028
19	30	-0.005099956197305822
57	71	-0.005110660820593304
66	71	-0.0051106608205933705
3	39	-0.005113101353286425
4	28	-0.005116072794658861
22	59	-0.00512469985313799
41	56	-0.0051461074948803715
45	79	-0.005152421671771289
22	79	-0.005156646467862083
19	39	-0.005160119949744335
37	41	-0.005160692593397492
10	25	-0.005171612019289587
13	79	-0.005174084999187768
9	79	-0.005190209181491704
5	53	-0.0051920129168259825
27	54	-0.005199095924843394
61	67	-0.005217397818205728
37	42	-0.005220549249272595
22	27	-0.005222762163816989
21	81	-0.005229515622705069
25	46	-0.005273227275627427
3	41	-0.005276873306802912
2	71	-0.005281633949663557
22	83	-0.005281663376789733
22	61	-0.005283907748601984
2	14	-0.005291109476407807
4	51	-0.005295269599523124
23	29	-0.005296872350319261
24	40	-0.00530929575347422
18	53	-0.005316470329790635
17	81	-0.00532286941083593
19	64	-0.00532801258387134
19	44	-0.005333540172740405
2	27	-0.00533378217072342
45	59	-0.005341569776039777
28	55	-0.0053607743380672136
23	42	-0.005361658713527569
42	83	-0.0053657485829780895
15	54	-0.005368011726268847
8	83	-0.005371008782795168
14	81	-0.005372493216452418
23	36	-0.005377192302758035
21	39	-0.005377948859220109
18	83	-0.0053787292993999
55	77	-0.005382449178553876
6	36	-0.005386818450025296
36	42	-0.005391457383677162
8	21	-0.00539424695654219
12	27	-0.00539938500248712
2	41	-0.005401071162414031
25	64	-0.005403362452394156
3	20	-0.0054126048356403465
14	26	-0.005414708257781852
77	82	-0.005426997205574548
23	73	-0.005436239451626911
16	23	-0.0054397017339113465
8	64	-0.005446092752598254
20	73	-0.005467362457804059
12	57	-0.005478461154120715
12	66	-0.0054784611541209005
14	77	-0.0054847011150849535
26	80	-0.0054883822686111906
5	28	-0.005497309529276976
7	77	-0.005505340789934911
42	80	-0.005507409387027874
3	29	-0.005510401088798963
24	42	-0.005524233506967383
5	54	-0.0055244801027170085
43	55	-0.005524559565778537
17	23	-0.005535305639470331
24	28	-0.005536980782355004
16	75	-0.0055378486916532865
27	42	-0.005553771672724191
3	61	-0.005562768774657953
67	80	-0.005576861940389624
2	47	-0.005581311317257982
7	62	-0.0055866712056678435
2	57	-0.005592604222324722
2	66	-0.005592604222324743
5	80	-0.0056069729833194415
56	80	-0.005611697962879005
4	43	-0.005619586085097541
64	77	-0.0056249506951081
15	56	-0.005636057577702462
37	61	-0.005636540089661524
6	45	-0.005638437747937038
24	67	-0.005638979042691066
24	79	-0.005643130075128765
7	57	-0.005656359824720414
7	66	-0.005656359824720435
16	66	-0.0056583145125967925
16	57	-0.005658314512596905
1	77	-0.0056603372688067135
2	24	-0.005668456785176775
16	55	-0.0056848595283482805
3	50	-0.005685687345144076
7	55	-0.005691975253591264
38	57	-0.005695205953116683
38	66	-0.005695205953116856
8	45	-0.0057000039424164855
5	27	-0.005709438837029426
12	67	-0.005728769471416721
3	14	-0.005731661012737603
67	75	-0.0057444544007726975
19	54	-0.005749172816344585
16	42	-0.005759796221472863
67	77	-0.005760413106378731
16	39	-0.00576199513895482
8	61	-0.00576850973403254
19	50	-0.005772015766732835
7	29	-0.005780277510969093
56	77	-0.00580567487549454
22	43	-0.005812530857187403
22	40	-0.0058161337647825665
28	37	-0.005817429814754941
6	29	-0.005824278160009222
21	68	-0.00582621660827301
4	62	-0.005827157046818581
27	79	-0.005833830286760371
22	71	-0.0058346540826730246
5	19	-0.005834816102869381
19	38	-0.005839581642320572
24	63	-0.005856705132307412
3	77	-0.005865504766270461
23	26	-0.005889052713232999
19	29	-0.005895305526833242
19	55	-0.00589676366649005
10	22	-0.005898890551925173
16	22	-0.005899403685399832
24	27	-0.005906218104967735
57	75	-0.005914645396575964
66	75	-0.005914645396576194
63	78	-0.005917110065851348
3	62	-0.005917638880305356
5	81	-0.005928624000549221
4	20	-0.005960018330261562
4	41	-0.005965739355054667
23	27	-0.005967728981739121
4	57	-0.005989215437988597
4	66	-0.005989215437988795
22	55	-0.00599318507588969
3	38	-0.005994617241930889
15	18	-0.005997210009969212
18	42	-0.006009338373130418
8	28	-0.006018162573640389
6	61	-0.006019891252983732
1	64	-0.006021592888185896
78	79	-0.0060293867743197345
14	20	-0.0060346320173973325
46	79	-0.006041317375129894
17	29	-0.0060537903531616664
42	56	-0.0060592850071417275
23	68	-0.006066829565740374
10	23	-0.006069095851731736
1	24	-0.00607747133433029
17	77	-0.006083680907706602
22	75	-0.006085540637821972
46	54	-0.006119832858775815
44	66	-0.0061595761133493585
44	57	-0.0061595761133495
16	67	-0.006178731599628314
42	67	-0.006193877679875254
21	64	-0.006216348417712518
19	80	-0.006224600428808175
56	61	-0.006242584433978087
23	39	-0.006246470780676425
20	75	-0.006258532904362126
45	82	-0.006279605599308314
15	26	-0.006281574948899349
23	82	-0.006286395913970583
21	45	-0.006290569798376663
43	66	-0.006320584743569425
43	57	-0.006320584743569685
57	82	-0.006324366041887993
66	82	-0.006324366041888264
42	81	-0.006346543096062997
8	36	-0.00639073040117523
2	5	-0.006409395671979042
6	66	-0.006416755353047538
6	57	-0.006416755353047581
9	24	-0.006435891066458148
61	81	-0.006437796663613387
24	45	-0.006441841438678115
46	57	-0.006472242819541564
46	66	-0.006472242819541698
14	18	-0.006479345064193244
7	28	-0.006488905056020651
5	63	-0.006506636929870528
23	28	-0.006509033962730734
27	78	-0.006532344230648309
21	80	-0.006539532117058623
14	82	-0.00654069029004436
67	81	-0.006562780060602924
23	71	-0.00656579168102331
19	53	-0.0065685937072218386
19	40	-0.006578091623649
22	77	-0.006590905404955914
7	61	-0.006597582113318634
28	78	-0.006599768567001776
14	80	-0.006627254443087014
27	36	-0.006637867109487935
3	27	-0.006657280810225954
17	37	-0.006660868003034178
8	81	-0.006668464120662072
24	64	-0.00671753745327865
80	82	-0.006717615694482615
37	64	-0.006731437991952228
42	45	-0.006732214494114828
24	55	-0.00674608032414832
4	45	-0.006773894676089992
25	42	-0.006773932831392151
3	23	-0.006779149337718432
5	47	-0.006792273409232273
67	79	-0.006814397244351981
1	25	-0.006823414944460123
8	26	-0.006830151516425333
23	67	-0.006831647134497996
24	38	-0.00683211386399724
22	64	-0.0068435664757831765
8	27	-0.006845932851030992
26	46	-0.006854443002566278
25	27	-0.006864991108129646
59	75	-0.006876203093549061
3	17	-0.006878783122366186
4	38	-0.006897221341792193
8	23	-0.006933338236709943
3	25	-0.006934653574069154
10	21	-0.006937569258272764
22	28	-0.006938985548987113
24	80	-0.006946749273702219
38	67	-0.006964115812970064
23	40	-0.006990181918844035
14	78	-0.0069916438072598255
5	18	-0.006994287539150674
36	80	-0.0069987032219736844
20	40	-0.007000942422684723
47	78	-0.007014591023682274
27	46	-0.007017741042024898
22	67	-0.0070234460716466374
8	56	-0.007045670587348002
21	57	-0.007050686403771362
21	66	-0.007050686403771418
27	39	-0.007056470595633604
43	44	-0.007070479837214887
17	78	-0.007077531090195998
17	64	-0.007086279436615113
47	79	-0.007092439631655716
22	56	-0.007119251189563086
75	79	-0.0071196488676130085
21	55	-0.007132772420921384
17	45	-0.007133787246967633
55	78	-0.007141816802388916
21	82	-0.0071474023401518275
8	80	-0.007154304281595506
18	78	-0.007170025139919042
22	57	-0.007190419019030169
22	66	-0.00719041901903024
19	63	-0.007201570905677388
23	77	-0.007207465246301864
19	75	-0.007240766534482633
4	15	-0.007254716625793549
16	21	-0.007257782192353018
37	81	-0.007261051390516941
8	67	-0.007276439216766958
1	67	-0.007283656352876619
4	12	-0.007290416507889282
23	54	-0.007299583531408268
14	36	-0.007307549878222249
43	45	-0.007315845467471303
20	53	-0.00731716747817269
56	75	-0.00732053985122654
6	38	-0.007322398906645131
4	36	-0.007331549709332369
15	81	-0.007367541439668545
19	79	-0.007368049746755194
5	20	-0.007392620819415052
11	24	-0.0073939244006088495
7	36	-0.007395666416808372
20	38	-0.007420647707898888
57	77	-0.007423152093311049
66	77	-0.00742315209331105
3	36	-0.007484731922917893
2	64	-0.007492241928427421
21	38	-0.007495637081609158
19	57	-0.0074971304253040995
19	66	-0.007497130425304206
5	17	-0.007512863149210395
19	83	-0.007518839034710288
17	75	-0.007521420436717366
71	78	-0.00752588506662563
20	61	-0.007551098769851629
57	78	-0.007600133427275678
66	78	-0.0076001334272758165
25	78	-0.007604154261063796
7	59	-0.007610062306436081
18	82	-0.00764978490822241
59	77	-0.00767400354959017
28	79	-0.007679321041999511
4	54	-0.0076842893876883514
16	37	-0.0077049573995576414
44	79	-0.007747312287918071
21	36	-0.007792231393310077
18	28	-0.0077995654840844015
12	56	-0.007801079640909041
57	67	-0.007809238840061352
66	67	-0.007809238840061519
4	59	-0.007817753939803853
4	56	-0.007847813907530988
4	80	-0.007849581072539047
21	71	-0.007877958096976759
21	40	-0.007889426308571937
2	77	-0.007897647680871742
7	23	-0.007901859772520487
23	80	-0.007905633717348287
21	54	-0.007905936631048851
7	22	-0.007912424785119497
24	56	-0.007926409065380856
2	22	-0.007940922877455407
21	77	-0.00797205789420723
38	56	-0.007997561266551859
2	17	-0.008021429940159815
21	75	-0.008055637689117115
22	78	-0.008081450103690841
46	78	-0.008083169496691672
27	83	-0.008090450336005493
38	80	-0.00809255347308165
21	79	-0.008130801323167139
20	80	-0.008149246624226189
23	56	-0.008162539442153243
66	80	-0.008168014054993568
57	80	-0.008168014054993582
6	17	-0.008176547725604926
20	39	-0.008188624899386637
25	54	-0.008217554726074298
25	53	-0.008218787901983535
5	25	-0.008221454285832482
6	54	-0.008294573741906773
36	81	-0.008296076421497732
24	44	-0.008297484228942352
21	37	-0.008302955628839197
19	28	-0.008308906093408956
6	83	-0.008356165826016247
43	56	-0.008368623225801515
56	82	-0.008369445892265763
23	57	-0.008371361696597641
23	66	-0.008371361696597687
1	57	-0.008419525652318356
1	66	-0.008419525652318384
24	66	-0.00843889309995674
24	57	-0.008438893099956745
4	75	-0.008460565828930542
19	77	-0.008467556566079393
44	67	-0.008518481816957949
59	79	-0.00853749980957256
6	24	-0.008562721941826876
80	81	-0.008565195208566755
1	56	-0.008566527719408194
6	43	-0.008572949527891501
18	77	-0.008577305377625223
15	67	-0.008583648058747858
14	19	-0.008668627695826908
5	79	-0.008679618084645591
13	24	-0.008682967188093502
37	67	-0.008726759556678572
15	36	-0.008728359952972756
15	78	-0.008763924242210435
16	81	-0.00877913100435962
44	56	-0.008793131607436194
61	79	-0.008800670321674368
19	67	-0.008834800230654513
28	56	-0.00892301061985801
1	22	-0.008942187316039117
4	27	-0.008943593439440603
12	79	-0.00896308688026895
16	36	-0.009019404508465036
3	78	-0.009035245446075316
20	57	-0.009055618939582483
20	66	-0.00905561893958249
2	80	-0.00905627352557439
16	28	-0.009093695480553835
67	83	-0.009103051876247732
20	47	-0.00910676349120686
5	77	-0.009119438485674123
19	47	-0.009142963695187802
16	56	-0.009187109350519461
20	45	-0.009195965090796397
37	56	-0.009206207347419986
15	27	-0.009215256790881253
6	23	-0.00926336407009595
59	78	-0.009289761676891405
27	67	-0.009353812190346446
4	23	-0.009391226812098972
2	36	-0.009394904411087446
15	80	-0.009404127677358938
6	21	-0.009452079106525058
8	24	-0.00946593502870372
18	79	-0.009498237980122675
6	19	-0.009516409036229424
3	22	-0.009532973441112168
19	56	-0.009556310960919263
56	66	-0.00956210712262867
56	57	-0.009562107122628836
4	17	-0.009628649572185137
24	78	-0.009658119577810285
23	78	-0.009678179158530734
17	79	-0.00968124983533271
5	16	-0.00968283784211897
3	81	-0.009720329916915927
67	78	-0.009721446955441113
5	22	-0.009723213266863777
7	26	-0.00979031781680563
14	24	-0.00980659136430526
5	66	-0.009834457610670247
5	57	-0.009834457610670392
45	57	-0.009835445540932174
45	66	-0.009835445540932247
16	43	-0.009911823531081703
16	20	-0.010000439113875617
21	67	-0.010028706353760762
8	25	-0.010084890109316598
6	59	-0.010134658807579577
19	43	-0.010289772003131635
16	78	-0.010303822031205953
3	67	-0.010335193048250741
18	57	-0.010349691634286548
18	66	-0.010349691634286569
4	21	-0.010373015931476534
3	82	-0.010373424440028785
21	56	-0.010442886754313676
43	67	-0.010444171922912375
2	78	-0.010492931292572602
5	67	-0.01054240963717052
15	79	-0.01056185685151187
6	80	-0.010593804822498575
21	27	-0.010608614744075118
4	22	-0.010612039380840325
56	78	-0.010702083688368273
10	24	-0.01073187374396433
56	83	-0.010789406788493723
3	56	-0.010800022982930478
27	81	-0.010885285593664725
20	67	-0.010921314974993619
6	26	-0.010971292379943329
20	79	-0.01104925457536604
5	56	-0.011054099105997603
2	56	-0.011061991378987801
20	43	-0.01146328109917831
6	56	-0.011463565665615223
4	81	-0.011511017287066765
18	56	-0.011514793434606912
24	46	-0.011523515282874845
7	67	-0.011533321166868424
27	56	-0.01159588576764474
20	56	-0.01194232827624262
26	37	-0.012056830575822916
4	67	-0.012069317559776251
19	78	-0.012089579693771937
16	79	-0.012200104283912992
18	67	-0.01229606120459992
2	67	-0.012633920705447926
7	56	-0.0129087552911261
4	24	-0.012931006706319182
6	67	-0.013213833315455333
25	37	-0.013811325828440543
5	24	-0.013915952311829311
15	24	-0.014066255130314257
16	24	-0.01413589315031714
37	47	-0.014203051679102172
23	37	-0.01437206688992989
24	37	-0.024761416370933483
