#====================================================================================================
# This result is computed using mean-field DCA
# The first and second columns are site pairs. The third column represents interaction score
#====================================================================================================
12	47	0.07107656201932777
31	51	0.06851669506169705
11	48	0.05673723447305148
10	49	0.051259716210317226
11	12	0.04589114610395913
12	48	0.04265526273707618
8	30	0.034999171322502375
5	7	0.0337625347000931
39	53	0.0325675913887501
43	45	0.03125534384827554
19	20	0.03068273366437051
15	58	0.030362811125594816
8	10	0.030091470144396417
3	4	0.029435275719227307
9	51	0.02923103033822099
6	56	0.029090307214723443
1	40	0.02861390063518802
25	39	0.02779930956386715
9	24	0.027523499607182377
46	47	0.02690016333544422
47	52	0.02673448264454675
3	5	0.026541110571537022
4	5	0.026541110571536988
9	52	0.026432753965967913
3	28	0.025921249321757753
4	28	0.025921249321757617
10	12	0.02549818197578907
21	39	0.02534463005178779
28	35	0.024967133071731446
8	11	0.02475190851330001
8	12	0.024275277607904357
11	42	0.023928147303937934
9	30	0.02380284699815938
15	16	0.023408317731947268
5	28	0.02326659469631411
9	50	0.02316893859885391
32	58	0.022789878067595682
18	19	0.02268810097569262
14	23	0.02240291151389618
19	56	0.022246857655874818
6	19	0.022246857655874724
23	48	0.02208566531593146
24	49	0.02177159279963545
38	39	0.021646275312474962
45	49	0.021613323098547077
13	23	0.021468549764434568
15	27	0.021463027349913462
1	27	0.020561264457321208
8	9	0.020471834971566107
24	50	0.020456311300967273
21	25	0.02023736906170754
16	58	0.020218744704932446
25	53	0.020186908741599823
31	58	0.01938579424521146
38	53	0.01934211261223859
21	53	0.019194366094591117
32	51	0.018640702109848264
15	33	0.01862668530976363
45	46	0.018361180238771327
31	42	0.018336635063435393
16	50	0.017786803328026537
30	47	0.017730785582797736
21	30	0.017643439584419406
18	43	0.017460787165478102
2	33	0.01730661606682402
10	42	0.017269713101810087
8	51	0.017068358605156386
36	46	0.017051744592329342
25	38	0.01689231704981673
7	8	0.016543141426110256
23	31	0.016509306354605447
10	47	0.01642474523435053
16	30	0.016421522828734155
20	27	0.01604715584919836
21	38	0.015909095125572804
47	49	0.015894204839054772
33	58	0.015698729500458457
43	49	0.015624723504934612
1	15	0.01524756515902379
48	50	0.015120243216211459
49	52	0.014850343887010628
23	49	0.014698644162195415
15	30	0.014685790851376041
14	34	0.01449162467357183
9	23	0.0142722111505458
2	14	0.013485905025704329
32	33	0.013363640793225946
42	51	0.013345741960714749
16	33	0.013282595591703396
24	53	0.012567883224610577
30	58	0.012514491669378071
23	52	0.012368804570382665
11	51	0.01229500948477916
10	14	0.012291131878473716
3	20	0.012279746956102386
4	20	0.012279746956102316
9	11	0.012234581628567652
23	42	0.012120888622565688
19	43	0.012058513651026347
24	39	0.011600617091148485
31	47	0.011556152217479305
12	30	0.011454340975774809
31	33	0.011153373048519434
34	49	0.011044190937652479
18	20	0.010755681582091628
5	8	0.010524448082761897
24	51	0.010472833294776147
20	56	0.010328965854597843
6	20	0.010328965854597761
32	34	0.010153750577998503
17	24	0.010150948187000793
15	20	0.010026849041650358
10	24	0.009926458035569834
51	52	0.00979563098412592
8	14	0.009714563402029789
10	58	0.009708408174073604
1	20	0.009598091046082339
30	51	0.009310613227580603
23	45	0.00929438485198759
48	52	0.009285892419163024
10	25	0.00924844639675269
14	45	0.009181758021890161
13	33	0.009116043399099655
49	51	0.009025218740487333
13	32	0.009005270962326043
5	20	0.008793564570157172
20	28	0.008718322276879917
1	45	0.008716841005223734
42	58	0.008634495523670058
17	50	0.008507207094755234
30	46	0.008448656276340429
44	46	0.00828519934274625
24	26	0.008259171257439423
40	42	0.008204364614674848
14	49	0.008150108932071317
10	20	0.008149480689788918
42	49	0.007906539095837039
32	42	0.007882048259038207
40	48	0.007819889904945698
36	49	0.007618495583835778
42	53	0.007472698826455892
8	36	0.007411799736226847
14	43	0.0073005011472119605
44	48	0.007189020659654091
10	45	0.007128715134053961
24	35	0.007125134883548906
32	47	0.006935852802204524
12	45	0.006824021541410784
1	43	0.006743841201306
50	51	0.006718026294820613
16	21	0.006594591217432751
21	50	0.00645159381432005
21	24	0.006429272693537036
43	52	0.006342918881916972
26	32	0.006333892945244053
25	46	0.00618928269489233
12	44	0.006127423880218243
12	32	0.005892640350534306
13	46	0.005869168936183949
45	50	0.0058654151664516195
13	42	0.005857583605231341
14	33	0.005805376937294118
30	33	0.005760501467081018
42	47	0.005691870233043768
40	50	0.0055578022117826155
16	48	0.005541767481567603
8	42	0.0052409194747453005
34	47	0.005220655003611313
44	52	0.005216053331154715
10	16	0.0051012436743461415
9	10	0.005100433389456909
1	31	0.0049247155773387615
25	31	0.004683563846248766
13	45	0.004503221947082894
9	48	0.004498520176275523
44	45	0.004221539725330133
45	48	0.004014895871426727
23	24	0.003982163668924753
11	23	0.0038515133176294635
28	32	0.0037840208464376413
9	12	0.0037656616309537094
12	43	0.0036003663271715856
24	38	0.0035538512789616565
2	31	0.0034858551328938335
20	43	0.002982373441722655
10	32	0.002931094440306271
15	32	0.0029134278282617687
47	58	0.0028908862838520517
31	32	0.002881161975318451
12	51	0.0028575000110826684
1	24	0.002819538090419316
23	35	0.0027767039513290548
20	47	0.0027372897342647154
30	48	0.0027264164720666346
28	49	0.0027255051605279577
43	51	0.0025755092952794937
15	31	0.0025367165056417312
23	50	0.002524534301600009
48	49	0.002518533140154558
32	35	0.0025136271855223866
50	53	0.002444307359102769
11	52	0.0024431798124818606
10	51	0.0024400014731293454
31	52	0.0024062914265864255
21	31	0.0023514357022670273
51	58	0.002335359443461355
8	31	0.0021686040210592214
46	52	0.002163452970893291
22	57	0.0021463182308524738
22	55	0.0021463182308524144
22	37	0.0021463182308523077
22	41	0.0021463182308523016
22	54	0.0021463182308522934
54	55	0.0021463182308521745
41	54	0.002146318230852144
41	55	0.0021463182308521385
54	57	0.0021463182308521143
55	57	0.0021463182308521086
37	57	0.002146318230852093
37	55	0.002146318230852082
37	54	0.002146318230852053
37	41	0.0021463182308520475
41	57	0.0021463182308519586
29	54	0.0021463182308519057
29	55	0.0021463182308519
29	37	0.00214631823085188
29	41	0.0021463182308518775
29	57	0.0021463182308518237
22	29	0.0021463182308518176
35	49	0.002145038155342399
26	29	0.002106997221369385
26	41	0.002106997221369313
26	55	0.002106997221369259
26	57	0.0021069972213692023
22	26	0.0021069972213692005
26	37	0.0021069972213691966
26	54	0.0021069972213691853
26	36	0.0020183051849396094
17	54	0.0019975761400045705
17	41	0.001997576140004483
17	37	0.001997576140004458
17	57	0.00199757614000439
17	55	0.001997576140004364
17	22	0.001997576140004351
17	29	0.001997576140004313
17	36	0.0019427232658934962
22	36	0.0019036929032823972
36	55	0.0019036929032822981
29	36	0.0019036929032822047
36	41	0.0019036929032821871
36	37	0.0019036929032821745
36	54	0.0019036929032821741
36	57	0.0019036929032821169
12	34	0.0018784308047348772
34	55	0.0017602815540825815
34	54	0.0017602815540824627
34	37	0.001760281554082378
29	34	0.001760281554082318
34	57	0.0017602815540823135
22	34	0.0017602815540822664
34	41	0.0017602815540821402
7	29	0.0017533729440321
7	57	0.0017533729440320715
7	41	0.0017533729440320288
7	22	0.0017533729440320277
7	37	0.0017533729440320227
7	54	0.001753372944031954
7	55	0.0017533729440319462
2	22	0.0017301485877113563
2	29	0.001730148587711291
2	54	0.0017301485877112505
2	57	0.0017301485877112483
2	55	0.0017301485877112364
2	37	0.0017301485877112314
2	41	0.0017301485877111206
18	37	0.0017222781765366246
18	55	0.0017222781765364864
18	54	0.0017222781765362368
18	22	0.0017222781765362158
18	57	0.0017222781765361794
18	29	0.001722278176536171
18	41	0.0017222781765361156
26	47	0.001649049174810179
2	36	0.0016188027487317163
29	35	0.0016035143468200444
35	37	0.0016035143468196944
35	41	0.001603514346819603
35	57	0.0016035143468195786
35	54	0.0016035143468195604
22	35	0.0016035143468195285
35	55	0.0016035143468194457
7	26	0.0015942667530958418
29	56	0.0015803043939811648
55	56	0.0015803043939811414
54	56	0.0015803043939811127
41	56	0.0015803043939809555
37	56	0.001580304393980955
6	29	0.001580304393980884
6	57	0.001580304393980875
22	56	0.0015803043939808248
6	54	0.0015803043939807918
6	55	0.0015803043939807845
6	22	0.0015803043939807155
6	41	0.0015803043939806554
6	37	0.001580304393980603
56	57	0.0015803043939804995
42	43	0.0015787590200372565
10	31	0.0015545841496730495
27	54	0.001525824193195054
27	57	0.0015258241931950514
27	55	0.0015258241931949874
27	37	0.0015258241931948892
27	41	0.0015258241931947734
27	29	0.0015258241931946819
22	27	0.0015258241931946086
13	22	0.0014835026427382366
13	57	0.0014835026427381351
13	55	0.0014835026427380525
13	29	0.001483502642738037
13	41	0.0014835026427380083
13	37	0.0014835026427380015
13	54	0.0014835026427378914
18	26	0.0014793703862665817
44	57	0.0014606795911197947
44	54	0.0014606795911197817
44	55	0.0014606795911196939
22	44	0.0014606795911195425
41	44	0.0014606795911193964
29	44	0.001460679591119369
37	44	0.001460679591119355
17	18	0.0014558099441402221
14	32	0.0014388246800700064
2	26	0.0014150331882419598
26	56	0.001351857278052191
6	26	0.0013518572780521182
26	27	0.0013269869819011043
16	32	0.0013000215349159546
6	17	0.001297956664509775
17	56	0.0012979566645096028
23	43	0.0012967080992740167
32	50	0.0012948341740418043
40	55	0.0012640237437432534
40	41	0.0012640237437432505
40	57	0.0012640237437432313
37	40	0.0012640237437432232
40	54	0.0012640237437432189
29	40	0.0012640237437431237
22	40	0.0012640237437430827
2	17	0.0012544578547203252
17	35	0.0012178482949595745
7	18	0.001179302126206472
23	44	0.001159456419651675
17	26	0.0011368227171099344
2	18	0.0011194546628511693
16	24	0.0011175698167050817
23	28	0.0011154081396747909
18	35	0.0010881499821825834
17	27	0.0010822759580286832
7	35	0.001068378163580505
25	52	0.0010489727140377226
35	36	0.0010459734284517504
4	57	0.0010394919616303945
4	54	0.0010394919616303548
4	55	0.0010394919616303461
3	41	0.0010394919616301844
3	54	0.0010394919616301737
3	55	0.0010394919616301648
3	22	0.0010394919616301577
3	29	0.0010394919616301217
4	41	0.0010394919616300749
4	29	0.0010394919616300675
3	37	0.001039491961630051
4	37	0.0010394919616300423
4	22	0.001039491961630034
3	57	0.0010394919616299786
18	34	0.0010254635550171697
14	46	0.0010206107447947154
6	7	0.0010083230596366834
7	56	0.0010083230596366678
19	22	0.0010022054033254155
19	29	0.0010022054033253804
19	41	0.001002205403325264
19	37	0.0010022054033252436
19	55	0.0010022054033252332
19	54	0.001002205403325228
19	57	0.001002205403325112
26	34	0.0009865789126415052
18	36	0.0009822362293220378
13	36	0.0009766986569655154
2	56	0.0009660121495156592
2	6	0.0009660121495151707
7	17	0.0009635770094226555
17	44	0.000947050784432849
27	36	0.0009342738003371837
25	42	0.000923869341527923
2	44	0.00091602463819997
2	7	0.0009154684258763266
11	50	0.0009142083211018037
26	40	0.0009109659552151233
2	35	0.0008642893157203976
18	40	0.0008509643953274778
34	36	0.0008467904462041286
27	35	0.0008439434166804104
18	44	0.0008398334445977277
34	56	0.0008289995829210417
6	34	0.0008289995829208218
3	26	0.0008027221432173478
4	26	0.0008027221432173157
34	35	0.0007834930588010414
23	51	0.0007802063849729791
6	35	0.0007763159741363517
35	56	0.000776315974136121
4	17	0.0007373901055853426
3	17	0.000737390105585237
2	27	0.0007362428453524994
14	30	0.0007340650819354262
13	17	0.0007232478946486325
6	36	0.0007170234989809328
36	56	0.0007170234989807955
7	36	0.0007058441789538096
7	27	0.0006916311872498587
5	54	0.0006900919302629638
5	57	0.0006900919302629607
5	41	0.0006900919302629583
5	55	0.0006900919302629564
5	22	0.000690091930262931
5	37	0.0006900919302628705
5	29	0.0006900919302628694
36	40	0.0006895160709647883
7	44	0.0006867927611757235
36	44	0.0006732757695253656
26	44	0.0006476534376642015
36	38	0.000642145616754615
13	18	0.0006366249048711341
24	52	0.0006134515169662468
27	44	0.0006071442604610846
45	52	0.0005849000239473998
17	19	0.0005809242254140069
40	47	0.0005792230366966069
2	40	0.0005675225193239471
19	26	0.000564630202588013
41	46	0.0005436279105832077
37	46	0.0005436279105831934
46	55	0.000543627910583024
46	54	0.0005436279105828774
22	46	0.0005436279105828685
29	46	0.0005436279105828265
46	57	0.0005436279105827575
6	44	0.0005423220963783873
44	56	0.0005423220963782424
27	34	0.0005419363233362124
38	41	0.0005281672964029746
38	54	0.0005281672964029445
38	55	0.000528167296402939
29	38	0.00052816729640284
38	57	0.0005281672964027844
37	38	0.0005281672964027148
22	38	0.000528167296402431
17	34	0.0005129858183035704
22	28	0.00048052699664693946
28	41	0.0004805269966468419
28	29	0.00048052699664681044
28	57	0.0004805269966467057
28	37	0.00048052699664669725
28	55	0.0004805269966465732
28	54	0.00048052699664653527
18	27	0.000460048254534167
6	40	0.0004316926696875665
40	56	0.0004316926696872629
24	25	0.0004113849805226378
2	34	0.0004033009776173175
10	11	0.00039931469702058145
7	30	0.00037751864320720134
2	4	0.0003692124710025725
2	3	0.00036921247100238515
6	13	0.00036683200448419436
13	56	0.00036683200448412324
24	30	0.00035666440364221993
5	26	0.00034876737564070023
46	49	0.00034354320178315353
21	41	0.00031562919600818125
21	54	0.00031562919600817063
21	57	0.00031562919600816824
21	55	0.00031562919600815914
21	22	0.00031562919600807153
21	37	0.00031562919600804833
21	29	0.0003156291960080481
34	44	0.0003102457765315062
3	34	0.00030620657222433937
4	34	0.00030620657222422054
6	27	0.00029963777560985754
27	56	0.00029963777560968927
35	44	0.0002892820216973365
1	54	0.00027325925295972075
1	55	0.0002732592529596791
1	22	0.0002732592529596529
1	57	0.00027325925295962686
1	29	0.00027325925295957417
1	41	0.0002732592529595733
1	37	0.0002732592529594703
13	26	0.0002590354635103767
26	35	0.00022864418795095652
7	19	0.00022358137872112915
8	46	0.0002114097243753367
35	40	0.00021055377437935712
26	38	0.0002082620957997404
17	30	0.000203929214219049
30	39	0.00019889622506897957
2	28	0.00018188236630027697
7	40	0.00018153725996671402
16	57	0.0001785557265228505
16	54	0.00017855572652276898
16	55	0.00017855572652275206
16	37	0.00017855572652271563
16	22	0.0001785557265226484
16	29	0.00017855572652258423
16	41	0.00017855572652252958
17	47	0.00017567271030656095
2	19	0.00017085368730213307
37	39	0.0001410446423667569
29	39	0.0001410446423666847
39	41	0.00014104464236663135
39	54	0.00014104464236661248
39	57	0.00014104464236660945
39	55	0.00014104464236660208
22	39	0.00014104464236635098
17	28	0.00013340503836542245
3	36	0.00012576082705220378
4	36	0.00012576082705216952
13	27	0.00011887850611804395
25	54	0.00011343369252853432
25	57	0.00011343369252850093
25	55	0.0001134336925284864
22	25	0.0001134336925284773
25	41	0.0001134336925283615
25	37	0.00011343369252835348
25	29	0.00011343369252827303
2	13	0.00011027369609894859
34	40	8.340476875485082e-05
10	44	7.680241028359871e-05
2	38	6.663840122238815e-05
29	33	6.047033322668688e-05
22	33	6.0470333226446404e-05
33	37	6.047033322631348e-05
33	57	6.04703332262738e-05
33	41	6.047033322624583e-05
33	54	6.047033322620593e-05
33	55	6.047033322619465e-05
19	35	5.59326995827579e-05
41	53	4.810574305942703e-05
37	53	4.8105743059327286e-05
53	54	4.810574305931189e-05
53	55	4.810574305929519e-05
53	57	4.810574305927741e-05
22	53	4.810574305925074e-05
29	53	4.810574305910242e-05
17	40	3.2761083342341566e-05
18	38	2.2600717941519827e-05
36	39	1.6275539458214267e-05
36	53	1.0600802629426396e-05
1	52	3.7179816829956136e-06
32	46	-4.609388636629859e-06
38	43	-5.541022462072533e-06
27	40	-1.95017144953753e-05
6	38	-1.9555157095162493e-05
38	56	-1.955515709525595e-05
3	44	-4.8515920066200154e-05
4	44	-4.851592006652758e-05
47	51	-7.095483430858557e-05
19	34	-9.158296550283718e-05
40	44	-9.494770627888494e-05
2	21	-0.00010278757534298161
13	40	-0.00011110666902122788
13	49	-0.00011503287781771624
4	7	-0.00011673741767522124
3	7	-0.00011673741767536565
4	40	-0.00012042363125900138
3	40	-0.00012042363125930799
51	53	-0.00013714064868908596
15	57	-0.0001503306243152815
15	41	-0.00015033062431528974
15	37	-0.00015033062431530578
15	54	-0.00015033062431552913
15	55	-0.00015033062431554084
15	29	-0.00015033062431554257
15	22	-0.00015033062431558464
18	56	-0.00015775682755978806
6	18	-0.00015775682755993746
10	35	-0.00017068572975958724
5	17	-0.00017127341563584648
7	13	-0.0001763664445860731
27	38	-0.0001825287208029392
4	13	-0.0001923719563143621
3	13	-0.00019237195631445492
4	35	-0.00020170972512756607
3	35	-0.0002017097251276168
19	40	-0.0002030691282268759
26	43	-0.00021265546372447762
13	35	-0.00022239354483867546
26	39	-0.00022436692050956802
7	34	-0.00024138058350175605
38	40	-0.00026786695628435884
4	27	-0.0002718045054974478
3	27	-0.00027180450549755706
19	44	-0.00028122944893083047
17	43	-0.00028222476916699114
32	49	-0.0002923251755627687
13	44	-0.00029898255166657954
17	33	-0.0003002431708589437
19	36	-0.0003045382165967475
1	17	-0.00031329053378836564
15	17	-0.00031784982494699725
21	26	-0.00031793902867808047
1	26	-0.0003231834144304972
1	14	-0.00032820654025109185
2	5	-0.00033868510446026555
1	34	-0.00035016602759326953
26	53	-0.00035394695789667426
29	58	-0.00039495473674965986
37	58	-0.00039495473674996907
41	58	-0.00039495473675010134
22	58	-0.00039495473675025356
57	58	-0.00039495473675031385
54	58	-0.0003949547367504318
55	58	-0.00039495473675044395
22	52	-0.00039780514754327685
37	52	-0.0003978051475434924
29	52	-0.0003978051475435765
41	52	-0.0003978051475435943
52	55	-0.000397805147543606
52	54	-0.00039780514754362813
52	57	-0.00039780514754363203
33	36	-0.0004135142395272117
4	38	-0.0004299378714149307
3	38	-0.0004299378714152362
30	34	-0.0004351785566373131
26	28	-0.0004382710806403857
43	55	-0.00043887514105686825
43	54	-0.0004388751410568687
43	57	-0.00043887514105696583
22	43	-0.00043887514105705235
41	43	-0.00043887514105706796
29	43	-0.00043887514105715123
37	43	-0.00043887514105730497
17	38	-0.00044001078321432197
23	32	-0.00045417608253507137
50	54	-0.00045806768922017
41	50	-0.00045806768922019257
50	57	-0.00045806768922024245
50	55	-0.0004580676892202598
37	50	-0.0004580676892202663
22	50	-0.0004580676892204263
29	50	-0.0004580676892205174
38	44	-0.00046191529414567225
33	44	-0.00046227422180226485
2	39	-0.00046232847653146546
28	36	-0.00046611770656055816
25	26	-0.000468046847888049
17	58	-0.00046900324191578857
3	18	-0.00047261339841800777
4	18	-0.00047261339841818515
11	24	-0.0004747825691706134
16	26	-0.0004774542761748655
14	29	-0.0004818872267801867
14	54	-0.00048188722678019647
14	57	-0.00048188722678020016
14	55	-0.0004818872267802086
14	41	-0.00048188722678024765
14	22	-0.0004818872267802559
14	37	-0.00048188722678035477
17	21	-0.0005047392828812268
18	39	-0.000507384833257715
18	46	-0.0005212083037608498
14	26	-0.0005661398038821128
35	38	-0.0005724635669989021
36	51	-0.0005739431804865133
23	47	-0.0005784211970425897
4	6	-0.0005823857099528339
3	6	-0.000582385709952967
3	56	-0.0005823857099530993
4	56	-0.0005823857099534289
6	39	-0.0005848947265293062
39	56	-0.0005848947265295061
20	29	-0.0005850135491804868
20	54	-0.0005850135491805735
20	55	-0.0005850135491805883
20	57	-0.0005850135491806043
20	22	-0.0005850135491806893
20	41	-0.0005850135491807665
20	37	-0.0005850135491808559
14	24	-0.0005975776742730534
28	40	-0.0006224873992959996
18	53	-0.0006394740712032199
1	2	-0.00064420619023795
13	34	-0.0006446120790234466
13	19	-0.0006640106602512526
2	47	-0.0006669658819717442
5	35	-0.0006710631024955446
18	25	-0.0006742474733787626
7	28	-0.0006806428257880221
16	17	-0.0006861949295790398
17	39	-0.0006946686832164082
1	7	-0.0007003495893811648
17	25	-0.0007007325123593393
8	45	-0.0007042554051286936
17	46	-0.0007066398958385986
8	48	-0.0007110640916415407
25	36	-0.0007115144593252784
5	44	-0.0007178983786052051
19	38	-0.0007185864861018057
2	53	-0.0007275334219971571
27	39	-0.00073173508199965
24	45	-0.0007414642477845158
6	25	-0.0007485691308251204
25	56	-0.0007485691308253906
53	56	-0.0007841490766315386
6	53	-0.0007841490766315562
26	46	-0.000789810351215042
16	44	-0.0007912358405775177
19	27	-0.0007996744568579081
27	53	-0.000808751443801011
5	36	-0.0008185692473775782
14	17	-0.0008249245579320121
21	36	-0.0008311159387118273
6	46	-0.0008389536270889432
46	56	-0.0008389536270890542
18	21	-0.0008397016406713354
2	46	-0.0008450618545262686
16	36	-0.0008460250863357166
28	44	-0.0008674758576998776
30	38	-0.0008675300647089145
39	40	-0.0008697457334361927
27	46	-0.0008865286615205021
28	34	-0.0008903488101186705
28	38	-0.0009119955362226044
15	36	-0.0009280498023991211
5	18	-0.0009311133634872818
5	27	-0.000941677758533963
15	26	-0.0009438162387653305
26	33	-0.0009481933048234399
17	53	-0.0009496786938444873
27	28	-0.0009509901017911073
21	27	-0.0009574976569587963
16	18	-0.0009777349945964237
25	44	-0.0009939990950755657
35	39	-0.0009941273746402524
25	50	-0.001002806063810938
1	38	-0.0010049465809185104
1	36	-0.0010109742183389602
6	21	-0.0010162203888577429
21	56	-0.001016220388858053
39	44	-0.0010176740441909418
1	6	-0.0010263095311256387
1	56	-0.0010263095311257037
18	28	-0.0010312179584679006
13	38	-0.001042713939625888
5	40	-0.0010452157698636311
18	33	-0.0010564332081935085
5	6	-0.0010602013682162173
5	56	-0.0010602013682163996
16	35	-0.0010780422399952238
41	45	-0.0010791272225140363
37	45	-0.001079127222514101
22	45	-0.001079127222514264
45	57	-0.0010791272225143694
45	54	-0.001079127222514379
29	45	-0.0010791272225143906
45	55	-0.0010791272225143937
33	38	-0.0010808481228515138
7	33	-0.0010839085542807374
16	27	-0.0010909879389386357
15	44	-0.0011066668263746593
25	27	-0.0011087865538854087
29	32	-0.0011134801308730349
22	32	-0.001113480130873264
32	57	-0.0011134801308732923
32	41	-0.0011134801308733287
32	37	-0.0011134801308733296
32	55	-0.0011134801308734868
32	54	-0.0011134801308735076
13	30	-0.001116081709816379
2	25	-0.0011177228835596476
36	58	-0.0011325494379416537
6	16	-0.0011369867413431956
16	56	-0.0011369867413437294
4	39	-0.0011443863509273938
3	39	-0.0011443863509275135
6	33	-0.0011511278397637133
33	56	-0.001151127839763724
7	38	-0.0011513932670697232
28	56	-0.0011921435081611526
6	28	-0.0011921435081614993
35	46	-0.0011983707744615316
35	53	-0.001240823595198457
7	16	-0.0012411308567002333
14	38	-0.0012414581621566594
1	18	-0.001242652616300819
20	26	-0.001244178655892458
33	42	-0.0012600555848662999
7	15	-0.0012694549688895044
25	35	-0.0012713999456719798
7	39	-0.001274423996871853
7	53	-0.0012767468204884624
21	35	-0.001283580167235781
2	16	-0.0012952983831563715
1	13	-0.0013019323239324737
38	58	-0.001302678996748786
17	45	-0.0013212813163168543
44	53	-0.0013227120169082402
34	53	-0.001324413089715456
7	25	-0.0013310327451197808
3	25	-0.0013345643534112988
4	25	-0.0013345643534113808
17	20	-0.001339666318651592
26	50	-0.00134782748780105
3	53	-0.0013489991275255748
4	53	-0.0013489991275257534
21	52	-0.0013535557664174983
39	50	-0.001363485233214565
5	34	-0.00136510793280899
21	40	-0.0013651311101241692
27	33	-0.0013659049895606856
40	49	-0.0013686787577888906
14	18	-0.001369635905996756
21	44	-0.0013760767911978767
7	21	-0.0013825056503840578
44	58	-0.0013846343936583336
15	18	-0.0013954396095756311
7	46	-0.0013974315684864033
34	39	-0.0013996032587880423
31	53	-0.001403860802315044
1	44	-0.0014085822839007868
15	38	-0.0014142285260266149
1	35	-0.0014214186292474062
33	35	-0.001424345056780523
30	42	-0.0014255090666063387
10	19	-0.0014267181501757126
34	38	-0.0014273787485322776
18	58	-0.0014321996013437438
7	58	-0.0014322070630409618
44	47	-0.001435451027120155
3	46	-0.0014441127644726805
4	46	-0.0014441127644729142
14	56	-0.0014450167188939864
6	14	-0.0014450167188942487
2	43	-0.001466171294720966
25	34	-0.0014740833217932508
13	48	-0.0014865742398776508
13	39	-0.001492262898477442
10	23	-0.0014978452649944303
33	40	-0.0015005125900341325
13	25	-0.0015011778902021661
2	52	-0.001504939073865123
12	50	-0.0015067928858819718
15	56	-0.0015109369172217526
6	15	-0.001510936917222017
15	35	-0.0015119741029923253
8	43	-0.0015188690330550725
21	34	-0.0015216703791482587
19	39	-0.0015226519541775931
5	13	-0.0015231434462730144
25	40	-0.001524283260269318
35	43	-0.0015255432348516178
40	46	-0.0015338315360251995
27	58	-0.0015424987920315003
13	14	-0.0015472192253145457
2	15	-0.0015476082338884301
40	53	-0.0015547950449431092
56	58	-0.0015562574806624223
6	58	-0.0015562574806630522
16	34	-0.0015627328483201037
15	40	-0.0015647096622488906
9	22	-0.0015687344029740391
9	37	-0.0015687344029740764
9	41	-0.0015687344029741055
9	29	-0.0015687344029741666
9	57	-0.0015687344029742087
9	54	-0.0015687344029742135
9	55	-0.0015687344029742811
14	36	-0.0015689716900829415
29	42	-0.0015698436461983063
37	42	-0.001569843646198364
42	55	-0.0015698436461984437
42	57	-0.001569843646198451
22	42	-0.0015698436461984685
41	42	-0.0015698436461984689
42	54	-0.0015698436461984739
2	50	-0.0015705640863593537
27	43	-0.0015728441570552125
14	42	-0.0015772747865459985
26	58	-0.001577610952269436
14	27	-0.001582101733947101
40	52	-0.0015844814960718808
14	35	-0.0015959172423490003
13	53	-0.001601225031344787
52	53	-0.0016034336571116416
18	52	-0.0016109870314296197
13	28	-0.001618535231421268
33	34	-0.0016202585117584547
25	43	-0.0016280408270987023
15	34	-0.0016280666544512092
26	52	-0.001630599486948614
4	19	-0.001631292405183478
3	19	-0.0016312924051835097
3	21	-0.0016346430499371862
4	21	-0.0016346430499373248
9	34	-0.001643347817768189
35	50	-0.0016605831210325167
39	43	-0.001663683762158752
26	45	-0.0016645491733617672
7	43	-0.001667592909025472
1	3	-0.0016716306369891167
1	4	-0.001671630636989289
35	52	-0.0016731623967423204
17	52	-0.001673346996880488
13	21	-0.0016762094458641873
25	32	-0.0016916872389948095
16	40	-0.0016998709327710395
25	33	-0.0017036586252954788
2	9	-0.001717181488855352
43	56	-0.0017285908073628158
6	43	-0.0017285908073629331
34	46	-0.0017301517338375622
7	14	-0.001741659317593095
24	46	-0.0017477614498620534
19	53	-0.0017543590855759732
4	33	-0.00177094393216712
3	33	-0.0017709439321673352
3	16	-0.0017857235925680059
4	16	-0.0017857235925682919
31	50	-0.001794328904976059
10	43	-0.0017963741060015477
36	52	-0.001802235268881433
7	50	-0.0018050616877150175
13	16	-0.0018061613545954879
19	25	-0.0018090711176668457
11	45	-0.001810694743249494
2	32	-0.0018118243701839888
28	39	-0.0018222626441452665
2	20	-0.0018272406831345337
23	46	-0.0018338270423847534
31	40	-0.0018391232478989989
33	46	-0.001844262848726591
14	40	-0.0018551560680307542
1	51	-0.0018611966691284166
2	58	-0.0018732867646987863
33	51	-0.0018769177332123915
17	32	-0.001880079308356747
31	41	-0.0018805774610318507
31	37	-0.001880577461031865
29	31	-0.001880577461031874
31	57	-0.001880577461032003
31	54	-0.0018805774610321001
31	55	-0.0018805774610321138
22	31	-0.0018805774610321348
13	52	-0.0018865147336928675
34	58	-0.001898389623497791
31	44	-0.0019102078716369212
44	50	-0.0019116224601328684
40	58	-0.0019160460550206202
7	52	-0.0019211929626049883
14	44	-0.0019308644700525071
29	48	-0.0019471433139233983
22	48	-0.0019471433139236181
37	48	-0.0019471433139236199
41	48	-0.0019471433139237318
48	54	-0.0019471433139237803
48	57	-0.0019471433139237849
48	55	-0.0019471433139237964
5	38	-0.0019570202566661426
25	28	-0.0019596550374400543
52	56	-0.0019662997418297004
6	52	-0.0019662997418297148
24	44	-0.0019719560643507925
34	52	-0.0019753294434517706
40	43	-0.001980198494464283
16	31	-0.0019939172029978273
1	39	-0.0019947073130204755
8	49	-0.001994818345373628
10	26	-0.0019953170739389616
34	43	-0.0020073765573793666
36	45	-0.0020075196913463293
27	52	-0.002007589040666894
17	42	-0.002011233987285494
7	47	-0.002016612291422101
2	45	-0.002040190693148867
34	50	-0.0020428448393293957
1	11	-0.002043596267412522
3	14	-0.0020435972213811637
4	14	-0.002043597221381303
6	45	-0.0020496304348004233
45	56	-0.00204963043480055
24	40	-0.0020503021467036114
18	50	-0.002052182177562219
18	45	-0.0020735458658588442
19	46	-0.0020747559698719043
42	46	-0.0020862518211701166
33	39	-0.002090668073518183
43	44	-0.002105683724041665
11	46	-0.002106974297400199
21	23	-0.0021101974811769822
3	43	-0.002115879499720794
4	43	-0.0021158794997210603
36	50	-0.0021172023905608964
35	45	-0.002118453316960357
20	35	-0.002119208282143414
13	15	-0.0021280375426021773
4	15	-0.0021298387201670473
3	15	-0.0021298387201673053
38	46	-0.0021536511905476236
30	45	-0.0021551010117957757
35	58	-0.0021574491726781874
50	56	-0.0021688205664227083
6	50	-0.0021688205664227704
32	44	-0.002172134814408524
11	57	-0.002173581368075099
11	54	-0.002173581368075222
11	55	-0.0021735813680752386
11	29	-0.00217358136807525
11	41	-0.0021735813680752564
11	37	-0.002173581368075282
11	22	-0.002173581368075363
16	38	-0.0021762019241204607
26	42	-0.002181142481031735
20	36	-0.0021833819693960446
38	45	-0.0021842939284006575
28	53	-0.0022018191072382958
3	58	-0.002218343217590214
4	58	-0.002218343217590216
27	45	-0.0022285154911540535
43	50	-0.0022319184151675616
5	19	-0.0022352552289213908
38	50	-0.002237245768529339
20	38	-0.0022427010689116287
20	34	-0.0022441329508069356
7	20	-0.00224424251049901
44	49	-0.002249920746693261
19	28	-0.00225309517971949
43	53	-0.0022534966792424928
40	45	-0.00225787571140495
46	50	-0.0022612479538810263
19	21	-0.0022669930567621255
20	44	-0.002282429586649597
36	43	-0.002284737555069124
30	53	-0.002293317856877492
27	50	-0.002302722712639948
11	40	-0.0023049098375114044
9	26	-0.0023049547386355977
7	45	-0.0023123217183593824
34	45	-0.002332845632755565
14	39	-0.0023478139936297516
36	42	-0.0023570291224371096
19	33	-0.002366079975875392
38	52	-0.0023764376431502825
18	32	-0.002378623164094599
5	39	-0.0023855808703270457
16	19	-0.0023892324781327277
2	48	-0.0023991249369121623
32	36	-0.0024040597565735487
35	47	-0.0024180740147932023
20	32	-0.00242130785497885
15	39	-0.0024350103920519842
2	11	-0.0024488385304929526
26	48	-0.002456851304101013
5	53	-0.0024581983110086164
16	52	-0.002464626130179271
1	5	-0.0024748822632431706
20	40	-0.002478341967059243
26	31	-0.002480183660236587
9	40	-0.002484211674715898
16	25	-0.0024954577377204468
2	42	-0.0024973776312812103
16	28	-0.002510042797114962
5	25	-0.00251032734282211
21	43	-0.0025106901163533266
12	17	-0.002513743110405797
9	13	-0.002516377965884193
42	45	-0.002526441360768711
6	32	-0.002531327685535441
32	56	-0.0025313276855355544
18	42	-0.0025371724689942253
9	27	-0.0025387576972315195
1	19	-0.002540838224358547
13	50	-0.002549226953851355
39	58	-0.002558360813731785
27	32	-0.002561738759101162
16	43	-0.0025641828818966667
21	28	-0.0025706928050938114
24	57	-0.0025850235960257245
24	37	-0.002585023596025757
24	54	-0.002585023596025757
24	55	-0.0025850235960257744
24	41	-0.0025850235960257753
22	24	-0.002585023596025798
24	29	-0.002585023596025849
13	58	-0.002591552138001779
23	29	-0.0025932546470437976
22	23	-0.002593254647044015
23	54	-0.0025932546470441202
23	55	-0.00259325464704414
23	41	-0.0025932546470441584
23	37	-0.002593254647044175
23	57	-0.0025932546470442
32	48	-0.002603336162954945
1	9	-0.0026116244080276125
7	32	-0.0026125439186921754
15	43	-0.002615496619302493
28	46	-0.0026155229361215027
14	19	-0.0026156294211991935
9	18	-0.002615927441587007
1	53	-0.0026181239617610245
38	47	-0.002618950698993571
9	17	-0.0026247509084253388
8	24	-0.002628562852037287
39	46	-0.0026356353364147883
34	48	-0.0026384697925481487
11	27	-0.002643410271067582
4	52	-0.0026438718165236732
3	52	-0.0026438718165238714
1	50	-0.0026440370869503732
46	53	-0.0026443186930729737
5	33	-0.002650449901462447
8	13	-0.0026697694753540268
23	26	-0.0026704319147835814
12	46	-0.002676466705737111
16	53	-0.0026835019130117817
5	21	-0.002683883263003903
20	50	-0.0026845627764152985
15	53	-0.0026975219175224196
8	41	-0.0026976475428880553
8	37	-0.0026976475428880783
8	54	-0.00269764754288813
8	55	-0.00269764754288824
8	22	-0.002697647542888241
8	29	-0.0026976475428883108
8	57	-0.0026976475428883225
16	39	-0.002699430991804826
33	53	-0.0027085035152856437
28	33	-0.0027149293096816697
11	14	-0.00271570248932669
42	56	-0.002719618690203729
6	42	-0.002719618690203946
3	45	-0.0027366939433739667
4	45	-0.00273669394337418
23	34	-0.002758024528995839
49	57	-0.0027583004844671057
37	49	-0.002758300484467137
22	49	-0.002758300484467241
49	54	-0.002758300484467271
41	49	-0.002758300484467292
49	55	-0.002758300484467311
29	49	-0.0027583004844673434
17	31	-0.0027648404100515554
15	19	-0.0027765842990953023
5	16	-0.0027769693846958913
11	26	-0.00278374672396449
1	25	-0.0027838527556190524
27	42	-0.0027895064982651303
30	40	-0.0027997017208809677
21	33	-0.002803297078689791
10	30	-0.0028087399223175567
5	46	-0.0028134301226640955
32	38	-0.00281450488516209
21	46	-0.0028185124764426154
11	34	-0.002827331987688265
7	42	-0.0028327382648601455
38	42	-0.0028356791827762184
16	46	-0.0028401140593214192
1	28	-0.002851194456874421
19	58	-0.002853053301659597
9	56	-0.002860818793298814
6	9	-0.0028608187932989537
35	42	-0.0028656871001386287
9	35	-0.0028657178068272433
9	49	-0.0028677719662841064
4	50	-0.0028797342080330935
3	50	-0.002879734208033174
13	24	-0.0028814850638664196
28	43	-0.002887596141821525
42	44	-0.0028900979571401895
33	43	-0.002895290042485084
1	21	-0.00290133248785373
13	20	-0.0029113655087251566
1	16	-0.0029166179634467267
1	46	-0.0029308575550631355
31	35	-0.002943204036491278
32	40	-0.0029574585847506455
1	33	-0.0029874334271627217
9	36	-0.0029899699259496064
5	15	-0.002991559753171836
24	28	-0.002998177856013152
11	44	-0.003002005318189124
1	12	-0.003004514993713866
34	42	-0.0030051968887329955
14	28	-0.003006140638231989
5	50	-0.0030132069804735856
15	25	-0.003017315708307315
15	28	-0.0030223389040569134
23	40	-0.0030369471972573163
53	58	-0.0030547123576708003
15	46	-0.0030554171115884134
11	18	-0.003057391661023619
5	14	-0.0030603057311292202
7	24	-0.003068787057098776
18	48	-0.003075241790243665
13	31	-0.003077228539824525
23	36	-0.0030826086997633824
30	41	-0.0030933346662162485
30	37	-0.0030933346662163647
29	30	-0.0030933346662164176
22	30	-0.003093334666216419
30	57	-0.0030933346662164207
30	54	-0.0030933346662165404
30	55	-0.003093334666216563
25	30	-0.0030961219876744104
14	21	-0.0031073273104723883
5	58	-0.003108426427913762
13	43	-0.003115310644193133
14	53	-0.0031291822927521575
10	27	-0.003129645088426152
5	43	-0.0031300451937238257
1	23	-0.0031310879599639263
21	32	-0.0031431757189740376
8	34	-0.003150715641979898
14	25	-0.003151142751986374
31	36	-0.0031580513502169096
15	21	-0.0031673295387673597
14	50	-0.0031755100707544894
35	48	-0.0031796774954061142
27	48	-0.0031822097427979352
8	26	-0.003188391666444671
4	32	-0.003188982927463403
3	32	-0.003188982927463597
33	52	-0.0031920615612741907
17	23	-0.0032105186721951154
28	58	-0.003214723075613239
19	52	-0.003229729143260327
18	31	-0.003236500952697277
5	30	-0.0032366503006338986
6	11	-0.003239820612272234
11	56	-0.003239820612272445
44	51	-0.003244929423728068
5	52	-0.003267000964353138
12	36	-0.0032789921116653
7	31	-0.0032817144166712832
26	30	-0.0033033369819705696
8	17	-0.003305088244471504
47	55	-0.0033103259695146485
47	57	-0.0033103259695146723
47	54	-0.003310325969514714
29	47	-0.003310325969514738
22	47	-0.0033103259695148437
41	47	-0.0033103259695149477
37	47	-0.003310325969515036
19	45	-0.0033127374420330894
7	9	-0.0033154057902866343
1	48	-0.003321939448035707
9	44	-0.0033378813374873193
43	46	-0.0033466877962571883
6	48	-0.0033704375569079833
48	56	-0.0033704375569080097
14	16	-0.003370913393649721
28	52	-0.0033717027645953496
47	50	-0.0033734023323355265
48	51	-0.003377333735112094
28	50	-0.003382496445555219
1	49	-0.003383712930135155
39	52	-0.003385110677233876
45	53	-0.0033964910165108146
6	31	-0.00340417267371606
31	56	-0.003404172673716124
21	58	-0.003404178810900397
19	50	-0.0034125295011029908
27	31	-0.0034126973922021173
17	48	-0.003429035782823202
9	38	-0.0034415276407048292
4	42	-0.003442571959462652
3	42	-0.0034425719594629416
11	13	-0.003444969479182395
43	58	-0.003473721815827638
30	44	-0.003474875244069616
11	17	-0.003492445889519085
39	45	-0.0034957370553365735
20	39	-0.003508572563900503
11	35	-0.003510063579856904
2	10	-0.0035189462104211955
46	58	-0.0035453208279799123
36	48	-0.003551424843348549
25	58	-0.0035539460878042397
2	23	-0.003563134913598517
14	47	-0.00359204459546378
1	32	-0.003596659867690791
23	38	-0.0035974004397104683
20	33	-0.0036063484317683733
10	13	-0.00360849599258101
14	15	-0.003611528169439223
39	47	-0.003613500988500346
20	52	-0.0036216463407753225
32	53	-0.0036290237400639002
8	18	-0.00363065789914281
25	45	-0.003632883375660733
1	58	-0.0036501792414772556
26	49	-0.00366531370307044
31	34	-0.0036694899371866115
28	45	-0.003672697754159022
12	38	-0.0036829897580682586
10	33	-0.0036917969127663553
18	24	-0.003693850571141171
19	32	-0.003700092303419166
33	47	-0.0037204297306482025
2	8	-0.003725119730753361
30	32	-0.0037295761004062424
33	45	-0.0037393144425078425
5	45	-0.0037437099029246326
10	15	-0.00374654172581551
3	9	-0.0037553305355400085
4	9	-0.0037553305355400683
20	53	-0.0037579643628753083
21	45	-0.0037828404392104124
33	50	-0.003783547888000745
24	56	-0.0038016157651983877
6	24	-0.0038016157651984705
30	36	-0.003813914761421419
31	38	-0.0038219651314874473
24	36	-0.003840195857605193
30	35	-0.0038418700391654593
21	42	-0.003845998286632806
23	56	-0.0038518650049016922
6	23	-0.0038518650049017816
5	32	-0.0038560532043720886
6	8	-0.0038583215440782578
8	56	-0.003858321544078553
7	12	-0.0038631941854145764
2	24	-0.003866786941421453
11	36	-0.0038703690867176064
12	22	-0.0038746377804344343
12	57	-0.0038746377804345393
12	29	-0.003874637780434575
12	41	-0.003874637780434602
12	37	-0.0038746377804346225
12	55	-0.0038746377804347023
12	54	-0.003874637780434749
20	21	-0.0038752458793074825
17	49	-0.0038765421653137954
4	11	-0.003890355846972144
3	11	-0.0038903558469722513
29	51	-0.003907761022180591
37	51	-0.003907761022180656
41	51	-0.003907761022180687
51	54	-0.003907761022180698
51	57	-0.003907761022180706
51	55	-0.00390776102218073
22	51	-0.003907761022180738
8	44	-0.003913281879449556
16	20	-0.0039216236571889464
32	39	-0.003942053784781359
20	25	-0.003970541268605431
7	23	-0.003978811937880858
18	23	-0.0039830918371742945
24	27	-0.003984515880340959
23	27	-0.003985135724115463
8	35	-0.003991532139468476
24	34	-0.003996691280981964
4	48	-0.0040182229566443255
3	48	-0.00401822295664458
16	45	-0.004022146354147251
7	48	-0.004029911962008307
8	27	-0.0040424076866753525
19	42	-0.0040567604527783924
8	16	-0.004056841902957088
2	30	-0.004069406307327179
15	52	-0.0040812794621141145
8	38	-0.004083962554201761
14	58	-0.00410013884392159
5	24	-0.004101035359338508
2	49	-0.004111137373942713
14	52	-0.004125827680270916
1	42	-0.004140952012697321
11	43	-0.0041423422732055
10	50	-0.00414377747467164
20	46	-0.004144250966976062
7	11	-0.004157124776489113
18	30	-0.004157815933726487
12	26	-0.004197322595429074
18	49	-0.0042171398270391255
15	50	-0.004217848665767191
39	42	-0.00424027093597565
8	23	-0.0042413268622363744
46	48	-0.004254063517351251
8	40	-0.004258897708339373
2	51	-0.004261379109614243
3	31	-0.004264917247302517
4	31	-0.0042649172473027035
30	56	-0.004282025198759391
6	30	-0.004282025198759471
15	45	-0.004285010611026032
10	36	-0.004290338265132742
27	30	-0.004294334262720891
40	51	-0.004304989944203546
25	49	-0.004311795684025056
52	58	-0.0043379160669545225
7	10	-0.004345339087880759
50	52	-0.004363687977092809
9	14	-0.004364770870688625
28	42	-0.004410501552339743
9	19	-0.004423640489000225
11	47	-0.004434547571441254
9	46	-0.004436576132367743
11	38	-0.004446756306922659
5	42	-0.004460934174728544
10	34	-0.004473500133882756
2	12	-0.004475903151837066
24	42	-0.004477000180499614
49	56	-0.004481056183915745
6	49	-0.0044810561839158155
1	47	-0.004510220049953979
12	35	-0.004518303535114005
27	49	-0.004522180279896106
32	43	-0.00452894875408687
11	30	-0.00453079846625869
12	18	-0.004546984254679428
12	40	-0.004583220047881685
11	19	-0.004584072700747434
3	8	-0.0045877108075368
4	8	-0.004587710807536959
35	51	-0.00461761215834176
8	21	-0.0046247651973193755
7	49	-0.004625080984241616
27	47	-0.004627552160372594
36	47	-0.004642301783228667
3	24	-0.004652798197867143
4	24	-0.004652798197867252
3	23	-0.004654586129172844
4	23	-0.004654586129172859
17	51	-0.004669373426986833
14	20	-0.0046780818571272535
12	14	-0.004696420432382385
12	31	-0.004708902401692014
23	53	-0.004712660536109783
10	17	-0.0047211073280207586
31	39	-0.004721890558360731
23	33	-0.004733447539650281
10	18	-0.004752753259625516
50	58	-0.004773450857239976
21	48	-0.004780619354346304
48	53	-0.004780773448643809
28	31	-0.004782333128209545
18	51	-0.004792109489660831
26	51	-0.004793957235052306
19	48	-0.004800145044007483
11	49	-0.004809783562846811
45	58	-0.004849583125876366
10	29	-0.00486558716821573
10	37	-0.004865587168215781
10	57	-0.004865587168215862
10	41	-0.004865587168215871
10	22	-0.004865587168215911
10	54	-0.004865587168215975
10	55	-0.004865587168216058
12	33	-0.004866221008115221
9	16	-0.004877556512552863
18	47	-0.004901063884497514
28	48	-0.004912154831327535
25	48	-0.004917047624622653
12	39	-0.0049296015533637945
24	31	-0.004965002260414019
9	33	-0.004970349033781227
19	31	-0.004970474664608012
15	42	-0.004974869039308334
33	48	-0.004987641943717156
38	49	-0.004990287135460424
47	56	-0.004991307824710289
6	47	-0.004991307824710392
47	53	-0.005010794886046759
11	33	-0.005011938115432053
9	28	-0.005018685006002818
16	42	-0.005026018095685776
12	27	-0.005040256822130945
20	58	-0.005048971171536778
39	48	-0.005091847798072859
19	24	-0.00509486265434315
16	47	-0.00509699621269586
9	39	-0.005098267646900664
20	45	-0.005137826389991481
20	51	-0.005141410789082413
6	10	-0.005149479284748357
10	56	-0.005149479284748539
3	30	-0.005152250210193967
4	30	-0.005152250210194077
38	48	-0.005156718661858399
8	19	-0.005158125732176901
5	9	-0.005170111147451934
6	12	-0.005178320891947194
12	56	-0.005178320891947489
13	47	-0.005194630136099012
11	53	-0.005195558530675472
11	28	-0.005202760401045247
11	39	-0.005204873467721771
9	53	-0.00520628886949274
5	23	-0.005211779042650274
9	25	-0.005215017638959487
11	25	-0.0052178347782802685
16	23	-0.005254017753553629
38	51	-0.005281495945379086
5	48	-0.0052965612873430165
51	56	-0.00536324265477776
6	51	-0.005363242654777898
27	51	-0.005381444516028131
12	13	-0.00539679611075448
11	15	-0.005405520097732846
4	10	-0.005415493855827052
3	10	-0.00541549385582716
19	23	-0.005447823343698319
5	31	-0.005448855832511033
4	49	-0.005453823095883399
3	49	-0.005453823095883497
9	21	-0.0054903707400522535
12	20	-0.005497686758339298
10	48	-0.005501043971079107
28	30	-0.005503199013475941
7	51	-0.005532502479587514
34	51	-0.005543633106140192
28	47	-0.005560433448463311
23	25	-0.0055640545333975585
30	43	-0.005569597030217476
14	31	-0.005583770242025362
20	31	-0.00560214689945715
9	43	-0.005629979200150359
43	47	-0.005651708102757846
15	48	-0.0056525095811307295
5	11	-0.005708737768722195
42	50	-0.005714030772679614
8	28	-0.005714125506006282
14	48	-0.005716037566066651
23	39	-0.005740414230527069
5	47	-0.005745564951091299
42	52	-0.005750580177710902
19	30	-0.00575201101943886
8	25	-0.005790951028678482
31	46	-0.005793649321381182
9	15	-0.005798122108191174
31	45	-0.005808139036324492
24	33	-0.005816390573543026
1	10	-0.0058224861066141775
15	24	-0.005842513919843917
19	47	-0.005884188199838264
30	31	-0.005895808237961428
8	39	-0.00589606350122142
32	45	-0.005917541893718361
20	24	-0.005924990939303348
11	21	-0.00592934408107834
47	48	-0.005935829562621765
3	47	-0.00595733465032129
4	47	-0.005957334650321432
48	58	-0.005975881136614055
10	38	-0.005987722401609679
32	52	-0.00602413564500171
19	49	-0.006024914181646526
49	53	-0.006034935315158156
12	24	-0.006059394198378821
12	19	-0.00607295381281627
19	51	-0.006088674776062116
15	47	-0.006129359546996673
20	23	-0.006136056475825951
31	48	-0.006184386582473767
20	42	-0.006190630627758167
4	12	-0.006264969217785422
3	12	-0.006264969217785481
49	50	-0.006298058046047168
8	53	-0.006320084535362218
9	58	-0.006336505092697299
20	49	-0.006343623012518452
28	51	-0.006367261814284372
13	51	-0.006370288177355402
39	49	-0.006415719378200374
12	16	-0.006419350926973458
42	48	-0.006430246443945619
24	32	-0.0064481247583757124
3	51	-0.0064518543481119454
4	51	-0.006451854348112131
1	8	-0.0064757102876170656
15	23	-0.006507446790095038
5	12	-0.006531150080830796
11	16	-0.006576977596090957
11	58	-0.006580355473408053
21	47	-0.006584462404323793
21	49	-0.006594465369772802
43	48	-0.006601798800705949
20	48	-0.006622160079734254
16	51	-0.0066233453994811115
11	20	-0.0066329249788340365
5	49	-0.006644127852713396
20	30	-0.006699754706934569
8	33	-0.006721826790914901
31	43	-0.006723150694000649
25	47	-0.006725586690600062
9	45	-0.006735046484867195
15	51	-0.006752449621218617
21	51	-0.006766735170978391
10	40	-0.006768343578184512
1	30	-0.006833443815288419
8	20	-0.006839019746096105
24	48	-0.006869883497642398
12	52	-0.006943656178882522
24	58	-0.006947108777203187
33	49	-0.007005771285396731
8	32	-0.007027487694020798
8	15	-0.007072436675631765
16	49	-0.007104841841432216
24	43	-0.0071164840191564206
14	51	-0.007150172306705708
23	58	-0.007156481327549725
5	51	-0.007284387433108617
11	32	-0.007331406330639248
45	47	-0.007366310525039162
9	20	-0.007387243651421776
9	42	-0.0074004224725007645
30	50	-0.0074163973074144966
15	49	-0.007482777735465051
12	28	-0.0074998582696248015
8	58	-0.007560097433578125
12	53	-0.007604953922186208
9	32	-0.007693264272852099
10	28	-0.007726841169535717
39	51	-0.007810407660089094
12	25	-0.00797891446016093
12	15	-0.008020930731285777
30	52	-0.008089155435334507
25	51	-0.008127117381286093
12	21	-0.008134829032810383
8	52	-0.008178519874075942
11	31	-0.00824040434464706
49	58	-0.008256525440239708
46	51	-0.008417927060081109
8	50	-0.008437296629892586
5	10	-0.00849510145698521
10	52	-0.008555615175367032
12	23	-0.008696715499964777
10	39	-0.00898194041674466
12	58	-0.00910748459779615
10	53	-0.009281298171010777
10	46	-0.00972135521453954
23	30	-0.009733280267314527
31	49	-0.009963974923112958
10	21	-0.009975923990484989
9	31	-0.010007817404660405
45	51	-0.010148074819498578
12	42	-0.010697400721110601
9	47	-0.011324308586035298
12	49	-0.012182480773056042
30	49	-0.012936836639693746
24	47	-0.013290904862366454
8	47	-0.013600595385822735
