#====================================================================================================
# This result is computed using mean-field DCA
# The first and second columns are site pairs. The third column represents interaction score
#====================================================================================================
3	4	0.05814905206606614
2	3	0.05814905206606611
1	2	0.006972194368912153
1	4	0.006972194368911776
2	4	0.005402568076158127
1	3	0.0025126365615590544
11	40	0.0002611795072123037
11	38	0.00026117950721228286
11	20	0.0002611795072120712
5	6	0.00026117950721203306
6	10	0.00026117950721202265
5	38	0.0002611795072119845
5	9	0.000261179507211981
7	38	0.0002611795072119741
6	9	0.0002611795072119741
5	40	0.0002611795072119741
7	40	0.0002611795072119602
7	8	0.00026117950721195674
12	40	0.0002611795072119463
10	40	0.00026117950721194286
7	9	0.0002611795072119359
5	7	0.0002611795072119151
7	10	0.00026117950721191163
7	11	0.00026117950721190816
9	10	0.0002611795072119047
5	8	0.0002611795072119012
8	11	0.0002611795072119012
12	38	0.0002611795072118943
10	38	0.00026117950721188735
8	9	0.00026117950721188735
9	40	0.00026117950721187347
6	8	0.00026117950721186653
8	10	0.00026117950721186306
9	11	0.0002611795072118561
6	7	0.0002611795072118388
5	10	0.00026117950721181796
6	40	0.0002611795072118145
7	17	0.00026117950721180755
8	12	0.0002611795072118041
9	16	0.00026117950721179714
6	13	0.00026117950721179714
22	26	0.0002611795072117902
6	38	0.0002611795072117902
6	11	0.00026117950721178673
9	38	0.0002611795072117798
5	11	0.0002611795072117798
5	12	0.0002611795072117694
31	35	0.0002611795072117659
10	11	0.000261179507211759
9	13	0.00026117950721175204
40	41	0.0002611795072117451
8	21	0.00026117950721174163
31	37	0.00026117950721173816
23	31	0.0002611795072117347
5	13	0.0002611795072117312
22	28	0.00026117950721172775
25	29	0.0002611795072117208
8	13	0.0002611795072117208
23	34	0.00026117950721170693
25	36	0.00026117950721170693
5	20	0.00026117950721170347
25	34	0.0002611795072117
22	30	0.0002611795072117
6	12	0.0002611795072117
22	34	0.0002611795072116965
31	36	0.0002611795072116965
33	34	0.0002611795072116861
23	35	0.0002611795072116861
23	32	0.00026117950721168265
33	37	0.00026117950721168265
25	35	0.00026117950721168265
25	37	0.00026117950721167224
8	17	0.00026117950721167224
23	24	0.00026117950721166877
6	20	0.00026117950721166877
7	13	0.00026117950721166877
22	24	0.0002611795072116653
31	33	0.00026117950721166183
8	18	0.00026117950721165836
36	41	0.00026117950721165836
23	29	0.00026117950721165836
25	28	0.00026117950721165836
35	37	0.00026117950721165836
25	33	0.0002611795072116549
23	36	0.0002611795072116549
23	27	0.0002611795072116549
16	40	0.0002611795072116514
5	19	0.0002611795072116514
9	12	0.0002611795072116514
31	41	0.00026117950721164795
22	33	0.00026117950721164795
36	37	0.00026117950721164795
12	15	0.0002611795072116445
25	30	0.0002611795072116445
27	37	0.0002611795072116445
22	29	0.000261179507211641
29	32	0.000261179507211641
27	32	0.000261179507211641
16	38	0.00026117950721163755
8	14	0.00026117950721163755
7	19	0.00026117950721163755
23	28	0.00026117950721163755
23	25	0.0002611795072116341
6	18	0.0002611795072116306
23	33	0.0002611795072116306
31	32	0.0002611795072116306
24	41	0.00026117950721162714
25	26	0.00026117950721162714
29	35	0.00026117950721162714
10	12	0.00026117950721162714
22	41	0.00026117950721162367
31	34	0.00026117950721162367
22	35	0.00026117950721162367
23	30	0.00026117950721162367
30	35	0.00026117950721162367
22	23	0.0002611795072116202
22	25	0.0002611795072116202
33	35	0.0002611795072116202
34	36	0.0002611795072116202
8	19	0.0002611795072116202
22	31	0.00026117950721161673
27	39	0.00026117950721161673
7	12	0.00026117950721161673
29	34	0.00026117950721161326
14	40	0.0002611795072116098
6	21	0.0002611795072116098
23	37	0.0002611795072116063
35	36	0.0002611795072116063
33	36	0.00026117950721160285
24	35	0.00026117950721160285
22	27	0.0002611795072115994
38	41	0.0002611795072115994
34	35	0.0002611795072115994
6	17	0.0002611795072115994
10	13	0.0002611795072115994
11	16	0.0002611795072115994
30	37	0.0002611795072115959
5	16	0.0002611795072115959
30	32	0.0002611795072115959
24	26	0.0002611795072115959
27	30	0.0002611795072115959
33	41	0.00026117950721159244
13	17	0.00026117950721159244
27	35	0.00026117950721159244
27	28	0.00026117950721159244
8	15	0.000261179507211589
24	33	0.000261179507211589
8	16	0.000261179507211589
24	34	0.0002611795072115855
29	30	0.0002611795072115855
26	27	0.0002611795072115855
5	14	0.00026117950721158203
27	34	0.00026117950721158203
27	29	0.00026117950721158203
25	27	0.00026117950721157857
23	26	0.00026117950721157857
7	16	0.0002611795072115751
30	31	0.0002611795072115751
36	39	0.0002611795072115751
8	40	0.0002611795072115751
25	31	0.0002611795072115716
24	25	0.0002611795072115716
26	34	0.0002611795072115716
30	39	0.0002611795072115716
12	14	0.00026117950721156816
9	21	0.00026117950721156816
24	29	0.00026117950721156816
29	37	0.00026117950721156816
9	19	0.00026117950721156816
12	20	0.0002611795072115647
26	33	0.0002611795072115647
28	34	0.0002611795072115647
11	12	0.0002611795072115647
25	41	0.0002611795072115612
29	41	0.0002611795072115612
24	30	0.0002611795072115612
26	37	0.0002611795072115612
9	17	0.0002611795072115612
15	39	0.00026117950721155775
7	20	0.00026117950721155775
24	31	0.00026117950721155775
25	39	0.00026117950721155775
28	33	0.00026117950721155775
8	38	0.00026117950721155775
6	16	0.0002611795072115543
32	36	0.0002611795072115543
38	39	0.0002611795072115543
18	39	0.0002611795072115508
22	37	0.0002611795072115508
29	33	0.0002611795072115508
27	36	0.0002611795072115508
10	16	0.00026117950721154734
25	32	0.00026117950721154734
24	36	0.00026117950721154734
28	36	0.00026117950721154734
12	13	0.00026117950721154734
6	14	0.00026117950721154387
27	41	0.00026117950721154387
24	32	0.00026117950721154387
26	36	0.00026117950721154387
27	31	0.00026117950721153693
5	15	0.00026117950721153346
10	17	0.00026117950721153346
5	18	0.00026117950721153346
26	30	0.00026117950721153346
11	13	0.00026117950721153346
22	32	0.00026117950721153
27	33	0.00026117950721153
28	30	0.00026117950721153
11	19	0.00026117950721153
39	41	0.0002611795072115265
32	35	0.0002611795072115265
24	27	0.00026117950721152305
29	31	0.0002611795072115196
24	39	0.0002611795072115196
30	36	0.0002611795072115196
26	35	0.0002611795072115196
11	17	0.0002611795072115196
14	38	0.0002611795072115161
26	32	0.0002611795072115161
28	35	0.0002611795072115161
31	39	0.00026117950721151265
33	39	0.00026117950721151265
24	37	0.00026117950721151265
29	39	0.00026117950721151265
26	29	0.00026117950721151265
28	32	0.00026117950721151265
26	41	0.0002611795072115092
34	37	0.0002611795072115092
17	40	0.0002611795072115092
28	29	0.0002611795072115092
13	40	0.0002611795072115092
21	34	0.0002611795072115057
23	41	0.0002611795072115057
23	39	0.0002611795072115057
34	39	0.0002611795072115057
12	17	0.0002611795072115057
11	21	0.0002611795072115057
5	17	0.0002611795072115057
28	31	0.00026117950721150224
26	39	0.00026117950721150224
12	21	0.00026117950721149877
7	14	0.00026117950721149877
32	41	0.00026117950721149877
26	31	0.00026117950721149877
32	39	0.00026117950721149877
28	39	0.00026117950721149877
13	18	0.0002611795072114953
6	19	0.0002611795072114953
15	38	0.00026117950721149183
10	21	0.00026117950721149183
7	21	0.00026117950721149183
10	19	0.00026117950721149183
9	18	0.00026117950721149183
37	41	0.00026117950721149183
22	39	0.00026117950721149183
26	28	0.00026117950721149183
21	27	0.00026117950721148836
12	19	0.0002611795072114849
29	36	0.0002611795072114849
10	14	0.0002611795072114814
19	39	0.0002611795072114814
11	18	0.0002611795072114814
10	15	0.00026117950721147795
7	15	0.00026117950721147795
21	39	0.00026117950721147795
35	41	0.00026117950721147795
6	15	0.0002611795072114745
14	39	0.0002611795072114745
21	35	0.0002611795072114745
21	30	0.0002611795072114745
22	36	0.0002611795072114745
21	24	0.000261179507211471
12	18	0.000261179507211471
9	14	0.00026117950721146754
28	37	0.00026117950721146754
21	32	0.0002611795072114641
18	27	0.0002611795072114641
34	41	0.0002611795072114641
8	20	0.0002611795072114641
11	14	0.0002611795072114641
21	26	0.0002611795072114606
28	41	0.0002611795072114606
15	32	0.00026117950721145713
13	16	0.00026117950721145713
21	41	0.00026117950721145367
10	18	0.00026117950721145367
10	20	0.00026117950721145367
21	29	0.0002611795072114502
12	16	0.0002611795072114502
30	33	0.0002611795072114502
30	34	0.0002611795072114502
18	33	0.0002611795072114467
20	39	0.0002611795072114467
24	28	0.0002611795072114467
21	33	0.00026117950721144326
20	25	0.00026117950721144326
7	18	0.00026117950721144326
32	33	0.00026117950721144326
21	36	0.0002611795072114398
9	15	0.0002611795072114398
32	37	0.0002611795072114398
13	38	0.0002611795072114398
15	28	0.0002611795072114363
18	32	0.0002611795072114363
20	27	0.0002611795072114363
32	34	0.0002611795072114363
21	22	0.00026117950721143285
18	29	0.00026117950721143285
18	35	0.00026117950721143285
18	28	0.00026117950721143285
20	35	0.00026117950721143285
11	15	0.00026117950721143285
15	33	0.0002611795072114259
15	35	0.0002611795072114259
18	31	0.0002611795072114259
13	14	0.0002611795072114259
17	38	0.0002611795072114259
15	26	0.00026117950721142244
21	37	0.00026117950721142244
13	20	0.00026117950721142244
19	40	0.00026117950721142244
21	28	0.00026117950721141897
20	28	0.00026117950721141897
30	41	0.00026117950721141897
18	26	0.0002611795072114155
16	30	0.0002611795072114155
17	39	0.0002611795072114155
20	37	0.00026117950721141203
9	20	0.00026117950721141203
18	41	0.00026117950721140856
18	25	0.00026117950721140856
20	22	0.00026117950721140856
20	30	0.00026117950721140856
19	37	0.00026117950721140856
37	39	0.00026117950721140856
20	36	0.0002611795072114051
19	34	0.0002611795072114051
19	28	0.0002611795072114051
18	37	0.0002611795072114016
16	32	0.0002611795072114016
14	16	0.00026117950721139815
15	34	0.00026117950721139815
21	25	0.00026117950721139815
13	15	0.00026117950721139815
5	21	0.00026117950721139815
15	37	0.0002611795072113947
18	36	0.0002611795072113947
20	41	0.0002611795072113947
20	29	0.0002611795072113947
21	23	0.0002611795072113912
18	34	0.0002611795072113912
20	32	0.0002611795072113912
13	19	0.0002611795072113912
21	31	0.00026117950721138775
18	30	0.00026117950721138775
19	24	0.00026117950721138775
16	34	0.0002611795072113843
20	24	0.0002611795072113843
16	35	0.0002611795072113843
19	38	0.0002611795072113843
18	40	0.0002611795072113808
17	32	0.0002611795072113808
15	23	0.00026117950721137734
15	31	0.00026117950721137734
15	30	0.00026117950721137734
18	24	0.00026117950721137734
20	33	0.00026117950721137734
16	39	0.00026117950721137387
19	41	0.0002611795072113704
19	36	0.0002611795072113704
18	23	0.00026117950721136693
19	35	0.00026117950721136693
15	41	0.00026117950721136346
19	27	0.00026117950721136346
17	26	0.00026117950721136346
19	33	0.00026117950721136
15	29	0.0002611795072113565
14	17	0.0002611795072113565
15	40	0.0002611795072113565
14	35	0.0002611795072113565
20	23	0.0002611795072113565
13	21	0.00026117950721135305
19	26	0.00026117950721135305
14	19	0.0002611795072113496
19	29	0.0002611795072113496
19	32	0.0002611795072113496
18	22	0.0002611795072113461
14	26	0.0002611795072113461
15	24	0.00026117950721134264
15	36	0.00026117950721134264
20	26	0.00026117950721134264
17	35	0.00026117950721134264
19	30	0.0002611795072113392
18	38	0.0002611795072113357
16	29	0.0002611795072113357
17	28	0.0002611795072113357
20	31	0.00026117950721133223
17	30	0.00026117950721133223
17	22	0.00026117950721132877
13	28	0.00026117950721132877
19	23	0.0002611795072113253
20	34	0.0002611795072113253
16	26	0.0002611795072113253
16	33	0.00026117950721131836
16	24	0.00026117950721131836
15	27	0.0002611795072113149
14	37	0.0002611795072113149
16	28	0.0002611795072113149
17	34	0.0002611795072113149
17	37	0.0002611795072113149
19	22	0.0002611795072113114
19	31	0.00026117950721130795
14	29	0.0002611795072113045
16	37	0.0002611795072113045
14	36	0.000261179507211301
19	25	0.000261179507211301
17	33	0.000261179507211301
16	36	0.00026117950721129407
17	41	0.00026117950721129407
17	31	0.00026117950721129407
14	31	0.0002611795072112906
16	41	0.0002611795072112906
14	28	0.0002611795072112906
14	32	0.00026117950721128713
16	25	0.00026117950721128366
17	27	0.00026117950721128366
14	24	0.0002611795072112802
17	29	0.0002611795072112802
17	24	0.0002611795072112767
14	15	0.0002611795072112698
14	34	0.0002611795072112698
16	23	0.0002611795072112698
14	30	0.0002611795072112698
16	31	0.0002611795072112663
17	36	0.0002611795072112594
14	21	0.0002611795072112559
15	22	0.0002611795072112559
14	18	0.00026117950721125244
14	33	0.00026117950721125244
16	27	0.00026117950721125244
13	39	0.00026117950721124897
14	27	0.0002611795072112455
14	20	0.0002611795072112351
20	40	0.0002611795072112351
17	23	0.00026117950721121774
14	41	0.0002611795072112108
16	22	0.0002611795072112108
13	29	0.00026117950721120733
15	25	0.0002611795072112004
14	22	0.0002611795072112004
17	25	0.0002611795072112004
13	30	0.0002611795072112004
14	23	0.00026117950721119346
21	38	0.00026117950721119346
13	24	0.00026117950721119
12	39	0.00026117950721119
35	40	0.0002611795072111865
13	22	0.0002611795072111796
13	32	0.0002611795072111796
35	38	0.0002611795072111761
14	25	0.00026117950721117264
11	39	0.00026117950721116917
13	26	0.00026117950721116223
28	40	0.00026117950721115876
20	38	0.0002611795072111553
13	37	0.0002611795072111553
12	30	0.0002611795072111518
15	17	0.0002611795072111345
13	34	0.00026117950721112407
15	20	0.0002611795072111206
10	24	0.0002611795072111206
13	36	0.0002611795072111206
13	41	0.00026117950721111713
13	31	0.00026117950721111366
12	33	0.00026117950721111366
13	35	0.0002611795072111102
17	19	0.0002611795072111067
13	25	0.0002611795072111067
32	40	0.0002611795072111067
26	40	0.0002611795072111067
12	34	0.00026117950721110325
26	38	0.0002611795072110963
12	28	0.0002611795072110963
13	23	0.00026117950721109284
10	26	0.00026117950721109284
9	24	0.00026117950721109284
17	18	0.0002611795072110894
12	32	0.0002611795072110894
39	40	0.0002611795072110894
24	40	0.0002611795072110859
15	19	0.00026117950721108243
10	36	0.00026117950721108243
13	33	0.00026117950721108243
12	35	0.00026117950721108243
12	26	0.00026117950721108243
30	38	0.00026117950721107897
30	40	0.00026117950721107897
15	16	0.0002611795072110755
12	27	0.0002611795072110755
21	40	0.000261179507211072
10	28	0.000261179507211072
32	38	0.000261179507211072
28	38	0.000261179507211072
6	39	0.000261179507211072
16	17	0.00026117950721106856
13	27	0.0002611795072110651
11	26	0.0002611795072110651
19	21	0.0002611795072110616
10	37	0.0002611795072110616
24	38	0.0002611795072110616
10	32	0.00026117950721105815
34	38	0.00026117950721105815
5	32	0.00026117950721105815
17	20	0.0002611795072110547
12	37	0.0002611795072110547
7	26	0.0002611795072110547
5	39	0.0002611795072110547
11	32	0.0002611795072110547
12	29	0.0002611795072110512
7	27	0.0002611795072110512
33	38	0.00026117950721104774
8	39	0.00026117950721104774
5	26	0.00026117950721104774
22	38	0.00026117950721104427
36	38	0.00026117950721104427
12	24	0.00026117950721104427
7	39	0.00026117950721104427
38	40	0.0002611795072110408
8	35	0.0002611795072110408
33	40	0.00026117950721103733
37	38	0.00026117950721103733
9	27	0.00026117950721103733
10	31	0.00026117950721103386
10	30	0.00026117950721103386
6	25	0.00026117950721103386
7	32	0.00026117950721103386
12	36	0.0002611795072110304
27	40	0.0002611795072110304
7	35	0.0002611795072110304
10	33	0.0002611795072110269
22	40	0.0002611795072110269
37	40	0.00026117950721102345
7	37	0.00026117950721102345
7	30	0.00026117950721102345
8	29	0.00026117950721102345
12	22	0.00026117950721102
31	40	0.00026117950721102
29	38	0.00026117950721102
8	33	0.00026117950721102
6	30	0.00026117950721102
7	34	0.0002611795072110165
9	39	0.0002611795072110165
5	29	0.0002611795072110165
5	28	0.0002611795072110165
11	28	0.0002611795072110165
16	18	0.00026117950721101305
10	22	0.00026117950721101305
10	39	0.00026117950721101305
7	33	0.00026117950721101305
9	34	0.00026117950721101305
8	36	0.00026117950721101305
19	20	0.0002611795072110096
12	23	0.0002611795072110096
9	22	0.0002611795072110061
6	31	0.0002611795072110061
6	36	0.0002611795072110061
5	37	0.0002611795072110061
15	21	0.00026117950721100264
7	25	0.00026117950721100264
6	24	0.00026117950721100264
8	37	0.00026117950721100264
9	35	0.00026117950721100264
11	31	0.00026117950721100264
11	29	0.00026117950721100264
25	38	0.0002611795072109957
12	31	0.0002611795072109957
8	23	0.0002611795072109957
29	40	0.0002611795072109957
5	34	0.0002611795072109957
23	40	0.00026117950721099223
10	27	0.00026117950721099223
9	30	0.00026117950721099223
11	24	0.00026117950721099223
10	25	0.00026117950721098876
7	41	0.00026117950721098876
10	35	0.00026117950721098876
27	38	0.00026117950721098876
7	24	0.00026117950721098876
6	27	0.00026117950721098876
5	36	0.00026117950721098876
9	26	0.00026117950721098876
12	25	0.0002611795072109853
8	34	0.0002611795072109853
16	19	0.0002611795072109818
31	38	0.0002611795072109818
5	41	0.0002611795072109818
8	24	0.0002611795072109818
9	29	0.0002611795072109818
11	30	0.0002611795072109818
34	40	0.00026117950721097835
36	40	0.00026117950721097835
8	32	0.00026117950721097835
8	41	0.0002611795072109749
7	36	0.0002611795072109749
9	31	0.0002611795072109749
8	28	0.0002611795072109749
8	26	0.0002611795072109749
11	35	0.0002611795072109749
10	23	0.0002611795072109714
10	34	0.0002611795072109714
9	32	0.00026117950721096794
8	30	0.00026117950721096794
6	28	0.00026117950721096794
9	28	0.00026117950721096794
11	23	0.00026117950721096794
5	27	0.00026117950721096794
20	21	0.0002611795072109645
10	29	0.0002611795072109645
7	28	0.0002611795072109645
15	18	0.000261179507210961
16	21	0.000261179507210961
7	23	0.000261179507210961
6	32	0.000261179507210961
25	40	0.00026117950721095753
6	33	0.00026117950721095753
5	25	0.00026117950721095753
9	36	0.00026117950721095753
6	23	0.00026117950721095406
17	21	0.0002611795072109506
9	23	0.0002611795072109506
6	26	0.0002611795072109506
11	37	0.0002611795072109506
10	41	0.0002611795072109471
12	41	0.0002611795072109471
8	22	0.0002611795072109471
8	25	0.0002611795072109471
11	27	0.0002611795072109471
6	34	0.00026117950721094366
6	35	0.00026117950721094366
9	37	0.0002611795072109402
5	31	0.0002611795072109402
11	36	0.0002611795072109402
23	38	0.0002611795072109367
9	33	0.0002611795072109367
6	29	0.0002611795072109367
16	20	0.00026117950721093325
7	29	0.0002611795072109298
5	35	0.0002611795072109263
18	19	0.00026117950721092284
9	41	0.00026117950721092284
6	37	0.00026117950721092284
5	33	0.00026117950721091937
5	24	0.00026117950721091937
8	31	0.0002611795072109159
8	27	0.0002611795072109159
11	41	0.0002611795072109159
11	34	0.00026117950721090896
5	22	0.0002611795072109055
9	25	0.000261179507210902
7	31	0.00026117950721089855
11	33	0.00026117950721089855
11	25	0.0002611795072108951
7	22	0.0002611795072108916
11	22	0.0002611795072108916
6	41	0.00026117950721088815
5	30	0.0002611795072108812
6	22	0.00026117950721086733
5	23	0.00026117950721086386
18	21	0.0002611795072108257
18	20	0.0002611795072107563
35	39	0.00026117950721033997
1	10	-0.00045721008973831877
1	16	-0.00045721008973839184
1	14	-0.00045721008973840605
1	40	-0.00045721008973842047
1	15	-0.00045721008973842534
1	12	-0.00045721008973842556
1	38	-0.0004572100897384297
1	19	-0.00045721008973844356
1	20	-0.0004572100897384444
1	21	-0.0004572100897384468
1	18	-0.00045721008973846633
1	13	-0.0004572100897384698
1	17	-0.0004572100897384826
1	11	-0.0004572100897384902
1	7	-0.00045721008973849517
1	9	-0.0004572100897385048
1	28	-0.0004572100897385203
1	5	-0.000457210089738529
1	8	-0.0004572100897385408
1	31	-0.00045721008973855827
1	35	-0.00045721008973856325
1	36	-0.00045721008973858114
1	6	-0.0004572100897385844
1	27	-0.000457210089738609
1	33	-0.00045721008973861074
1	30	-0.000457210089738623
1	29	-0.0004572100897386256
1	34	-0.0004572100897386258
1	41	-0.00045721008973864945
1	22	-0.0004572100897386615
1	23	-0.00045721008973867016
1	24	-0.0004572100897386756
1	32	-0.0004572100897386757
1	25	-0.0004572100897386851
1	39	-0.00045721008973869206
1	37	-0.0004572100897386992
1	26	-0.0004572100897387366
4	17	-0.0019435136412383686
4	26	-0.0019435136412384152
4	25	-0.0019435136412384196
4	23	-0.0019435136412384209
2	27	-0.0019435136412384306
2	24	-0.0019435136412384317
4	24	-0.0019435136412384365
4	22	-0.0019435136412384397
4	27	-0.0019435136412384406
4	36	-0.0019435136412384452
4	39	-0.00194351364123845
4	32	-0.0019435136412384623
4	37	-0.001943513641238463
4	34	-0.0019435136412384642
2	33	-0.0019435136412384653
2	22	-0.001943513641238466
2	26	-0.001943513641238469
2	28	-0.0019435136412384692
2	30	-0.0019435136412384738
4	29	-0.0019435136412384766
4	13	-0.001943513641238478
2	39	-0.0019435136412384794
2	38	-0.0019435136412384838
2	12	-0.0019435136412384842
4	12	-0.0019435136412384844
2	35	-0.0019435136412384877
4	35	-0.001943513641238489
2	41	-0.001943513641238491
4	33	-0.0019435136412384914
4	8	-0.0019435136412384914
2	18	-0.0019435136412384953
4	31	-0.0019435136412384961
4	9	-0.0019435136412384972
4	28	-0.0019435136412385022
2	32	-0.0019435136412385024
2	21	-0.0019435136412385026
2	37	-0.001943513641238503
4	15	-0.001943513641238504
2	6	-0.001943513641238507
2	29	-0.00194351364123852
2	34	-0.0019435136412385208
2	14	-0.0019435136412385217
2	16	-0.001943513641238531
2	20	-0.0019435136412385323
4	41	-0.0019435136412385334
4	14	-0.0019435136412385365
2	23	-0.001943513641238537
4	16	-0.001943513641238538
2	15	-0.0019435136412385393
2	19	-0.0019435136412385397
4	6	-0.00194351364123854
2	25	-0.0019435136412385466
2	11	-0.001943513641238552
2	7	-0.0019435136412385523
4	10	-0.0019435136412385553
4	30	-0.0019435136412385588
2	9	-0.00194351364123856
4	19	-0.0019435136412385623
2	13	-0.0019435136412385657
4	21	-0.0019435136412385685
2	8	-0.0019435136412385764
2	17	-0.0019435136412385861
2	40	-0.0019435136412385937
2	36	-0.0019435136412386121
2	31	-0.0019435136412386137
4	38	-0.0019435136412386184
4	5	-0.0019435136412386232
2	5	-0.0019435136412386332
4	18	-0.0019435136412386373
2	10	-0.001943513641238649
4	40	-0.001943513641238661
4	20	-0.0019435136412386648
4	7	-0.001943513641238665
4	11	-0.0019435136412386876
3	40	-0.0032972981969402486
3	38	-0.003297298196940277
3	12	-0.0032972981969402867
3	20	-0.0032972981969402893
3	16	-0.003297298196940357
3	17	-0.0032972981969403656
3	13	-0.0032972981969403717
3	15	-0.003297298196940375
3	18	-0.003297298196940376
3	5	-0.003297298196940378
3	14	-0.0032972981969403856
3	19	-0.0032972981969403878
3	9	-0.0032972981969404003
3	8	-0.00329729819694041
3	21	-0.0032972981969404116
3	11	-0.0032972981969404303
3	6	-0.0032972981969404394
3	7	-0.0032972981969404775
3	34	-0.003297298196940486
3	41	-0.003297298196940487
3	36	-0.0032972981969404923
3	31	-0.0032972981969404966
3	25	-0.0032972981969404997
3	33	-0.0032972981969405083
3	32	-0.0032972981969405183
3	24	-0.003297298196940523
3	35	-0.003297298196940523
3	27	-0.0032972981969405257
3	29	-0.0032972981969405274
3	37	-0.003297298196940534
3	30	-0.003297298196940544
3	39	-0.003297298196940545
3	22	-0.0032972981969405482
3	23	-0.003297298196940552
3	10	-0.0032972981969405625
3	26	-0.0032972981969406076
3	28	-0.003297298196940631
