#====================================================================================================
# This result is computed using mean-field DCA
# The first and second columns are site pairs. The third column represents interaction score
#====================================================================================================
5	45	0.2926805660316604
9	41	0.28875952826700785
6	44	0.2261997163414941
3	47	0.15701574128067983
4	46	0.13722580702722095
7	43	0.09715202080716807
8	42	0.08460301666787687
7	8	0.06725186526710322
41	47	0.044596882677086586
41	43	0.04249544457838271
6	42	0.042148732424921044
4	43	0.040449756892619315
6	7	0.039780131920747225
42	43	0.03968230695077837
7	46	0.03586924255618448
8	43	0.034448931014171985
9	47	0.03163452880532402
5	8	0.030969579127797763
5	7	0.030105363570526025
6	47	0.029505418505427553
43	44	0.029331176341611368
5	43	0.026906277182671655
4	9	0.026876512526728236
7	44	0.0248862212950129
4	44	0.023857758970229292
4	6	0.02378048136596847
5	47	0.023266101490958226
8	45	0.02274998866834615
7	9	0.02098100940944063
3	8	0.020926808240442917
41	42	0.020875649428372733
6	45	0.02064597954934539
4	7	0.01894951860751274
42	44	0.01858250564478619
6	8	0.017327836096783195
4	45	0.017320526254898456
42	46	0.016963610773253465
45	46	0.016634069459604158
5	46	0.016447115104877327
4	8	0.0158435000801522
4	42	0.015752014666851073
3	41	0.015409043286792821
41	46	0.015381903656783947
4	5	0.015182140089014978
5	9	0.014490953788170882
3	42	0.014168103819295109
43	46	0.013616009719390244
7	47	0.013521711693380907
44	45	0.01330932732421102
44	46	0.013224117986801008
6	43	0.013117277235733407
3	43	0.01258875051986625
44	47	0.012506060981644238
8	46	0.01244771123930392
6	9	0.012124412929776857
3	4	0.011853331950707119
3	6	0.010903785033140202
5	42	0.01077032523185869
43	45	0.01052578186969133
9	45	0.010327446784265745
2	49	0.010325805590420813
2	48	0.010325805590420706
1	48	0.010325805590420668
1	49	0.010325805590420633
48	49	0.010325805590420557
1	2	0.010325805590420454
1	10	0.010325805590420213
2	10	0.010325805590420057
10	49	0.0103258055904197
10	48	0.010325805590419611
6	46	0.010117772349269626
9	43	0.009907593442890744
9	46	0.009093771065855781
4	41	0.008815838102477512
5	6	0.00870823407895465
6	41	0.008689270532471214
3	46	0.008502888668177666
7	45	0.008124496728870787
5	44	0.007291230707714395
7	42	0.007048119442145162
46	47	0.006824984019569005
11	13	0.006597704509583902
12	13	0.006597704509583829
18	24	0.006597704509583781
13	18	0.006597704509583781
13	15	0.006597704509583781
11	12	0.006597704509583774
15	17	0.00659770450958377
14	15	0.00659770450958376
15	18	0.006597704509583746
14	17	0.006597704509583739
14	18	0.006597704509583736
16	19	0.006597704509583732
14	19	0.006597704509583729
11	15	0.006597704509583729
13	24	0.006597704509583722
12	17	0.006597704509583722
12	15	0.006597704509583722
14	20	0.006597704509583711
17	18	0.006597704509583711
13	25	0.006597704509583708
14	23	0.006597704509583708
17	24	0.0065977045095837045
11	17	0.0065977045095837045
11	16	0.006597704509583701
32	35	0.0065977045095836975
11	18	0.0065977045095836975
12	21	0.006597704509583691
15	24	0.006597704509583691
35	37	0.006597704509583687
13	16	0.00659770450958368
15	23	0.006597704509583677
14	16	0.006597704509583677
26	33	0.006597704509583666
16	23	0.006597704509583666
31	40	0.006597704509583663
16	18	0.006597704509583663
29	37	0.006597704509583659
30	37	0.006597704509583659
27	33	0.006597704509583659
18	19	0.006597704509583659
32	40	0.006597704509583656
12	25	0.006597704509583652
28	34	0.006597704509583652
28	30	0.006597704509583652
28	31	0.006597704509583652
27	34	0.006597704509583649
37	40	0.006597704509583649
32	39	0.0065977045095836455
34	35	0.006597704509583642
35	40	0.006597704509583642
17	23	0.006597704509583642
29	36	0.0065977045095836385
29	38	0.0065977045095836385
15	21	0.0065977045095836385
27	30	0.0065977045095836385
29	40	0.0065977045095836385
35	39	0.006597704509583635
26	37	0.006597704509583635
15	19	0.006597704509583635
12	22	0.006597704509583632
17	22	0.006597704509583632
32	34	0.006597704509583632
12	16	0.006597704509583628
11	19	0.006597704509583628
32	36	0.006597704509583625
35	38	0.006597704509583625
33	40	0.006597704509583625
13	19	0.006597704509583625
33	36	0.006597704509583618
39	40	0.006597704509583618
27	28	0.006597704509583618
15	16	0.006597704509583618
30	31	0.006597704509583614
31	38	0.006597704509583614
33	34	0.006597704509583614
36	39	0.006597704509583614
11	14	0.006597704509583614
16	17	0.006597704509583614
16	21	0.006597704509583611
18	20	0.006597704509583611
12	14	0.006597704509583611
13	17	0.006597704509583611
18	21	0.006597704509583607
31	37	0.006597704509583607
37	39	0.006597704509583607
26	30	0.006597704509583607
17	20	0.006597704509583607
29	32	0.006597704509583604
31	36	0.006597704509583604
11	23	0.006597704509583604
12	18	0.006597704509583604
16	22	0.0065977045095836
30	34	0.0065977045095836
26	31	0.0065977045095836
32	33	0.006597704509583597
27	40	0.006597704509583597
19	23	0.006597704509583597
13	21	0.0065977045095835934
30	33	0.0065977045095835934
16	20	0.0065977045095835934
16	24	0.0065977045095835934
11	21	0.0065977045095835865
31	32	0.0065977045095835865
30	39	0.0065977045095835865
13	14	0.0065977045095835865
15	22	0.006597704509583583
27	29	0.006597704509583583
14	25	0.006597704509583583
27	39	0.006597704509583583
27	37	0.006597704509583583
12	23	0.006597704509583583
28	36	0.006597704509583583
34	38	0.00659770450958358
29	31	0.00659770450958358
29	30	0.006597704509583576
32	38	0.006597704509583576
29	35	0.006597704509583576
30	35	0.006597704509583576
28	39	0.006597704509583576
11	24	0.006597704509583576
18	22	0.006597704509583573
11	25	0.006597704509583573
32	37	0.006597704509583573
30	40	0.006597704509583573
33	38	0.006597704509583573
11	20	0.006597704509583573
12	24	0.006597704509583573
29	34	0.006597704509583569
14	21	0.006597704509583569
27	35	0.006597704509583569
31	39	0.006597704509583566
27	36	0.006597704509583566
27	38	0.006597704509583566
26	32	0.006597704509583566
18	23	0.006597704509583566
13	22	0.006597704509583562
33	35	0.006597704509583562
17	21	0.006597704509583559
29	39	0.006597704509583559
33	39	0.006597704509583559
27	31	0.006597704509583555
13	23	0.006597704509583555
31	34	0.006597704509583552
29	33	0.006597704509583552
15	20	0.006597704509583552
34	37	0.006597704509583548
15	25	0.006597704509583548
25	32	0.006597704509583545
34	36	0.006597704509583545
38	39	0.006597704509583545
26	36	0.006597704509583545
33	37	0.006597704509583545
17	19	0.006597704509583545
31	35	0.006597704509583541
22	40	0.006597704509583538
26	39	0.0065977045095835345
19	24	0.0065977045095835345
22	33	0.006597704509583531
13	20	0.006597704509583531
38	40	0.006597704509583531
14	24	0.006597704509583531
22	29	0.0065977045095835275
35	36	0.0065977045095835275
28	38	0.0065977045095835275
30	32	0.006597704509583524
26	38	0.006597704509583524
28	37	0.006597704509583524
28	33	0.006597704509583524
28	40	0.006597704509583524
27	32	0.006597704509583521
30	38	0.006597704509583521
28	29	0.006597704509583521
28	32	0.006597704509583521
26	27	0.006597704509583517
22	27	0.006597704509583514
26	34	0.006597704509583514
28	35	0.006597704509583514
21	29	0.00659770450958351
25	37	0.006597704509583507
21	33	0.006597704509583503
12	20	0.006597704509583503
34	39	0.006597704509583503
31	33	0.006597704509583503
26	35	0.006597704509583503
26	40	0.006597704509583503
22	39	0.0065977045095835
19	25	0.0065977045095835
12	19	0.0065977045095835
30	36	0.006597704509583496
16	25	0.006597704509583496
18	25	0.006597704509583493
37	38	0.006597704509583493
22	36	0.006597704509583489
21	35	0.006597704509583489
22	26	0.006597704509583489
14	22	0.006597704509583486
26	29	0.006597704509583486
26	28	0.006597704509583486
19	21	0.006597704509583479
20	40	0.006597704509583479
36	40	0.006597704509583479
25	35	0.0065977045095834755
25	33	0.0065977045095834755
11	22	0.0065977045095834755
22	34	0.006597704509583472
22	31	0.006597704509583472
22	38	0.006597704509583472
25	40	0.006597704509583472
22	30	0.006597704509583465
25	39	0.006597704509583465
22	28	0.006597704509583465
20	36	0.006597704509583465
21	32	0.006597704509583462
36	37	0.006597704509583462
21	27	0.006597704509583458
25	36	0.006597704509583458
25	26	0.006597704509583458
19	20	0.006597704509583458
25	30	0.006597704509583455
25	27	0.006597704509583455
22	35	0.006597704509583448
25	34	0.006597704509583444
25	28	0.006597704509583444
20	28	0.006597704509583444
21	40	0.006597704509583441
21	30	0.006597704509583437
21	31	0.006597704509583437
25	38	0.006597704509583437
22	32	0.006597704509583434
20	31	0.00659770450958343
36	38	0.00659770450958343
17	25	0.00659770450958343
25	29	0.006597704509583427
23	35	0.0065977045095834234
21	26	0.00659770450958342
19	22	0.0065977045095834165
22	37	0.006597704509583413
24	40	0.006597704509583413
24	39	0.0065977045095834096
20	32	0.006597704509583406
20	30	0.006597704509583406
21	34	0.006597704509583403
25	31	0.006597704509583396
21	28	0.006597704509583396
24	37	0.006597704509583396
21	37	0.006597704509583392
24	33	0.006597704509583392
24	28	0.006597704509583389
24	36	0.006597704509583385
20	27	0.006597704509583382
20	37	0.006597704509583382
20	26	0.006597704509583382
20	38	0.006597704509583378
23	27	0.006597704509583378
24	38	0.006597704509583378
23	39	0.006597704509583375
24	32	0.006597704509583375
23	40	0.006597704509583375
24	35	0.006597704509583371
20	39	0.006597704509583368
23	33	0.006597704509583368
21	36	0.0065977045095833645
20	33	0.0065977045095833645
24	34	0.0065977045095833645
21	39	0.006597704509583361
23	36	0.006597704509583361
23	31	0.006597704509583354
23	38	0.006597704509583354
24	31	0.006597704509583354
21	38	0.006597704509583351
23	32	0.006597704509583351
23	28	0.006597704509583351
20	29	0.006597704509583344
24	27	0.006597704509583344
23	34	0.00659770450958334
23	26	0.006597704509583337
23	37	0.006597704509583323
24	29	0.006597704509583323
23	24	0.006597704509583319
20	34	0.006597704509583316
23	30	0.006597704509583316
24	26	0.006597704509583312
23	29	0.006597704509583309
20	35	0.006597704509583292
20	24	0.006597704509583288
24	30	0.006597704509583274
19	33	0.006597704509583271
19	26	0.006597704509583271
19	28	0.006597704509583271
34	40	0.006597704509583257
18	30	0.006597704509583257
20	23	0.0065977045095832534
19	32	0.0065977045095832534
19	38	0.0065977045095832534
23	25	0.006597704509583243
19	27	0.006597704509583243
19	40	0.0065977045095832396
18	37	0.0065977045095832396
19	36	0.006597704509583236
19	35	0.006597704509583236
17	26	0.006597704509583236
17	33	0.006597704509583236
14	40	0.006597704509583236
19	30	0.006597704509583233
17	29	0.006597704509583233
17	36	0.006597704509583233
16	40	0.006597704509583229
16	28	0.006597704509583229
19	34	0.006597704509583226
19	31	0.006597704509583226
16	36	0.006597704509583226
20	22	0.006597704509583222
24	25	0.006597704509583219
17	37	0.006597704509583219
16	39	0.006597704509583215
19	29	0.006597704509583212
17	27	0.006597704509583212
15	28	0.006597704509583208
16	26	0.006597704509583205
19	39	0.006597704509583201
18	31	0.006597704509583201
18	38	0.006597704509583201
16	38	0.006597704509583201
16	35	0.006597704509583201
11	36	0.006597704509583198
18	39	0.006597704509583198
16	30	0.006597704509583198
16	31	0.006597704509583198
16	29	0.0065977045095831945
16	27	0.0065977045095831945
16	37	0.0065977045095831945
17	40	0.0065977045095831945
16	32	0.006597704509583191
16	33	0.006597704509583191
18	26	0.006597704509583191
17	38	0.0065977045095831875
14	36	0.0065977045095831875
14	26	0.0065977045095831875
17	30	0.006597704509583184
18	28	0.006597704509583184
19	37	0.006597704509583181
18	36	0.006597704509583181
14	29	0.006597704509583181
18	35	0.006597704509583181
17	31	0.006597704509583177
18	34	0.006597704509583174
14	37	0.006597704509583174
11	38	0.006597704509583167
17	39	0.006597704509583167
14	35	0.006597704509583167
18	40	0.006597704509583167
11	39	0.006597704509583163
16	34	0.00659770450958316
13	40	0.00659770450958316
17	28	0.00659770450958316
15	26	0.00659770450958316
20	21	0.006597704509583156
11	35	0.006597704509583156
11	26	0.006597704509583156
14	39	0.006597704509583153
20	25	0.006597704509583146
12	37	0.006597704509583146
12	36	0.006597704509583142
11	29	0.006597704509583142
15	37	0.006597704509583142
17	34	0.006597704509583139
11	32	0.0065977045095831355
13	31	0.0065977045095831355
14	34	0.0065977045095831355
17	32	0.0065977045095831355
17	35	0.0065977045095831355
14	27	0.0065977045095831355
14	33	0.0065977045095831355
18	29	0.006597704509583132
18	27	0.006597704509583132
11	40	0.006597704509583132
13	28	0.006597704509583132
15	40	0.006597704509583132
18	33	0.0065977045095831285
13	26	0.006597704509583125
14	30	0.006597704509583125
15	30	0.006597704509583125
13	38	0.006597704509583122
18	32	0.006597704509583118
12	28	0.006597704509583118
14	28	0.006597704509583118
13	29	0.006597704509583115
13	36	0.006597704509583115
15	34	0.006597704509583115
12	27	0.006597704509583111
13	32	0.006597704509583111
14	32	0.006597704509583111
12	33	0.006597704509583108
11	27	0.006597704509583108
14	38	0.006597704509583108
12	31	0.006597704509583104
12	40	0.006597704509583104
12	26	0.006597704509583101
13	37	0.006597704509583101
14	31	0.006597704509583101
13	30	0.006597704509583097
15	29	0.006597704509583097
15	27	0.006597704509583097
21	22	0.006597704509583094
12	38	0.006597704509583094
12	39	0.00659770450958309
13	27	0.00659770450958309
11	33	0.00659770450958309
15	31	0.00659770450958309
15	38	0.00659770450958309
12	30	0.006597704509583087
13	35	0.006597704509583087
21	24	0.0065977045095830834
15	32	0.0065977045095830834
15	33	0.0065977045095830834
12	29	0.00659770450958308
12	35	0.00659770450958308
11	34	0.00659770450958308
11	37	0.00659770450958308
12	34	0.0065977045095830765
11	30	0.006597704509583073
13	33	0.0065977045095830696
22	23	0.006597704509583066
13	39	0.006597704509583066
11	31	0.006597704509583066
11	28	0.006597704509583066
15	36	0.006597704509583063
15	39	0.006597704509583063
21	25	0.006597704509583059
21	23	0.006597704509583056
22	24	0.006597704509583045
12	32	0.006597704509583045
13	34	0.0065977045095830245
15	35	0.0065977045095830245
22	25	0.006597704509582993
7	41	0.006262582009057004
42	45	0.005674395455053806
8	9	0.005614942384402605
3	9	0.004866923343625264
45	47	0.0047739902330479495
9	44	0.0038664032746987664
8	44	0.0036293595776305193
8	41	0.0036100043095334076
2	3	0.0026330559555404875
1	3	0.0026330559555404116
3	10	0.0026330559555401275
3	48	0.002633055955540039
3	49	0.002633055955539993
1	8	0.002629838060758573
2	8	0.002629838060758524
8	10	0.0026298380607584528
8	48	0.002629838060758325
8	49	0.002629838060758306
1	47	0.0026090938062114204
2	47	0.002609093806211418
10	47	0.0026090938062114134
47	49	0.00260909380621135
47	48	0.0026090938062113267
10	41	0.0023628030021972937
41	49	0.0023628030021972347
41	48	0.002362803002197194
2	41	0.0023628030021970274
1	41	0.0023628030021969606
3	7	0.0018962391812573478
10	42	0.0018493408845945
42	49	0.0018493408845942927
1	42	0.001849340884594259
42	48	0.0018493408845941957
2	42	0.0018493408845940073
3	45	0.0014683871443988044
10	43	0.001396119234329469
43	48	0.0013961192343291862
43	49	0.0013961192343291094
2	43	0.001396119234329083
1	43	0.0013961192343290034
2	45	0.0013844206182286045
10	45	0.0013844206182284076
1	45	0.0013844206182283946
45	49	0.0013844206182280008
45	48	0.0013844206182279963
9	10	0.001269818051169924
9	49	0.0012698180511697015
2	9	0.0012698180511696066
9	48	0.0012698180511695936
1	9	0.001269818051169578
5	10	0.0011178333824489871
1	5	0.0011178333824489455
2	5	0.001117833382448781
5	48	0.001117833382448571
5	49	0.0011178333824485229
1	46	0.0009601955683223686
46	48	0.000960195568322366
10	46	0.0009601955683221368
46	49	0.0009601955683220221
2	46	0.0009601955683219758
41	45	0.0009305667878165662
2	7	0.0009120210707561316
1	7	0.0009120210707561174
7	10	0.0009120210707560827
7	48	0.0009120210707560501
7	49	0.0009120210707560231
4	10	0.0009033561758854398
4	49	0.0009033561758852366
4	48	0.0009033561758851228
2	4	0.0009033561758850302
1	4	0.0009033561758850269
10	44	0.0008776321982174433
2	44	0.0008776321982172851
44	48	0.0008776321982171892
1	44	0.000877632198217159
44	49	0.0008776321982170267
6	10	0.0008198712068188765
6	49	0.0008198712068186643
6	48	0.0008198712068186555
1	6	0.000819871206818614
2	6	0.0008198712068183935
3	5	-0.0007754844954720105
3	44	-0.0008005277612646942
4	47	-0.0011461785307606961
41	44	-0.0014236821592876515
9	42	-0.0017232917672874541
10	12	-0.00211958120869281
36	49	-0.0021195812086929515
10	23	-0.002119581208692978
10	21	-0.0021195812086929923
2	12	-0.002119581208693009
2	25	-0.0021195812086930214
10	13	-0.0021195812086930504
2	22	-0.0021195812086930808
38	49	-0.0021195812086930834
32	49	-0.002119581208693084
2	20	-0.002119581208693086
2	11	-0.0021195812086930994
19	49	-0.0021195812086931016
10	25	-0.0021195812086931146
34	48	-0.002119581208693117
19	48	-0.0021195812086931293
34	49	-0.0021195812086931545
1	12	-0.0021195812086931545
11	49	-0.002119581208693167
20	48	-0.0021195812086931822
2	21	-0.0021195812086931866
2	13	-0.002119581208693187
17	48	-0.0021195812086932356
2	23	-0.002119581208693241
14	49	-0.002119581208693244
10	22	-0.002119581208693247
24	48	-0.0021195812086932534
10	11	-0.0021195812086932603
1	15	-0.002119581208693268
28	49	-0.00211958120869327
33	48	-0.0021195812086932785
16	48	-0.0021195812086932794
38	48	-0.00211958120869328
1	25	-0.0021195812086932816
11	48	-0.0021195812086932824
26	48	-0.002119581208693283
1	38	-0.0021195812086932855
1	23	-0.002119581208693287
10	30	-0.0021195812086932902
1	40	-0.002119581208693292
26	49	-0.0021195812086932924
12	48	-0.0021195812086932924
16	49	-0.002119581208693297
21	48	-0.002119581208693302
1	21	-0.0021195812086933037
1	11	-0.0021195812086933054
10	24	-0.0021195812086933054
35	48	-0.0021195812086933067
23	48	-0.00211958120869331
12	49	-0.0021195812086933132
24	49	-0.002119581208693315
1	13	-0.0021195812086933163
14	48	-0.0021195812086933167
1	14	-0.002119581208693317
1	16	-0.0021195812086933176
40	49	-0.0021195812086933228
10	31	-0.0021195812086933254
22	48	-0.0021195812086933262
36	48	-0.002119581208693328
10	14	-0.002119581208693328
25	48	-0.0021195812086933314
40	48	-0.0021195812086933323
21	49	-0.0021195812086933336
10	27	-0.002119581208693334
10	29	-0.002119581208693334
37	49	-0.002119581208693335
37	48	-0.00211958120869334
27	49	-0.0021195812086933427
39	49	-0.0021195812086933444
1	29	-0.0021195812086933444
1	30	-0.0021195812086933444
25	49	-0.002119581208693346
1	22	-0.0021195812086933496
31	49	-0.0021195812086933505
20	49	-0.0021195812086933536
30	48	-0.0021195812086933557
13	48	-0.0021195812086933557
1	28	-0.002119581208693356
10	26	-0.0021195812086933596
15	48	-0.00211958120869336
10	28	-0.0021195812086933605
17	49	-0.0021195812086933666
2	14	-0.0021195812086933713
2	27	-0.0021195812086933718
31	48	-0.002119581208693372
2	29	-0.002119581208693372
18	49	-0.0021195812086933726
18	48	-0.0021195812086933726
1	19	-0.0021195812086933735
28	48	-0.0021195812086933783
1	33	-0.0021195812086933783
1	17	-0.0021195812086933813
1	32	-0.002119581208693386
39	48	-0.0021195812086933887
32	48	-0.0021195812086933895
1	26	-0.0021195812086933895
15	49	-0.0021195812086933948
2	34	-0.002119581208693396
23	49	-0.0021195812086933987
2	37	-0.0021195812086934
2	35	-0.002119581208693401
2	28	-0.002119581208693401
10	33	-0.002119581208693401
10	32	-0.0021195812086934017
2	33	-0.0021195812086934056
2	32	-0.002119581208693406
2	30	-0.002119581208693406
2	31	-0.0021195812086934065
1	39	-0.002119581208693408
10	15	-0.00211958120869341
2	24	-0.0021195812086934134
35	49	-0.002119581208693414
10	19	-0.0021195812086934147
2	26	-0.0021195812086934186
1	37	-0.0021195812086934203
29	49	-0.0021195812086934307
2	39	-0.0021195812086934334
1	27	-0.0021195812086934342
1	31	-0.0021195812086934364
1	35	-0.0021195812086934364
10	16	-0.0021195812086934373
27	48	-0.0021195812086934377
13	49	-0.002119581208693439
2	38	-0.00211958120869344
1	24	-0.0021195812086934407
10	17	-0.0021195812086934407
1	36	-0.0021195812086934416
22	49	-0.0021195812086934425
2	19	-0.0021195812086934433
1	20	-0.002119581208693445
10	39	-0.0021195812086934485
2	40	-0.00211958120869345
1	18	-0.0021195812086934507
29	48	-0.0021195812086934624
33	49	-0.002119581208693463
2	36	-0.002119581208693464
10	18	-0.002119581208693465
30	49	-0.0021195812086934693
1	34	-0.002119581208693475
10	38	-0.0021195812086934785
2	17	-0.002119581208693485
10	37	-0.002119581208693485
10	34	-0.0021195812086934854
2	15	-0.002119581208693492
10	35	-0.002119581208693497
10	20	-0.0021195812086934975
10	40	-0.0021195812086935105
2	16	-0.0021195812086935153
10	36	-0.0021195812086935283
2	18	-0.002119581208693579
42	47	-0.003192075045604801
43	47	-0.0036167644496567512
8	47	-0.0036618939086812434
5	41	-0.004095649436376669
3	28	-0.009139369358683029
3	38	-0.009139369358683046
3	40	-0.00913936935868305
3	26	-0.009139369358683053
3	37	-0.009139369358683069
3	33	-0.00913936935868307
3	32	-0.009139369358683081
3	27	-0.009139369358683081
3	39	-0.009139369358683083
3	29	-0.009139369358683085
3	34	-0.009139369358683086
3	35	-0.009139369358683086
3	30	-0.009139369358683088
3	31	-0.009139369358683088
3	36	-0.009139369358683098
3	24	-0.009139369358683109
3	22	-0.009139369358683126
3	15	-0.009139369358683133
3	20	-0.00913936935868314
3	16	-0.00913936935868316
3	18	-0.009139369358683192
3	13	-0.0091393693586832
3	11	-0.0091393693586832
3	21	-0.009139369358683208
3	14	-0.00913936935868321
3	19	-0.009139369358683213
3	17	-0.009139369358683215
3	23	-0.009139369358683251
3	25	-0.009139369358683255
3	12	-0.009139369358683288
24	42	-0.009447128089461028
35	42	-0.009447128089461037
40	42	-0.009447128089461047
27	42	-0.009447128089461049
36	42	-0.009447128089461066
33	42	-0.009447128089461087
32	42	-0.009447128089461097
31	42	-0.0094471280894611
29	42	-0.00944712808946111
30	42	-0.009447128089461111
11	42	-0.009447128089461132
22	42	-0.009447128089461134
38	42	-0.009447128089461142
28	42	-0.009447128089461151
37	42	-0.009447128089461155
26	42	-0.009447128089461155
39	42	-0.00944712808946116
34	42	-0.009447128089461167
25	42	-0.009447128089461217
18	42	-0.009447128089461222
20	42	-0.009447128089461231
13	42	-0.009447128089461252
14	42	-0.00944712808946126
23	42	-0.009447128089461267
21	42	-0.009447128089461276
12	42	-0.00944712808946128
15	42	-0.009447128089461285
19	42	-0.009447128089461373
16	42	-0.009447128089461378
17	42	-0.009447128089461406
38	46	-0.010654083842213915
26	46	-0.010654083842213932
12	46	-0.010654083842213937
20	46	-0.010654083842213958
36	46	-0.01065408384221397
15	46	-0.010654083842213976
17	46	-0.010654083842213979
11	46	-0.010654083842213995
29	46	-0.010654083842213996
33	46	-0.010654083842213996
27	46	-0.010654083842214007
39	46	-0.010654083842214009
37	46	-0.010654083842214009
40	46	-0.010654083842214012
35	46	-0.010654083842214019
25	46	-0.010654083842214026
16	46	-0.010654083842214028
22	46	-0.010654083842214035
30	46	-0.010654083842214035
14	46	-0.010654083842214038
28	46	-0.010654083842214043
32	46	-0.010654083842214048
23	46	-0.010654083842214054
21	46	-0.01065408384221406
31	46	-0.010654083842214062
34	46	-0.010654083842214071
19	46	-0.010654083842214085
18	46	-0.010654083842214144
24	46	-0.01065408384221415
13	46	-0.01065408384221418
23	47	-0.01092653572056325
28	47	-0.01092653572056326
14	47	-0.010926535720563263
21	47	-0.010926535720563268
11	47	-0.010926535720563284
22	47	-0.010926535720563287
20	47	-0.01092653572056329
34	47	-0.010926535720563292
33	47	-0.010926535720563306
37	47	-0.01092653572056331
31	47	-0.010926535720563322
15	47	-0.010926535720563325
25	47	-0.010926535720563336
40	47	-0.010926535720563346
13	47	-0.01092653572056335
27	47	-0.010926535720563351
32	47	-0.010926535720563353
39	47	-0.010926535720563353
36	47	-0.010926535720563353
24	47	-0.010926535720563355
29	47	-0.010926535720563358
12	47	-0.010926535720563365
35	47	-0.010926535720563369
38	47	-0.010926535720563374
26	47	-0.010926535720563377
30	47	-0.01092653572056338
19	47	-0.010926535720563383
16	47	-0.010926535720563391
18	47	-0.010926535720563423
17	47	-0.010926535720563485
8	14	-0.011043351680113854
8	18	-0.011043351680113871
8	24	-0.011043351680113877
8	16	-0.01104335168011388
8	19	-0.011043351680113923
8	17	-0.01104335168011393
8	39	-0.011043351680113932
8	15	-0.01104335168011394
8	20	-0.011043351680113946
8	33	-0.011043351680113958
8	40	-0.011043351680113958
8	26	-0.011043351680113967
8	36	-0.01104335168011397
8	28	-0.011043351680114001
8	35	-0.01104335168011401
8	31	-0.011043351680114019
8	27	-0.011043351680114019
8	30	-0.01104335168011402
8	29	-0.011043351680114024
8	34	-0.011043351680114027
8	38	-0.011043351680114031
8	22	-0.01104335168011404
8	37	-0.011043351680114055
8	32	-0.011043351680114064
8	12	-0.011043351680114069
8	23	-0.011043351680114076
8	13	-0.011043351680114128
8	11	-0.011043351680114165
8	21	-0.011043351680114201
8	25	-0.011043351680114201
4	31	-0.01203748250971786
4	26	-0.01203748250971787
4	39	-0.012037482509717883
4	38	-0.012037482509717888
4	40	-0.012037482509717892
4	28	-0.012037482509717892
4	34	-0.012037482509717895
4	36	-0.012037482509717895
4	15	-0.012037482509717902
4	29	-0.012037482509717916
4	11	-0.01203748250971794
4	12	-0.012037482509717963
4	16	-0.012037482509717963
4	33	-0.012037482509717975
4	35	-0.012037482509717978
4	27	-0.012037482509717983
4	13	-0.012037482509717989
4	17	-0.012037482509717994
4	14	-0.012037482509718006
4	32	-0.01203748250971801
4	25	-0.012037482509718016
4	18	-0.012037482509718018
4	19	-0.012037482509718027
4	24	-0.012037482509718034
4	21	-0.012037482509718062
4	20	-0.012037482509718062
4	23	-0.012037482509718074
4	30	-0.012037482509718077
4	37	-0.012037482509718077
4	22	-0.012037482509718091
34	43	-0.01249857958769353
12	43	-0.012498579587693714
15	43	-0.012498579587693723
13	43	-0.01249857958769374
11	43	-0.012498579587693773
17	43	-0.012498579587693808
14	43	-0.012498579587693815
16	43	-0.01249857958769386
22	43	-0.012498579587693901
23	43	-0.012498579587693999
18	43	-0.012498579587694
19	43	-0.012498579587694035
20	43	-0.01249857958769407
30	43	-0.01249857958769407
21	43	-0.012498579587694097
24	43	-0.01249857958769411
39	43	-0.012498579587694122
35	43	-0.012498579587694132
29	43	-0.012498579587694158
36	43	-0.012498579587694177
33	43	-0.012498579587694184
25	43	-0.012498579587694188
28	43	-0.012498579587694195
37	43	-0.012498579587694202
26	43	-0.012498579587694228
32	43	-0.012498579587694231
38	43	-0.012498579587694236
40	43	-0.01249857958769424
27	43	-0.012498579587694252
31	43	-0.012498579587694377
7	15	-0.012601498621231753
7	18	-0.012601498621231824
7	13	-0.012601498621231841
7	12	-0.01260149862123185
7	17	-0.012601498621231867
7	16	-0.01260149862123188
7	22	-0.012601498621231886
7	23	-0.012601498621231893
7	25	-0.012601498621231907
7	14	-0.012601498621231914
7	21	-0.01260149862123193
7	19	-0.012601498621231956
7	20	-0.012601498621231975
7	11	-0.01260149862123199
7	30	-0.012601498621231994
7	28	-0.012601498621232022
7	24	-0.012601498621232023
7	36	-0.01260149862123203
7	31	-0.012601498621232037
7	26	-0.012601498621232042
7	35	-0.012601498621232046
7	37	-0.01260149862123205
7	40	-0.012601498621232051
7	33	-0.012601498621232053
7	34	-0.012601498621232058
7	32	-0.012601498621232061
7	38	-0.012601498621232074
7	29	-0.012601498621232077
7	27	-0.012601498621232086
7	39	-0.012601498621232094
18	44	-0.012693197386324143
16	44	-0.01269319738632419
15	44	-0.012693197386324214
19	44	-0.012693197386324274
17	44	-0.012693197386324294
27	44	-0.012693197386324314
35	44	-0.012693197386324321
34	44	-0.012693197386324323
13	44	-0.012693197386324327
12	44	-0.012693197386324358
14	44	-0.012693197386324361
33	44	-0.012693197386324368
26	44	-0.012693197386324373
38	44	-0.012693197386324375
37	44	-0.012693197386324377
32	44	-0.012693197386324379
28	44	-0.012693197386324384
30	44	-0.012693197386324392
31	44	-0.012693197386324392
39	44	-0.012693197386324394
36	44	-0.012693197386324398
40	44	-0.012693197386324403
11	44	-0.012693197386324415
29	44	-0.012693197386324429
24	44	-0.012693197386324462
21	44	-0.012693197386324465
20	44	-0.012693197386324474
25	44	-0.012693197386324476
22	44	-0.012693197386324503
23	44	-0.012693197386324562
34	45	-0.014436009646706556
31	45	-0.014436009646706662
32	45	-0.014436009646706688
30	45	-0.01443600964670669
12	45	-0.014436009646706698
37	45	-0.014436009646706705
29	45	-0.014436009646706707
33	45	-0.014436009646706717
39	45	-0.014436009646706719
13	45	-0.014436009646706733
35	45	-0.014436009646706754
28	45	-0.014436009646706759
27	45	-0.014436009646706806
14	45	-0.014436009646706821
11	45	-0.014436009646706823
23	45	-0.014436009646706832
15	45	-0.014436009646706832
26	45	-0.014436009646706837
18	45	-0.014436009646706839
17	45	-0.014436009646706846
20	45	-0.01443600964670685
36	45	-0.014436009646706856
24	45	-0.01443600964670686
40	45	-0.014436009646706861
38	45	-0.014436009646706863
16	45	-0.014436009646706886
19	45	-0.014436009646706905
25	45	-0.014436009646706926
21	45	-0.014436009646706984
22	45	-0.014436009646707049
9	13	-0.014769413512073452
9	16	-0.014769413512073493
9	28	-0.014769413512073497
9	37	-0.014769413512073502
9	14	-0.014769413512073502
9	18	-0.014769413512073504
9	26	-0.014769413512073505
9	39	-0.014769413512073507
9	31	-0.014769413512073516
9	34	-0.014769413512073526
9	12	-0.014769413512073528
9	33	-0.014769413512073531
9	35	-0.014769413512073535
9	15	-0.014769413512073537
9	30	-0.014769413512073542
9	19	-0.014769413512073544
9	32	-0.014769413512073547
9	17	-0.01476941351207355
9	23	-0.014769413512073558
9	29	-0.01476941351207356
9	27	-0.014769413512073584
9	36	-0.014769413512073585
9	38	-0.014769413512073585
9	40	-0.014769413512073613
9	20	-0.014769413512073629
9	24	-0.014769413512073634
9	21	-0.014769413512073655
9	11	-0.014769413512073682
9	22	-0.014769413512073696
9	25	-0.014769413512073719
15	41	-0.015401121765767616
11	41	-0.015401121765767653
17	41	-0.01540112176576773
14	41	-0.015401121765767736
18	41	-0.01540112176576777
16	41	-0.015401121765767804
12	41	-0.01540112176576783
13	41	-0.015401121765767842
19	41	-0.015401121765767854
39	41	-0.01540112176576791
20	41	-0.015401121765767911
32	41	-0.015401121765767937
27	41	-0.015401121765767937
28	41	-0.015401121765767937
33	41	-0.015401121765767946
26	41	-0.015401121765767953
29	41	-0.01540112176576796
31	41	-0.015401121765767974
37	41	-0.01540112176576798
36	41	-0.015401121765767993
38	41	-0.015401121765767996
35	41	-0.015401121765767996
23	41	-0.015401121765767998
24	41	-0.01540112176576802
30	41	-0.015401121765768026
25	41	-0.015401121765768038
40	41	-0.015401121765768055
22	41	-0.015401121765768057
34	41	-0.015401121765768057
21	41	-0.015401121765768059
6	28	-0.015569002798493228
6	38	-0.015569002798493239
6	33	-0.01556900279849326
6	27	-0.015569002798493261
6	40	-0.015569002798493263
6	31	-0.015569002798493293
6	32	-0.015569002798493305
6	19	-0.015569002798493308
6	17	-0.015569002798493319
6	13	-0.015569002798493322
6	39	-0.015569002798493324
6	36	-0.015569002798493324
6	24	-0.015569002798493324
6	18	-0.015569002798493325
6	15	-0.015569002798493325
6	26	-0.015569002798493329
6	34	-0.015569002798493338
6	37	-0.015569002798493358
6	35	-0.01556900279849336
6	30	-0.015569002798493362
6	20	-0.015569002798493364
6	29	-0.015569002798493367
6	14	-0.01556900279849338
6	23	-0.015569002798493381
6	22	-0.015569002798493397
6	21	-0.015569002798493426
6	25	-0.01556900279849344
6	12	-0.01556900279849345
6	16	-0.01556900279849347
6	11	-0.015569002798493473
5	37	-0.015911044121164952
5	12	-0.015911044121164966
5	11	-0.01591104412116498
5	24	-0.015911044121165
5	26	-0.015911044121165018
5	35	-0.01591104412116502
5	39	-0.015911044121165036
5	33	-0.015911044121165036
5	13	-0.015911044121165046
5	32	-0.015911044121165053
5	38	-0.015911044121165056
5	19	-0.015911044121165056
5	36	-0.015911044121165067
5	27	-0.015911044121165067
5	23	-0.015911044121165088
5	40	-0.015911044121165088
5	28	-0.015911044121165088
5	18	-0.015911044121165088
5	30	-0.015911044121165095
5	14	-0.01591104412116511
5	29	-0.015911044121165112
5	21	-0.015911044121165126
5	31	-0.01591104412116513
5	17	-0.015911044121165136
5	15	-0.01591104412116514
5	16	-0.015911044121165143
5	25	-0.01591104412116515
5	20	-0.01591104412116518
5	22	-0.01591104412116521
5	34	-0.015911044121165233
