#====================================================================================================
# This result is computed using mean-field DCA
# The first and second columns are site pairs. The third column represents interaction score
#====================================================================================================
4	42	0.4933712605336375
5	41	0.3965088483417766
3	43	0.3863602487100319
6	40	0.28144163845953196
2	44	0.2602604162871638
21	32	0.24243581718486434
13	56	0.23603307208999222
16	53	0.22849846076920766
1	45	0.19470615968924773
20	33	0.190897312394282
22	31	0.18204663154386497
23	30	0.11572247957613079
16	52	0.08560591486050305
48	62	0.06706404418668056
26	27	0.03566148824476155
52	53	0.03377343112355832
19	20	0.033477825936747245
23	31	0.032554539814294
30	31	0.03255453981429378
22	30	0.03255453981429374
22	23	0.032554539814293564
17	53	0.0312198016492513
48	49	0.029326657712047153
63	64	0.026830791217669146
7	39	0.025140598248599894
45	64	0.023193778681974135
47	63	0.0222420405847055
15	54	0.021734474266814408
15	38	0.02173447426681439
38	54	0.021734474266813977
33	41	0.02148965512636677
19	26	0.020501518994437314
8	17	0.02008622866364876
34	35	0.01809816119344271
8	9	0.01729562980459289
17	52	0.017221153101025285
17	44	0.01692904257261195
19	45	0.01688442221180467
19	47	0.016473482911725457
17	64	0.016253601663208297
26	37	0.016051231024277995
35	46	0.01548972567801454
27	28	0.015424131607822616
34	47	0.015309598898540755
1	46	0.015045726182918414
25	33	0.014846440275464593
33	34	0.014545763177944962
47	64	0.014309324657065893
18	47	0.014261993415015778
2	47	0.014152679892468137
27	52	0.014143512269617308
49	53	0.01392743930944748
49	62	0.013806903064567519
37	47	0.013724277005631561
17	47	0.01369622421468496
17	19	0.013686925681314339
1	8	0.013684795027818187
1	26	0.013597079958535353
27	33	0.013123830851383796
18	19	0.013095225120465542
8	64	0.013018679291439428
53	62	0.012759312619151522
33	52	0.012627173279460578
16	63	0.012476318004202272
7	45	0.012152161961461523
20	34	0.012103093220390678
46	64	0.011614452711943137
9	37	0.01156112428018288
3	18	0.011312252042269225
25	26	0.011207798477198116
8	18	0.010954811050442973
19	49	0.010650587202805966
49	63	0.010552149479431505
27	34	0.010332732137503506
46	63	0.010324657858938059
37	46	0.010244042652068727
28	46	0.009684345009504278
27	64	0.009675624787235576
33	47	0.009563199342653388
37	45	0.009473448400997009
26	52	0.009423429888468718
2	18	0.009393294781264707
19	39	0.009383835942858982
21	31	0.009329190862971801
22	32	0.009329190862971792
31	32	0.009329190862971654
21	22	0.009329190862971643
13	35	0.008904831118022566
26	62	0.008778655100398873
7	17	0.008762948405975232
46	49	0.008651589557841153
25	64	0.008641627053021917
30	39	0.008608351339855757
23	39	0.008608351339855727
19	52	0.008605485645715411
28	33	0.00859318403510112
25	62	0.00853932216007594
6	27	0.008445892805294668
4	37	0.008375780149420966
7	47	0.0083102597481978
20	27	0.008298791538103985
9	35	0.008286220833157196
7	49	0.008177879072753148
37	42	0.008169890981856833
35	39	0.008030246840204104
18	64	0.007891588654710107
6	11	0.007838227732837317
2	19	0.007735144117838964
25	37	0.0076942235443283385
3	34	0.007666082348874361
34	63	0.007660813860912
1	2	0.0075637874526664275
37	53	0.0075056911609330396
3	8	0.007453014362985471
11	39	0.007384370107492773
17	46	0.007343133822528875
7	35	0.007274998381399305
39	56	0.007218375806758776
43	63	0.0071535767188566895
18	20	0.0070195470307473605
19	46	0.007017545492774521
11	40	0.006917772685467148
11	63	0.006906725919051299
39	40	0.006868349244678091
6	9	0.006866848626290284
37	62	0.006801150941598376
8	34	0.006799429078894048
39	41	0.0067631809827102575
9	40	0.006753134834195503
20	53	0.006660962797232387
26	47	0.006648488958377274
28	35	0.006575280735291071
33	37	0.006510148190089136
11	17	0.006326208375963666
35	56	0.006287566732721514
19	35	0.006189930099731279
34	46	0.006137849260664031
17	20	0.006085045428390374
20	64	0.006073554986538486
16	17	0.006019190858674233
8	37	0.0058844025885062086
35	37	0.0057617534957143885
27	42	0.00572622547275559
43	48	0.005711081355786718
25	27	0.005693937069436309
8	46	0.005677882549763998
37	48	0.005673576891354093
8	25	0.005673034029885804
8	15	0.005657930181733514
8	54	0.005657930181733392
8	38	0.005657930181733229
25	63	0.005632534979878976
28	52	0.005468059064814966
52	64	0.00538591941395169
17	63	0.005361783541246289
37	38	0.005146672929082446
15	37	0.005146672929082436
37	54	0.005146672929082352
8	47	0.005076413913712845
33	64	0.005072644359225409
27	63	0.005014511468686414
26	34	0.004970305719164661
27	46	0.004962652568220842
7	21	0.004903700088040609
7	32	0.004903700088040594
5	33	0.004706065600481677
27	45	0.004582931633864133
20	48	0.00445518352239313
19	64	0.004320329886951375
10	24	0.004300587814883619
10	29	0.004300587814883547
10	57	0.00430058781488348
36	55	0.004300587814883408
10	60	0.004300587814883403
51	55	0.004300587814883397
10	59	0.004300587814883388
10	51	0.004300587814883381
10	36	0.004300587814883378
10	61	0.004300587814883378
50	55	0.004300587814883371
10	50	0.004300587814883363
12	58	0.004300587814883341
14	55	0.0043005878148833394
12	55	0.004300587814883335
12	24	0.004300587814883324
12	29	0.004300587814883295
12	57	0.004300587814883295
55	58	0.004300587814883277
12	36	0.004300587814883271
12	50	0.004300587814883218
36	58	0.004300587814883212
51	58	0.004300587814883206
12	51	0.004300587814883202
14	36	0.0043005878148831955
14	58	0.004300587814883195
12	61	0.00430058781488319
50	58	0.00430058781488319
12	59	0.004300587814883187
12	60	0.0043005878148831824
29	58	0.004300587814883179
24	58	0.004300587814883179
14	59	0.004300587814883178
10	55	0.004300587814883163
36	50	0.004300587814883154
14	29	0.004300587814883146
24	29	0.004300587814883115
10	12	0.004300587814883105
50	57	0.004300587814883103
36	57	0.004300587814883091
55	57	0.004300587814883085
14	51	0.004300587814883078
57	58	0.004300587814883076
29	59	0.0043005878148830706
36	51	0.004300587814883067
55	61	0.0043005878148830645
29	55	0.004300587814883059
58	61	0.004300587814883058
29	50	0.004300587814883054
29	51	0.004300587814883042
29	57	0.004300587814883036
57	60	0.004300587814883029
57	61	0.004300587814883028
57	59	0.004300587814883026
24	60	0.004300587814883025
51	57	0.004300587814883024
24	61	0.004300587814883013
10	58	0.004300587814883009
14	60	0.004300587814883001
58	59	0.004300587814883
14	61	0.004300587814883
24	55	0.004300587814882997
29	60	0.004300587814882995
29	61	0.004300587814882994
14	50	0.004300587814882982
14	57	0.004300587814882977
59	60	0.004300587814882969
59	61	0.004300587814882968
51	60	0.004300587814882967
51	59	0.004300587814882965
29	36	0.004300587814882962
58	60	0.004300587814882956
50	59	0.0043005878148829535
24	36	0.004300587814882949
36	60	0.0043005878148829465
24	51	0.004300587814882946
36	61	0.004300587814882946
55	60	0.0043005878148829405
55	59	0.004300587814882938
36	59	0.004300587814882937
50	51	0.00430058781488293
24	59	0.004300587814882928
51	61	0.004300587814882921
50	61	0.004300587814882899
24	57	0.004300587814882896
50	60	0.004300587814882888
60	61	0.004300587814882882
10	14	0.004300587814882809
14	24	0.004300587814882765
12	14	0.004300587814882709
24	50	0.004300587814882675
2	52	0.004103790071985955
18	27	0.004025131844512531
18	63	0.004014541846067376
17	34	0.003950062409193683
20	25	0.003908450762562151
28	37	0.003874001610152631
1	64	0.0038726072921651256
1	49	0.0038173113303483584
26	28	0.003810340899464534
62	63	0.0038042645973227363
19	33	0.0037799447707391846
17	25	0.0036669893807226546
49	64	0.0035362215638646416
7	46	0.0034569204674968186
3	46	0.0033805749770467394
16	26	0.003358129039393549
39	46	0.003344928268761144
25	45	0.0032838023621685345
45	47	0.0032383407966380846
27	47	0.003205057241850405
34	64	0.0031458669676153947
25	52	0.003102576423624442
14	54	0.00308349439233044
15	60	0.003083494392330335
15	59	0.0030834943923303305
15	24	0.0030834943923303115
15	36	0.003083494392330256
12	15	0.003083494392330253
10	15	0.003083494392330252
15	61	0.00308349439233025
12	54	0.0030834943923302265
10	38	0.0030834943923302187
14	15	0.0030834943923302182
15	51	0.0030834943923301944
15	50	0.003083494392330176
15	57	0.0030834943923301683
50	54	0.0030834943923301675
14	38	0.0030834943923301614
15	29	0.0030834943923301597
15	58	0.003083494392330139
38	57	0.003083494392330129
54	55	0.0030834943923301276
54	57	0.0030834943923300925
38	60	0.0030834943923300807
10	54	0.00308349439233008
38	50	0.003083494392330079
54	60	0.0030834943923300643
54	59	0.0030834943923300634
38	61	0.0030834943923300617
38	59	0.003083494392330059
15	55	0.003083494392330057
38	51	0.0030834943923300565
54	58	0.0030834943923300513
12	38	0.0030834943923300504
54	61	0.00308349439233002
36	38	0.0030834943923299628
51	54	0.0030834943923299515
29	54	0.003083494392329932
24	54	0.0030834943923298756
36	54	0.003083494392329856
24	38	0.003083494392329848
29	38	0.003083494392329809
38	55	0.0030834943923297164
38	58	0.0030834943923296705
46	52	0.00306367492593489
19	34	0.0029708514998060785
62	64	0.0029698599931291354
11	55	0.0028939560005104537
11	58	0.002893956000510427
11	12	0.002893956000510387
11	14	0.0028939560005103375
10	11	0.0028939560005102763
11	24	0.002893956000510147
11	50	0.002893956000510091
11	57	0.00289395600051009
11	59	0.0028939560005100803
11	60	0.0028939560005100634
11	61	0.002893956000510062
11	51	0.002893956000510055
11	29	0.002893956000509948
11	36	0.0028939560005099276
19	37	0.002890133807501685
2	46	0.0028855656470741925
7	44	0.0028610276858609084
28	62	0.002840227354902642
28	61	0.0027994071745490877
28	36	0.002799407174549039
28	59	0.002799407174549036
28	51	0.0027994071745490326
28	60	0.002799407174548966
28	57	0.0027994071745489632
28	50	0.002799407174548815
28	58	0.0027994071745486883
14	28	0.00279940717454865
28	29	0.0027994071745485695
28	55	0.0027994071745485304
24	28	0.0027994071745483843
10	28	0.0027994071745482884
12	28	0.0027994071745482277
7	34	0.002779519672094671
9	12	0.0027678719343230914
9	58	0.002767871934323053
9	14	0.002767871934322977
9	55	0.0027678719343229557
9	29	0.002767871934322909
9	24	0.002767871934322867
9	10	0.0027678719343228616
9	36	0.0027678719343226903
9	51	0.0027678719343226764
9	60	0.0027678719343226677
9	61	0.002767871934322667
9	50	0.0027678719343226642
9	57	0.0027678719343226564
9	59	0.002767871934322626
7	53	0.002722222780269644
11	28	0.0026863210720055636
28	49	0.0025064833517696424
11	15	0.0024697979216683472
11	38	0.0024697979216681686
11	54	0.002469797921668163
52	63	0.0024452889062713083
23	25	0.0023608687010957816
25	30	0.0023608687010955916
22	63	0.002301757644352316
31	63	0.0023017576443519136
39	44	0.0021619106484934043
1	37	0.002090524836733927
35	63	0.0020771615850386418
5	18	0.0020720839762359174
7	25	0.001970036822347011
7	18	0.0019530814285820342
1	27	0.0018810018995268907
49	52	0.001865394469691039
5	45	0.001821526954564015
7	8	0.0018170168721186796
17	26	0.001787988425258992
1	63	0.0017807651176258328
22	39	0.0017683507706047112
31	39	0.0017683507706042897
21	63	0.0017496693825663386
32	63	0.0017496693825662935
41	45	0.0016739426697291136
11	25	0.0016640306726356585
27	35	0.001627533835117185
18	39	0.0016113652044500576
25	35	0.0015802725279899662
22	26	0.0015663642169685722
26	31	0.0015663642169684196
45	62	0.0015029067758173323
13	27	0.0014841216320736865
17	32	0.0014653407210253652
17	21	0.001465340721025105
18	46	0.0014619116287205424
48	52	0.0014583412985931287
7	9	0.0014420850181589137
7	62	0.0014192005051486475
39	45	0.0013939645028840791
18	52	0.0013741639179524895
1	47	0.001360119926092914
3	26	0.0013469211569177124
25	28	0.0013315898888463097
19	28	0.0013063657520717463
2	7	0.0011349530478810925
39	49	0.0011337752249588329
52	56	0.001121527706427556
7	28	0.0010924090337649786
25	47	0.001035789343920442
39	47	0.001034638600415653
18	40	0.0010246852232143125
48	60	0.0010088113608498434
48	51	0.0010088113608498384
48	59	0.0010088113608498373
48	61	0.0010088113608498048
48	57	0.0010088113608496623
48	50	0.001008811360849653
14	48	0.0010088113608494418
36	48	0.0010088113608494344
24	48	0.001008811360849411
12	48	0.001008811360849405
29	48	0.0010088113608493056
10	48	0.001008811360849125
48	58	0.0010088113608491107
48	55	0.0010088113608490963
52	62	0.0010063867644675923
6	46	0.000939841567576153
8	44	0.0009298182300933357
49	55	0.0009003149388710605
14	49	0.0009003149388709885
49	58	0.0009003149388709776
36	49	0.0009003149388708768
24	49	0.0009003149388708614
12	49	0.0009003149388707135
29	49	0.0009003149388705611
49	61	0.0009003149388705444
49	50	0.000900314938870542
49	60	0.0009003149388704704
10	49	0.0009003149388704659
49	51	0.0009003149388704475
49	59	0.0009003149388704399
49	57	0.0009003149388704045
25	46	0.0008577927715322734
3	48	0.0008514178358776155
40	49	0.0008476348328078694
34	43	0.0008356790323234779
16	56	0.000750511305473418
18	34	0.0007503640190197327
56	64	0.0007447355900958592
3	17	0.0007144498369624983
6	39	0.0007092751778709459
18	26	0.0006875576966118152
7	26	0.0006695675796460831
41	49	0.0006655005356732725
28	54	0.0006645678456198003
28	38	0.0006645678456197526
15	28	0.0006645678456197067
24	34	0.0006386044637235128
10	34	0.0006386044637234785
34	51	0.0006386044637234187
34	57	0.0006386044637233979
34	61	0.0006386044637233792
34	60	0.0006386044637233784
34	36	0.0006386044637233627
12	34	0.000638604463723335
34	59	0.0006386044637233155
34	50	0.0006386044637233081
29	34	0.0006386044637232751
34	58	0.0006386044637232526
14	34	0.0006386044637232483
34	55	0.0006386044637232374
27	40	0.0006362139635307032
35	64	0.0006343519983873667
11	45	0.0006335067574283646
9	11	0.0006138427988557217
18	45	0.0006020504375375269
29	30	0.0004871975791417636
24	30	0.00048719757914173845
12	30	0.0004871975791414839
14	30	0.0004871975791414813
23	58	0.0004871975791414726
12	23	0.0004871975791414136
14	23	0.00048719757914139584
10	23	0.00048719757914137676
23	36	0.00048719757914137676
23	55	0.0004871975791413763
23	57	0.000487197579141323
23	60	0.0004871975791413152
23	59	0.00048719757914130737
23	51	0.00048719757914130303
23	50	0.00048719757914130087
23	24	0.00048719757914128655
23	61	0.0004871975791412345
23	29	0.00048719757914121717
30	36	0.0004871975791412059
10	30	0.00048719757914119765
30	61	0.0004871975791411959
30	60	0.00048719757914115125
30	59	0.0004871975791411439
30	50	0.0004871975791411417
30	51	0.0004871975791411391
30	57	0.00048719757914110354
30	58	0.00048719757914096476
30	55	0.0004871975791408789
9	38	0.00048166405220536105
9	54	0.00048166405220515006
9	15	0.0004816640522051438
52	54	0.00045855595919300825
15	52	0.0004585559591927567
38	52	0.00045855595919272723
27	39	0.0004032250627669376
1	20	0.00040035568692196877
6	8	0.00034250162434839443
50	62	0.0003270153040311344
57	62	0.00032701530403106524
12	62	0.0003270153040310477
61	62	0.00032701530403101537
36	62	0.00032701530403100756
60	62	0.00032701530403099173
10	62	0.0003270153040309731
59	62	0.0003270153040309486
51	62	0.00032701530403094793
55	62	0.00032701530403083994
58	62	0.00032701530403076015
14	62	0.0003270153040307469
24	62	0.000327015304030485
29	62	0.00032701530403034165
26	64	0.0003170877249123235
14	35	0.0002723363032698038
12	35	0.000272336303269675
29	35	0.0002723363032696149
10	35	0.0002723363032696004
35	61	0.0002723363032695841
35	57	0.00027233630326955614
24	35	0.0002723363032695288
35	58	0.0002723363032695169
35	36	0.0002723363032694978
35	55	0.00027233630326946746
35	50	0.0002723363032694252
35	60	0.0002723363032693211
35	59	0.00027233630326931415
35	51	0.00027233630326930136
10	39	0.0001964687678396443
39	60	0.00019646876783953153
39	61	0.00019646876783952893
39	59	0.00019646876783952437
39	51	0.00019646876783950703
39	55	0.00019646876783944913
36	39	0.00019646876783941183
39	50	0.00019646876783941032
12	39	0.00019646876783940424
29	39	0.00019646876783940012
14	39	0.00019646876783937974
39	57	0.0001964687678393394
39	58	0.00019646876783930298
24	39	0.00019646876783914772
19	63	0.0001809073844654622
11	35	0.00015828053934840644
34	45	0.00011900315356727122
18	42	9.671403959153092e-05
3	63	9.651501077100055e-05
2	28	9.409958462283999e-05
9	19	1.0619030606936163e-05
26	45	-4.6256145084411227e-05
28	47	-6.681753415715627e-05
20	47	-9.736968082064458e-05
9	39	-9.760737716311193e-05
48	63	-0.00010680892087932929
17	39	-0.00012728969482602055
4	44	-0.00014780113737915268
48	54	-0.0001817510848450784
15	48	-0.0001817510848451261
38	48	-0.0001817510848452701
34	39	-0.00018651064882826973
9	25	-0.00020994973586304635
24	25	-0.00022042212175209502
14	25	-0.000220422121752118
25	29	-0.00022042212175217525
10	25	-0.00022042212175226242
25	55	-0.00022042212175230232
12	25	-0.00022042212175242592
25	60	-0.00022042212175243155
25	61	-0.0002204221217524335
25	59	-0.0002204221217524374
25	36	-0.0002204221217524385
25	51	-0.0002204221217524411
25	50	-0.00022042212175245736
25	58	-0.00022042212175245888
25	57	-0.00022042212175254474
43	49	-0.00026313131442958805
11	62	-0.0002691296262660311
9	13	-0.00027716501355893805
26	39	-0.0002774035500785338
9	28	-0.0002909826174566316
35	62	-0.00030071174699258015
44	46	-0.00031736870509805823
9	48	-0.0003246366225505039
8	19	-0.0003260536882522501
7	33	-0.0003273555559643506
7	19	-0.0003572955896431621
32	53	-0.0003795550171312202
21	53	-0.0003795550171313989
4	18	-0.0003999006837153256
7	48	-0.00040042833690220186
44	62	-0.00040756434208909925
9	56	-0.00041273996279018706
13	28	-0.0004191058430726754
33	46	-0.00042897805004256037
2	64	-0.00046103404400313526
18	38	-0.0004693668322818998
18	54	-0.00046936683228191757
15	18	-0.00046936683228203033
20	35	-0.0004940762369951349
23	27	-0.0006158438530982297
27	30	-0.0006158438530982722
21	35	-0.0006214177459275896
32	35	-0.0006214177459276868
9	47	-0.0006260218327659123
11	49	-0.000626509101391766
23	38	-0.0006412371554815909
30	38	-0.0006412371554816291
23	54	-0.0006412371554816304
15	23	-0.0006412371554816339
30	54	-0.0006412371554816612
15	30	-0.0006412371554819305
11	48	-0.0006449097032481129
53	63	-0.0006450837396570538
7	29	-0.0006787337940369394
7	12	-0.0006787337940369596
7	57	-0.000678733794036973
7	24	-0.0006787337940370043
7	50	-0.0006787337940370333
7	14	-0.0006787337940370528
7	10	-0.000678733794037062
7	58	-0.0006787337940371101
7	61	-0.0006787337940371706
7	59	-0.0006787337940371751
7	36	-0.0006787337940372558
7	55	-0.0006787337940372697
7	60	-0.0006787337940372829
7	51	-0.0006787337940372942
49	54	-0.0006998810535606957
38	49	-0.0006998810535610691
15	49	-0.0006998810535612226
26	40	-0.0007034414038183199
13	58	-0.000709041936294506
13	55	-0.0007090419362945537
13	14	-0.0007090419362947066
13	60	-0.000709041936294715
13	61	-0.0007090419362947489
13	59	-0.0007090419362947549
13	24	-0.0007090419362947573
13	51	-0.000709041936294761
13	36	-0.0007090419362947716
13	29	-0.0007090419362948605
10	13	-0.0007090419362948933
12	13	-0.0007090419362949054
13	50	-0.0007090419362950982
13	57	-0.0007090419362951164
9	49	-0.0007092475993944656
9	64	-0.0007548997028776292
47	54	-0.0007804714579686869
38	47	-0.000780471457969003
15	47	-0.0007804714579690139
7	37	-0.0007840334837678322
16	62	-0.0008048472479431149
3	44	-0.0008095852806480792
26	33	-0.0008435736051163392
2	45	-0.0008719909933689075
1	30	-0.0008812625496406167
1	23	-0.0008812625496406531
24	56	-0.0008849512724620034
29	56	-0.000884951272462008
56	58	-0.0008849512724620093
10	56	-0.0008849512724620635
12	56	-0.0008849512724620765
14	56	-0.00088495127246221
50	56	-0.000884951272462215
36	56	-0.000884951272462246
56	57	-0.000884951272462282
51	56	-0.0008849512724622836
56	60	-0.000884951272462286
55	56	-0.0008849512724622868
56	61	-0.0008849512724622894
56	59	-0.0008849512724623176
8	24	-0.000889444796429061
8	57	-0.0008894447964290864
8	60	-0.0008894447964291016
8	59	-0.0008894447964291146
8	12	-0.000889444796429115
8	36	-0.0008894447964291196
8	58	-0.0008894447964291445
8	29	-0.0008894447964291933
8	50	-0.0008894447964291985
8	14	-0.000889444796429202
8	61	-0.0008894447964292026
8	51	-0.0008894447964292122
8	55	-0.0008894447964292414
8	10	-0.000889444796429305
19	25	-0.000911327782415248
46	53	-0.0009327777314601278
16	20	-0.0009433171094319105
8	52	-0.0009647812873643819
17	27	-0.000978047888866235
11	23	-0.0010031778852660923
11	30	-0.0010031778852662837
38	62	-0.0010214049653740052
54	62	-0.00102140496537415
15	62	-0.0010214049653743146
13	26	-0.0010419485677910807
14	21	-0.0010652084225575495
29	32	-0.0010652084225575688
21	57	-0.0010652084225575749
14	32	-0.001065208422557593
12	21	-0.0010652084225575996
21	50	-0.0010652084225576
10	32	-0.0010652084225576273
21	29	-0.0010652084225576315
24	32	-0.0010652084225576369
21	59	-0.0010652084225576508
10	21	-0.0010652084225576761
21	60	-0.0010652084225576852
21	61	-0.0010652084225576891
21	36	-0.001065208422557697
12	32	-0.0010652084225577102
32	58	-0.0010652084225577477
21	51	-0.0010652084225577496
21	24	-0.0010652084225577817
32	57	-0.0010652084225578195
21	58	-0.0010652084225578288
32	50	-0.0010652084225578986
32	36	-0.0010652084225579266
21	55	-0.0010652084225579385
32	59	-0.0010652084225579559
32	60	-0.0010652084225579578
32	51	-0.0010652084225579793
32	55	-0.0010652084225579836
32	61	-0.0010652084225580443
32	37	-0.0010858046051419722
21	37	-0.0010858046051420954
37	39	-0.0010920914298676726
30	64	-0.0011093284230619333
23	64	-0.0011093284230620547
9	62	-0.0011102788877100736
35	49	-0.0011171416843569837
26	35	-0.0011238618744506745
25	54	-0.001163828445826261
25	38	-0.0011638284458263734
15	25	-0.001163828445826445
9	30	-0.0011890152143155435
9	23	-0.001189015214315731
35	38	-0.0012088947531299068
35	54	-0.0012088947531300248
15	35	-0.0012088947531303164
4	46	-0.0012164949281838512
37	59	-0.0012252809450216415
37	60	-0.001225280945021657
37	61	-0.0012252809450216601
37	51	-0.0012252809450216714
37	50	-0.0012252809450217122
37	55	-0.0012252809450217306
37	58	-0.0012252809450217519
24	37	-0.0012252809450217636
37	57	-0.0012252809450217738
29	37	-0.0012252809450218974
36	37	-0.0012252809450219613
10	37	-0.0012252809450220394
14	37	-0.0012252809450220693
12	37	-0.001225280945022104
19	48	-0.001246188672704122
33	53	-0.00126954525441619
34	40	-0.0012771424053755103
26	54	-0.00128819181797495
26	38	-0.0012881918179749813
15	26	-0.0012881918179751596
26	49	-0.001298933209677805
7	20	-0.001314966926944181
7	54	-0.0013184246608859774
7	38	-0.0013184246608860136
7	15	-0.001318424660886131
10	18	-0.0013202362270093016
18	51	-0.0013202362270093137
18	60	-0.001320236227009332
14	18	-0.001320236227009373
18	59	-0.0013202362270093733
18	24	-0.001320236227009414
18	58	-0.0013202362270094165
12	18	-0.0013202362270094206
18	55	-0.0013202362270094228
18	61	-0.0013202362270094577
18	29	-0.0013202362270095247
18	50	-0.00132023622700954
18	36	-0.0013202362270095444
18	57	-0.001320236227009557
18	44	-0.0013217338470194913
22	46	-0.0013232331751568214
31	46	-0.00132323317515687
28	56	-0.0013274994924467043
28	48	-0.0013426376145001895
37	49	-0.0013624496940736197
19	44	-0.0013715245674458375
18	43	-0.0013732257453408728
5	49	-0.0013832330446480155
6	14	-0.0013923315118545211
6	12	-0.0013923315118545777
6	57	-0.0013923315118546569
6	60	-0.0013923315118546664
6	61	-0.0013923315118546714
6	59	-0.0013923315118546716
6	50	-0.0013923315118546755
6	51	-0.0013923315118546781
6	29	-0.0013923315118547078
6	10	-0.0013923315118547087
6	24	-0.0013923315118547217
6	58	-0.001392331511854823
6	36	-0.0013923315118548449
6	55	-0.0013923315118549127
31	51	-0.0014051746975025222
31	59	-0.0014051746975025738
31	60	-0.0014051746975025869
31	50	-0.0014051746975025882
31	61	-0.0014051746975025903
31	36	-0.0014051746975025936
31	57	-0.0014051746975026176
22	60	-0.001405174697502854
22	61	-0.0014051746975028575
29	31	-0.0014051746975028666
22	29	-0.0014051746975028857
22	50	-0.001405174697502896
24	31	-0.0014051746975029013
22	55	-0.0014051746975029039
22	36	-0.0014051746975029078
22	57	-0.0014051746975029147
22	24	-0.001405174697502923
22	51	-0.0014051746975029247
31	55	-0.0014051746975029626
22	59	-0.0014051746975029971
22	58	-0.0014051746975030054
31	58	-0.0014051746975031166
12	31	-0.001405174697503145
14	22	-0.0014051746975031654
10	22	-0.0014051746975032677
14	31	-0.0014051746975033384
10	31	-0.001405174697503432
12	22	-0.0014051746975034377
15	64	-0.0014071520178689017
38	64	-0.0014071520178689295
54	64	-0.0014071520178689447
25	53	-0.0014153257690988595
1	16	-0.0014522026798690288
39	63	-0.00145322911028835
11	19	-0.0014536300132957144
7	11	-0.001462290263152817
30	35	-0.0015032323793833869
23	35	-0.0015032323793834172
16	18	-0.0015092509973583974
25	44	-0.001516996414999811
16	35	-0.001522574227766459
1	28	-0.0015319685496752332
40	51	-0.0015351472701629427
40	59	-0.0015351472701630095
12	40	-0.001535147270163061
40	50	-0.0015351472701631117
40	57	-0.0015351472701631225
40	60	-0.0015351472701631331
40	61	-0.001535147270163137
24	40	-0.0015351472701631464
10	40	-0.001535147270163153
29	40	-0.0015351472701631726
36	40	-0.0015351472701632001
14	40	-0.0015351472701632608
40	58	-0.0015351472701633712
40	55	-0.0015351472701634083
11	34	-0.0015786636273776673
18	22	-0.0015809392390635372
18	31	-0.0015809392390636083
28	63	-0.001612610827811961
38	39	-0.0016134855449368133
39	54	-0.001613485544936823
15	39	-0.00161348554493703
8	35	-0.0016228513088494267
1	34	-0.001632221251221094
18	48	-0.001638328621001042
9	46	-0.0016603153147145221
25	39	-0.0016650134741827893
8	56	-0.0016728894627707413
34	52	-0.001675890051172379
11	18	-0.0016802497584385598
8	20	-0.0016916476772082653
8	26	-0.0017014151439198174
25	34	-0.0017057782540015397
18	21	-0.0017066439867087927
18	32	-0.0017066439867090277
26	53	-0.0017215321431374147
44	49	-0.0017490559648645635
47	48	-0.0017588845161540922
24	63	-0.0017637532609263474
60	63	-0.0017637532609264582
29	63	-0.0017637532609264626
61	63	-0.00176375326092647
36	63	-0.0017637532609264825
55	63	-0.0017637532609264977
12	63	-0.0017637532609265508
59	63	-0.0017637532609265682
57	63	-0.0017637532609266096
50	63	-0.0017637532609266183
58	63	-0.00176375326092662
51	63	-0.001763753260926626
14	63	-0.0017637532609266458
10	63	-0.0017637532609268351
11	13	-0.0017916388530165462
13	25	-0.0017998446126334154
28	39	-0.0018029975605018053
5	35	-0.001803567457004213
47	55	-0.0018042931949021537
47	50	-0.0018042931949021745
47	57	-0.0018042931949022079
47	51	-0.0018042931949022152
47	59	-0.0018042931949022348
47	61	-0.0018042931949022794
47	60	-0.0018042931949022864
29	47	-0.0018042931949023107
47	58	-0.0018042931949023883
10	47	-0.0018042931949023965
12	47	-0.0018042931949024104
36	47	-0.0018042931949024182
24	47	-0.0018042931949024512
14	47	-0.0018042931949025951
16	48	-0.001805274161222942
7	63	-0.001817424681037523
7	22	-0.0018178232708861673
7	31	-0.0018178232708862402
1	15	-0.001825854115798619
1	54	-0.0018258541157987846
1	38	-0.00182585411579886
9	34	-0.0018397367564260362
56	63	-0.0018511078383885646
20	49	-0.0018725511126948527
8	11	-0.0018851307266547592
4	27	-0.0018988290201961203
25	48	-0.0019134756811187053
34	54	-0.0019266920025941005
15	34	-0.0019266920025942055
34	38	-0.0019266920025942187
3	25	-0.0019341474960649137
7	64	-0.0019474569769944456
8	39	-0.001951294365806437
11	44	-0.0019516089686323979
43	62	-0.001957051644377257
11	46	-0.0019603465316808586
18	33	-0.0019630437173144173
14	17	-0.0019726078038637537
12	17	-0.001972607803863796
17	24	-0.001972607803863849
17	61	-0.0019726078038639246
17	50	-0.001972607803863937
17	59	-0.001972607803863967
17	36	-0.0019726078038639753
17	29	-0.001972607803864004
17	51	-0.0019726078038640243
10	17	-0.0019726078038640573
17	57	-0.0019726078038641136
17	60	-0.0019726078038641245
17	55	-0.0019726078038642464
17	58	-0.001972607803864256
45	48	-0.0019788028411676746
5	23	-0.0019930505908156166
5	30	-0.0019930505908156496
18	49	-0.0020269284866196425
46	59	-0.0020277047084686314
46	55	-0.0020277047084686743
46	58	-0.002027704708468755
46	50	-0.0020277047084688044
46	60	-0.0020277047084688287
46	61	-0.002027704708468832
46	51	-0.0020277047084688513
46	57	-0.002027704708468852
29	46	-0.0020277047084688586
36	46	-0.0020277047084688764
14	46	-0.0020277047084689
24	46	-0.002027704708468928
10	46	-0.002027704708468963
12	46	-0.0020277047084690074
3	27	-0.0020414453679611713
11	37	-0.0020617395927288937
41	64	-0.0020641227133160606
34	37	-0.002065246965563398
18	25	-0.002066639214445769
57	64	-0.0020684852647022767
29	64	-0.002068485264702334
50	64	-0.002068485264702378
51	64	-0.002068485264702385
55	64	-0.0020684852647023942
36	64	-0.0020684852647024
14	64	-0.002068485264702411
24	64	-0.002068485264702415
60	64	-0.0020684852647024354
59	64	-0.002068485264702446
61	64	-0.0020684852647024497
58	64	-0.0020684852647024935
10	64	-0.0020684852647026588
12	64	-0.0020684852647027884
9	32	-0.0020701967967829277
9	21	-0.0020701967967830448
1	48	-0.0020920065308023235
35	44	-0.0021097688756383905
13	52	-0.0021205913356222694
3	11	-0.002135044666122697
4	38	-0.0021360753183824847
4	54	-0.002136075318382491
4	15	-0.002136075318382626
1	52	-0.0021414903827227712
8	28	-0.002148177564974673
13	16	-0.0021531417982810965
24	27	-0.002165255769070863
14	27	-0.0021652557690708873
27	29	-0.002165255769070973
27	60	-0.0021652557690710196
10	27	-0.0021652557690710205
27	59	-0.0021652557690710304
27	50	-0.002165255769071136
27	57	-0.0021652557690711566
12	27	-0.0021652557690711918
27	36	-0.0021652557690712056
27	55	-0.0021652557690712165
27	58	-0.0021652557690712256
27	61	-0.0021652557690712824
27	51	-0.0021652557690712963
13	15	-0.002200770370329972
13	54	-0.002200770370330075
13	38	-0.0022007703703301787
17	28	-0.0022079278450368688
19	27	-0.002227214631221445
8	30	-0.0022274963601454745
8	23	-0.0022274963601455517
11	56	-0.0022312038164226874
2	26	-0.0022428889426299344
2	17	-0.0022534108515888662
6	19	-0.002256159939534255
30	46	-0.0022832004071891322
23	46	-0.0022832004071892814
2	35	-0.0022857944094016825
2	63	-0.0022862205037251625
47	53	-0.0022912818724527464
3	7	-0.0023018517940711324
10	26	-0.0023316513345092043
14	26	-0.0023316513345092264
26	58	-0.0023316513345092997
24	26	-0.0023316513345094355
12	26	-0.002331651334509453
26	55	-0.002331651334509487
26	60	-0.00233165133450961
26	29	-0.0023316513345096245
26	51	-0.002331651334509726
26	57	-0.002331651334509737
26	59	-0.0023316513345097477
26	61	-0.002331651334509748
26	36	-0.0023316513345097815
26	50	-0.002331651334509826
19	30	-0.0023388922742446526
19	23	-0.0023388922742447063
18	62	-0.0023516933914134947
38	56	-0.002371304226169875
54	56	-0.0023713042261699715
15	56	-0.002371304226169987
35	41	-0.0023713817715157234
8	53	-0.002378812679142117
32	64	-0.002396276008770121
21	64	-0.002396276008770213
9	18	-0.0024080026036700525
18	28	-0.0024255635498008953
30	48	-0.0024396913579257536
23	48	-0.0024396913579257896
35	52	-0.002442610657805301
9	44	-0.002446222716775745
27	43	-0.002452842667756673
13	39	-0.0024788329393586276
21	25	-0.0024883618316427526
25	32	-0.0024883618316428086
1	18	-0.0024938111348396345
34	56	-0.0024956780235517303
45	63	-0.0025086267554455463
9	31	-0.002510302819165325
9	22	-0.002510302819165333
24	52	-0.0025191547105837602
50	52	-0.002519154710583789
52	61	-0.0025191547105838205
52	59	-0.0025191547105838283
52	60	-0.0025191547105838387
51	52	-0.0025191547105838565
52	57	-0.0025191547105838717
36	52	-0.002519154710583878
14	52	-0.002519154710583906
12	52	-0.002519154710583933
10	52	-0.002519154710583959
52	55	-0.00251915471058398
29	52	-0.0025191547105840014
52	58	-0.0025191547105840105
13	22	-0.0025248238438131407
13	31	-0.0025248238438133315
27	37	-0.0025376664576137672
11	31	-0.002539188273234191
11	22	-0.002539188273234194
23	28	-0.0025424685437754934
28	30	-0.002542468543775504
26	43	-0.0025493261354306383
11	47	-0.0025782930540452775
26	32	-0.002586740949907077
21	26	-0.0025867409499072333
19	38	-0.0025981651554078267
15	19	-0.0025981651554079148
19	54	-0.002598165155408008
2	11	-0.002600100102892424
13	63	-0.0026209800094946683
18	41	-0.002621951659248065
39	48	-0.0026349527713591565
19	36	-0.002640736006881635
19	24	-0.002640736006881644
19	60	-0.002640736006881666
19	61	-0.00264073600688167
19	59	-0.002640736006881677
19	51	-0.002640736006881684
19	58	-0.0026407360068817446
14	19	-0.002640736006881745
19	55	-0.002640736006881787
10	19	-0.0026407360068817958
19	50	-0.00264073600688182
19	57	-0.002640736006881841
12	19	-0.0026407360068819307
19	29	-0.002640736006881952
21	28	-0.0026510099479395604
28	32	-0.002651009947939577
11	32	-0.0026702466628006523
11	21	-0.0026702466628006783
32	38	-0.002670309026628137
15	21	-0.0026703090266281624
32	54	-0.002670309026628166
15	32	-0.002670309026628361
21	38	-0.0026703090266285306
21	54	-0.002670309026628687
40	46	-0.002693712575003054
11	41	-0.0027064657385189295
44	60	-0.0027151918438688854
44	59	-0.0027151918438688954
44	61	-0.0027151918438689344
10	44	-0.002715191843869013
44	50	-0.0027151918438690524
44	57	-0.0027151918438690775
12	44	-0.002715191843869117
36	44	-0.0027151918438691296
29	44	-0.002715191843869173
44	51	-0.002715191843869213
44	58	-0.0027151918438692163
24	44	-0.002715191843869234
44	55	-0.00271519184386926
14	44	-0.002715191843869285
35	48	-0.002716901036919179
22	38	-0.002721230343703888
22	54	-0.0027212303437039623
15	31	-0.0027212303437040082
31	38	-0.002721230343704021
31	54	-0.002721230343704098
15	22	-0.0027212303437041153
9	26	-0.002729483345896038
11	27	-0.0027309312029577403
15	45	-0.0027368710628725003
45	54	-0.0027368710628725835
38	45	-0.002736871062872764
1	17	-0.002743670924807276
2	16	-0.002747294086015161
4	8	-0.002771611951823927
26	48	-0.0027960676947371525
38	46	-0.002816867895784546
46	54	-0.002816867895784672
15	46	-0.002816867895784673
1	36	-0.002848828282465307
1	24	-0.0028488282824653643
1	58	-0.0028488282824653743
1	50	-0.0028488282824653873
1	61	-0.00284882828246541
1	57	-0.00284882828246541
1	12	-0.002848828282465421
1	29	-0.002848828282465422
1	51	-0.0028488282824654814
1	60	-0.002848828282465502
1	14	-0.0028488282824655417
1	59	-0.002848828282465544
1	55	-0.002848828282465587
1	10	-0.0028488282824657204
2	37	-0.0028594589235076805
11	43	-0.002874615397208388
2	27	-0.0028898758783576887
16	46	-0.002928337693494291
24	45	-0.002938662318803465
45	50	-0.0029386623188036
36	45	-0.0029386623188036036
29	45	-0.002938662318803609
45	58	-0.002938662318803612
10	45	-0.002938662318803643
45	55	-0.0029386623188036465
45	51	-0.002938662318803659
14	45	-0.0029386623188036643
12	45	-0.0029386623188036856
45	61	-0.0029386623188037025
45	57	-0.0029386623188037315
45	60	-0.0029386623188037567
45	59	-0.0029386623188037706
36	53	-0.0029524531436935352
29	53	-0.0029524531436936185
53	55	-0.002952453143693669
50	53	-0.0029524531436937768
53	57	-0.0029524531436938162
24	53	-0.002952453143693828
53	60	-0.0029524531436938553
53	61	-0.0029524531436938605
53	59	-0.00295245314369387
53	58	-0.0029524531436938848
51	53	-0.0029524531436938947
14	53	-0.002952453143694081
10	53	-0.002952453143694124
12	53	-0.002952453143694163
8	27	-0.0029570273855274573
43	47	-0.002961619422728084
39	64	-0.002971488904434672
20	54	-0.0029734181778030364
20	38	-0.0029734181778030945
15	20	-0.00297341817780334
31	56	-0.0029757554261432085
22	56	-0.0029757554261433256
11	64	-0.002979626372965737
32	46	-0.002979678701911164
21	46	-0.0029796787019114347
25	49	-0.0029891664228826626
10	16	-0.0029919436775805806
16	58	-0.002991943677580649
14	16	-0.0029919436775806825
16	55	-0.00299194367758069
12	16	-0.002991943677580754
16	29	-0.002991943677580857
16	24	-0.002991943677580897
16	60	-0.0029919436775809123
16	61	-0.0029919436775809175
16	36	-0.002991943677580924
16	59	-0.0029919436775809266
16	57	-0.0029919436775810216
16	51	-0.002991943677581072
16	50	-0.0029919436775810927
20	21	-0.0030110245939774637
20	32	-0.0030110245939776667
11	26	-0.0030232591716376793
2	58	-0.00302810866600564
2	50	-0.003028108666005666
2	24	-0.003028108666005707
2	29	-0.003028108666005732
2	14	-0.0030281086660057456
2	55	-0.003028108666005769
2	59	-0.003028108666005826
2	57	-0.003028108666005831
2	10	-0.0030281086660058744
2	36	-0.0030281086660058913
2	12	-0.0030281086660059104
2	60	-0.003028108666005924
2	61	-0.0030281086660059286
2	51	-0.0030281086660059464
39	62	-0.0030302728208541295
40	47	-0.003032257759583922
26	46	-0.0030393577518766524
41	48	-0.003057166000415631
5	16	-0.0030686536773986174
38	63	-0.003070162583012217
54	63	-0.003070162583012286
15	63	-0.003070162583012489
41	57	-0.0030967908433870523
41	51	-0.0030967908433870857
41	50	-0.0030967908433870914
41	60	-0.003096790843387124
41	61	-0.003096790843387129
41	55	-0.0030967908433871738
41	58	-0.0030967908433872067
41	59	-0.003096790843387301
29	41	-0.0030967908433873663
36	41	-0.0030967908433875806
12	41	-0.003096790843387584
24	41	-0.0030967908433876348
14	41	-0.0030967908433876612
10	41	-0.0030967908433878087
6	38	-0.0031046738010894657
6	54	-0.0031046738010896855
6	15	-0.003104673801089774
28	42	-0.003117216938585806
27	38	-0.0031242274488151147
15	27	-0.0031242274488152214
27	54	-0.003124227448815282
17	43	-0.00312438733441147
8	33	-0.003133617267400776
9	63	-0.00313370947583365
19	42	-0.003153188786156915
5	48	-0.003165926298094271
39	52	-0.003179758202011906
9	17	-0.0031808852441535906
7	30	-0.0031972486984603267
7	23	-0.0031972486984606164
38	40	-0.003228442446715104
15	40	-0.003228442446715285
40	54	-0.003228442446715299
3	62	-0.003231168934194204
9	27	-0.0032404313637316917
42	56	-0.003251894468486269
8	13	-0.0032572596878302474
8	63	-0.0032649930951095486
14	33	-0.0032857931945012584
29	33	-0.0032857931945012644
10	33	-0.0032857931945013295
24	33	-0.0032857931945013525
33	51	-0.0032857931945013564
33	60	-0.0032857931945013577
33	36	-0.0032857931945013625
33	61	-0.0032857931945013625
33	59	-0.003285793194501371
33	50	-0.003285793194501377
33	57	-0.0032857931945014032
33	55	-0.0032857931945014813
33	58	-0.0032857931945015125
12	33	-0.0032857931945015225
3	45	-0.0033039562623123422
8	40	-0.0033059726722611173
1	43	-0.003306386269584117
28	34	-0.003337637733932761
1	11	-0.003337859946379948
23	49	-0.003351255325999138
30	49	-0.003351255325999141
17	38	-0.0033572815495758242
15	17	-0.003357281549576113
17	54	-0.0033572815495762146
13	20	-0.003382539055829183
5	22	-0.0033931068612312806
5	31	-0.0033931068612313743
9	45	-0.0033974227736093135
5	58	-0.0033981846238059226
5	55	-0.0033981846238060596
5	29	-0.003398184623806274
5	24	-0.0033981846238062777
5	14	-0.003398184623806281
5	10	-0.0033981846238063254
5	60	-0.003398184623806331
5	12	-0.003398184623806341
5	59	-0.0033981846238063467
5	61	-0.003398184623806349
5	51	-0.003398184623806368
5	36	-0.003398184623806408
5	50	-0.0033981846238065002
5	57	-0.0033981846238065184
43	45	-0.00342429598576785
8	48	-0.0034322565195842873
20	55	-0.0034326224084232633
20	60	-0.0034326224084232997
20	36	-0.003432622408423304
20	61	-0.003432622408423304
20	59	-0.0034326224084233123
20	51	-0.00343262240842332
20	58	-0.0034326224084233383
12	20	-0.003432622408423396
14	20	-0.00343262240842346
20	50	-0.0034326224084234667
20	24	-0.003432622408423486
20	57	-0.003432622408423491
10	20	-0.0034326224084235218
20	29	-0.003432622408423563
20	52	-0.0034343084435128606
9	16	-0.0034384441650106416
2	39	-0.0034520797071821915
1	25	-0.003459598049870119
26	41	-0.0034659358064998546
3	9	-0.003467589658334352
19	62	-0.003478170988281362
7	13	-0.003504206729613837
34	48	-0.003511802001604643
17	37	-0.0035218874232109806
6	7	-0.003528781607957783
34	62	-0.003539337570820607
33	38	-0.003544232371868414
15	33	-0.0035442323718684887
33	54	-0.003544232371868552
43	57	-0.0035465270185314627
43	50	-0.003546527018531619
43	51	-0.003546527018531654
10	43	-0.003546527018531677
36	43	-0.0035465270185316973
43	60	-0.003546527018531707
29	43	-0.0035465270185317116
43	61	-0.003546527018531713
43	59	-0.0035465270185317224
43	55	-0.003546527018531852
24	43	-0.0035465270185318586
12	43	-0.0035465270185318608
14	43	-0.003546527018532006
43	58	-0.0035465270185320477
9	33	-0.003556983648894882
5	39	-0.003573382971852684
23	62	-0.0035751682953877855
30	62	-0.00357516829538787
44	53	-0.0035948414637026575
16	54	-0.003599552573082126
16	38	-0.003599552573082138
15	16	-0.00359955257308217
2	25	-0.0036023486606966935
2	34	-0.0036162811751028236
46	48	-0.0036360520345479503
28	40	-0.0036432625437371616
28	64	-0.003647663658748178
11	20	-0.0036738279337528166
33	35	-0.0036862205919518014
16	28	-0.003696847942400253
47	49	-0.00369702463392346
6	35	-0.0036986675460564584
16	44	-0.003710023459956028
46	47	-0.0037173052911156045
34	49	-0.003731090328878503
6	47	-0.003734117684603246
33	39	-0.003734884315738992
18	35	-0.003739334871167114
3	36	-0.0037449732258151153
3	51	-0.003744973225815195
3	50	-0.003744973225815254
3	57	-0.0037449732258153148
3	60	-0.0037449732258153312
3	61	-0.0037449732258153364
3	59	-0.003744973225815347
3	14	-0.00374497322581536
3	24	-0.0037449732258154024
3	29	-0.00374497322581541
3	12	-0.0037449732258154644
3	58	-0.0037449732258155056
3	55	-0.0037449732258155685
3	10	-0.0037449732258156157
11	52	-0.003763165465484353
3	49	-0.0037730191288323778
9	43	-0.003774155639579193
9	20	-0.003787690497083818
9	52	-0.0037959722651961757
6	26	-0.0038076512446920925
11	33	-0.003827322108468127
22	28	-0.0038505028954174533
28	31	-0.003850502895417836
6	28	-0.003857708862690315
20	39	-0.003860738950710321
56	62	-0.0038682258939452905
20	63	-0.003872587126629105
1	9	-0.003875517498854574
5	11	-0.003878828376897384
18	37	-0.0038848270558422644
33	48	-0.0038890367385489965
17	49	-0.0038892135543563936
53	56	-0.0038910567359515553
8	62	-0.003912996903048995
13	48	-0.003923521844217203
13	64	-0.003928395327196327
28	44	-0.003947847672467831
18	53	-0.003955705096483077
1	62	-0.003965464795957448
42	46	-0.00398607773577726
30	47	-0.004027080139314424
23	47	-0.004027080139314489
48	56	-0.004032173382632412
2	48	-0.004033839838739761
42	57	-0.004069278836563548
36	42	-0.0040692788365635744
29	42	-0.004069278836563583
42	60	-0.004069278836563608
14	42	-0.004069278836563617
42	61	-0.004069278836563622
42	59	-0.004069278836563626
42	51	-0.004069278836563657
42	50	-0.004069278836563662
24	42	-0.004069278836563749
42	58	-0.004069278836563779
12	42	-0.004069278836563807
42	55	-0.004069278836563854
10	42	-0.004069278836564003
38	44	-0.004085833445788164
15	44	-0.004085833445788198
44	54	-0.004085833445788325
41	54	-0.0040883497814395405
38	41	-0.0040883497814396385
15	41	-0.004088349781439837
17	48	-0.004110128990327104
6	49	-0.0041189164902649626
25	56	-0.004119871718150605
13	62	-0.004127971914399004
11	16	-0.004136890338031943
40	52	-0.004139412402486246
48	64	-0.004141785046254087
4	62	-0.004148501974799995
46	62	-0.004178017908747417
31	35	-0.0041931795260955656
22	35	-0.004193179526095611
1	13	-0.0042103526866171925
17	18	-0.004211245381931894
22	25	-0.004216388561064699
25	31	-0.004216388561064788
30	34	-0.0042171021879967175
23	34	-0.004217102187996811
37	43	-0.004236231265165391
35	45	-0.004237706407875499
4	7	-0.004245647375049798
8	49	-0.00426064478507872
31	48	-0.004268186909793876
22	48	-0.0042681869097941265
4	56	-0.004292333404362442
4	55	-0.004306956458962166
4	58	-0.004306956458962324
4	51	-0.004306956458962427
4	24	-0.00430695645896245
4	14	-0.004306956458962463
4	50	-0.004306956458962516
4	29	-0.004306956458962546
4	60	-0.004306956458962559
4	61	-0.004306956458962565
4	59	-0.004306956458962577
4	57	-0.0043069564589625796
4	36	-0.004306956458962596
4	12	-0.004306956458962601
4	10	-0.004306956458962833
38	42	-0.004327012251159644
15	42	-0.00432701225115975
42	54	-0.004327012251159817
26	30	-0.004328204770596124
23	26	-0.004328204770596311
16	37	-0.004331960008753937
9	42	-0.004366258489814931
2	54	-0.004381303376256279
2	38	-0.0043813033762562965
2	15	-0.00438130337625642
5	38	-0.004382881862992018
5	54	-0.0043828818629923025
5	15	-0.004382881862992393
13	23	-0.004418890871845103
13	30	-0.0044188908718451655
37	63	-0.004449450331328229
13	40	-0.004450747896682596
35	40	-0.004453512922530878
15	43	-0.0044545431042655945
38	43	-0.004454543104265618
43	54	-0.0044545431042657
16	47	-0.004464524158616796
19	21	-0.00446539982012235
19	32	-0.0044653998201223954
27	48	-0.004485487598210039
28	43	-0.0044883490136488745
20	44	-0.00449488763903382
27	62	-0.004502301616157209
5	43	-0.00451004416779523
42	62	-0.004523570466359694
25	40	-0.0045334981256900785
6	25	-0.004534320428914797
43	46	-0.004534568431163233
2	9	-0.004544074138743371
47	62	-0.004558481247994119
27	44	-0.004575842226248083
11	53	-0.004579024553379746
34	41	-0.004581215263793664
17	45	-0.004581432572111355
40	44	-0.004589333733475882
16	27	-0.004593607221474285
30	37	-0.004609609149605412
23	37	-0.004609609149605503
27	49	-0.004613644509317983
2	32	-0.004677802432570044
2	21	-0.004677802432570054
35	53	-0.004691537715978169
9	41	-0.004705170802991682
13	49	-0.004710893183244559
6	48	-0.004718251610667184
18	56	-0.004727039657372289
49	56	-0.004729126116191608
9	53	-0.004731277244478278
1	35	-0.004785399067265123
40	53	-0.004790493209511942
44	63	-0.0047978811490692
35	47	-0.004800768109327416
21	49	-0.00480872570082521
32	49	-0.004808725700825375
26	63	-0.004809508301294327
38	53	-0.004816818224895337
15	53	-0.004816818224895436
53	54	-0.004816818224895436
3	15	-0.00482552211679502
3	54	-0.004825522116795121
3	38	-0.004825522116795164
48	53	-0.004852230067166051
19	22	-0.004874011002708182
19	31	-0.004874011002708212
21	33	-0.004877257884367143
32	33	-0.004877257884367176
25	41	-0.0048802449400942895
18	30	-0.004911503355966735
18	23	-0.004911503355967032
17	35	-0.004919042127364735
11	42	-0.004924867122278374
21	48	-0.004934068878816594
32	48	-0.004934068878816762
21	34	-0.0049472208265808285
32	34	-0.004947220826580839
4	11	-0.0049497957195330095
34	44	-0.004957890713868885
21	62	-0.004997171124357625
32	62	-0.004997171124357704
8	21	-0.004999954978434489
8	32	-0.00499995497843463
5	9	-0.005000553923252457
13	47	-0.005004934331485645
7	40	-0.005007881282349698
6	63	-0.0050152833625001
8	16	-0.005026972964714067
45	46	-0.005036454981841627
1	7	-0.005043150277586884
23	40	-0.0050469395037745345
30	40	-0.005046939503774547
6	37	-0.005050465479073018
4	13	-0.005069174942030576
5	37	-0.005097525750833136
1	19	-0.005097915879793554
6	18	-0.005107244861304797
40	48	-0.00510926706014282
6	64	-0.005111129884963076
7	56	-0.005122072222971825
13	18	-0.005128498141326496
2	62	-0.005141210186868894
20	62	-0.0051429186142808525
40	63	-0.005153545184070929
33	45	-0.005157747692851027
7	27	-0.0051732325253582515
4	9	-0.005266518621900476
5	25	-0.005266625811584592
47	56	-0.005268798711477794
22	62	-0.005271661452995113
31	62	-0.005271661452995204
17	62	-0.005277152275920903
27	56	-0.005291987522328414
22	34	-0.005292669271021525
31	34	-0.005292669271021542
4	35	-0.005313810706094864
2	8	-0.005319540862794837
26	56	-0.005337154507701711
32	47	-0.005345802009344792
21	47	-0.005345802009345003
5	7	-0.0053519547379482476
31	47	-0.0053681213164192155
22	47	-0.005368121316419439
6	34	-0.005368956091313472
30	63	-0.005400336715129199
23	63	-0.00540033671512938
1	56	-0.005416278011974943
6	17	-0.005445222015838301
22	27	-0.005452815872088597
27	31	-0.005452815872088956
31	49	-0.005482799908937695
22	49	-0.00548279990893775
13	37	-0.00550598641064287
4	34	-0.005540562722379927
44	47	-0.005546013115215405
13	21	-0.005560585622102572
13	32	-0.0055605856221026565
2	23	-0.005579445420970161
2	30	-0.005579445420970376
30	56	-0.005594267762419891
23	56	-0.005594267762419999
37	40	-0.005594577216094116
3	28	-0.005605352264245411
44	48	-0.005613782617458238
6	62	-0.005615639411014026
42	44	-0.005615988112910097
1	39	-0.005648188517050548
6	52	-0.005665803415939994
35	42	-0.005713473586514209
19	40	-0.0057226112891986414
6	23	-0.005743723130923784
6	30	-0.005743723130923872
16	39	-0.005786716805249524
5	56	-0.005803433662016903
33	49	-0.00581465882850939
21	44	-0.0058182265731205425
32	44	-0.005818226573120549
5	19	-0.005853777109919068
13	42	-0.005857766771168832
19	43	-0.005862974822725091
13	53	-0.00592432477058343
17	33	-0.005933827431660196
17	31	-0.005955992712963551
17	22	-0.005955992712963689
16	25	-0.005957088853309233
17	23	-0.0059596795032654795
17	30	-0.005959679503265605
31	64	-0.005960671394630461
22	64	-0.0059606713946306475
33	63	-0.005978787641875627
17	40	-0.0059812748243319586
28	53	-0.005987563077078184
40	62	-0.005991822132185274
7	42	-0.006032783260049057
28	45	-0.006064016623546207
26	44	-0.006084449925000405
25	42	-0.006112128836629543
7	16	-0.0061245695184410295
33	62	-0.006225793701928971
13	34	-0.006235335223440432
8	31	-0.006238198159052095
8	22	-0.006238198159052125
46	56	-0.006252599137027024
28	41	-0.006268064322228574
47	52	-0.0063661355884575225
8	45	-0.00637186233408894
4	49	-0.00637241585502407
37	64	-0.006382974324803638
3	47	-0.006405580196642911
32	56	-0.006423405691693192
21	56	-0.0064234056916932895
32	39	-0.006447886270411873
21	39	-0.006447886270412123
1	53	-0.006462094538824167
20	30	-0.006494103525043201
20	23	-0.0064941035250433215
6	56	-0.006497436146082539
30	33	-0.006505672402281705
23	33	-0.00650567240228198
6	53	-0.0065327055441415285
30	32	-0.006535984881626529
23	32	-0.006535984881626532
21	30	-0.006535984881626638
21	23	-0.006535984881626752
20	46	-0.006563698345601695
43	44	-0.00658326205658584
5	8	-0.006596234649897742
37	44	-0.006680034624026274
20	26	-0.006684662069586946
7	52	-0.00672784728360519
7	41	-0.006760207531712047
2	49	-0.006766220553300705
16	49	-0.0068037447378894375
5	28	-0.006808253974143743
4	28	-0.006816862460086409
8	42	-0.006842458456107644
23	52	-0.006863663732618593
30	52	-0.006863663732618933
37	52	-0.006873934964940517
6	44	-0.006885882156131212
37	56	-0.006894964052366458
30	43	-0.0068984334652049326
23	43	-0.006898433465205019
23	45	-0.006913637890159556
30	45	-0.006913637890159728
44	52	-0.006940375854730799
5	34	-0.006990497145556287
22	52	-0.007003489798238562
31	52	-0.007003489798238626
1	33	-0.0070097340105243905
37	41	-0.007056234190244964
20	56	-0.0070872440379020005
27	53	-0.007105509411247695
39	42	-0.007121988635470889
7	43	-0.007141693564004779
20	37	-0.007179312130568823
31	37	-0.007251538964764599
22	37	-0.007251538964764844
1	3	-0.007278099914672279
4	17	-0.00727903420418142
16	40	-0.0072932869520375984
41	46	-0.007309348222653538
41	62	-0.007317516964985494
5	62	-0.007321312757588719
40	64	-0.007331763486983186
1	6	-0.007411563229507296
45	49	-0.007416537869782527
41	56	-0.007485489404841377
20	28	-0.0075278709769130755
5	64	-0.0075815048609901015
42	49	-0.007593923873813575
39	53	-0.007602194049232769
35	43	-0.007602574955172164
6	22	-0.007618286992688969
6	31	-0.007618286992689247
30	44	-0.00767745076512808
23	44	-0.007677450765128164
21	27	-0.007709388996805386
27	32	-0.007709388996805474
3	39	-0.007782040293768902
5	52	-0.007784801553644062
20	31	-0.007815809120006045
20	22	-0.007815809120006054
6	13	-0.007829274477531995
5	13	-0.007854010753658915
4	25	-0.007921766088815722
31	41	-0.00796282633585294
22	41	-0.007962826335853025
25	43	-0.007992045984398408
22	45	-0.008014966898704772
31	45	-0.008014966898704894
3	35	-0.008046452397362937
8	43	-0.008065776198756317
22	40	-0.008074086155155126
31	40	-0.008074086155155157
8	41	-0.008078591654111601
2	6	-0.008104261103968976
42	47	-0.008114784981768658
41	43	-0.008151952907096147
30	41	-0.008159281563577368
23	41	-0.008159281563577574
42	48	-0.00816120129577715
13	46	-0.008163479875896834
6	45	-0.00822270202231646
16	30	-0.008246396652854787
16	23	-0.008246396652854867
4	26	-0.00826554117903816
13	17	-0.008267760218307166
3	30	-0.008276225632698314
3	23	-0.008276225632698544
4	64	-0.008289325068776856
44	64	-0.008328328757021379
4	45	-0.008415853517514784
4	63	-0.008461580870201282
42	52	-0.0084742776481926
34	42	-0.008565000870870164
16	19	-0.008598343096226233
32	40	-0.008621469687847036
21	40	-0.008621469687847359
21	52	-0.008624045372133142
32	52	-0.008624045372133467
22	33	-0.008652421449394196
31	33	-0.008652421449394251
39	43	-0.008677078766300915
1	31	-0.008692483314809419
1	22	-0.00869248331480955
6	21	-0.008720663348627249
6	32	-0.008720663348627348
30	53	-0.008747081251672569
23	53	-0.008747081251672739
42	64	-0.008763662554040107
2	33	-0.008768342198052384
20	45	-0.008769021725344293
13	19	-0.008789292908021542
3	64	-0.008793072921409736
3	37	-0.008802462344173617
22	44	-0.008817232576761102
31	44	-0.008817232576761385
1	40	-0.008836867840855007
4	48	-0.008980338206853702
5	47	-0.009011151177972968
42	63	-0.009016661378731416
17	56	-0.009027760803714025
16	34	-0.009028667770858593
40	56	-0.009084144068831367
45	52	-0.00908719866765046
5	44	-0.009087449344151465
34	53	-0.009094304713826946
22	43	-0.009104497748933307
31	43	-0.00910449774893348
4	39	-0.009131160226605282
13	33	-0.009133166508362678
2	53	-0.009176474101584401
6	16	-0.009219826572056174
2	43	-0.009242105385031075
1	32	-0.009266645299443611
1	21	-0.009266645299443762
2	31	-0.009304188754964603
2	22	-0.009304188754964774
44	45	-0.009358641476969335
4	19	-0.009379075008375539
19	56	-0.00938373701640153
27	41	-0.009415869162529391
33	56	-0.009478758323492483
20	40	-0.009481232218826683
23	42	-0.009483752951214282
30	42	-0.009483752951214439
3	56	-0.009548346699256718
3	52	-0.00955783448957381
17	42	-0.009643754917878444
5	20	-0.009658976583945496
6	20	-0.009671936719392631
21	45	-0.009739461871395967
32	45	-0.009739461871396076
2	40	-0.009806904968353937
16	64	-0.009825281569153466
53	64	-0.009832206553267275
13	45	-0.009858271164814074
4	52	-0.009862052620753377
4	47	-0.009943510842152628
4	23	-0.01004426979899749
4	30	-0.010044269798997604
13	41	-0.010114243793171987
16	22	-0.010213918209733776
16	31	-0.010213918209733913
2	41	-0.010279975898679409
20	43	-0.010337237540527918
40	45	-0.0103619869725352
20	41	-0.010369956690320531
43	64	-0.010456793787126727
2	20	-0.01048485361827478
17	41	-0.010498722145857536
32	42	-0.010501850762090821
21	42	-0.010501850762091165
41	63	-0.010512037551871016
5	26	-0.010515290880397075
13	44	-0.010571671588689305
19	41	-0.010591047777444988
41	44	-0.010638106701914934
6	33	-0.010735358071497282
19	53	-0.010738228934086061
16	41	-0.010769811048841055
2	13	-0.010799115426303806
2	56	-0.010837831823524298
22	53	-0.010847347224480025
31	53	-0.01084734722448003
4	6	-0.010883585450653578
1	44	-0.010971597108462013
33	40	-0.01104162430085757
41	52	-0.011120460233109343
5	27	-0.01112818902281279
41	47	-0.011169688929365368
5	17	-0.011215381287011755
16	33	-0.011250358120641995
43	56	-0.011256146241236272
3	16	-0.01131858659646257
5	46	-0.011360786898313407
45	53	-0.01145404090602362
6	42	-0.011501141738187792
4	20	-0.011574173489672551
44	56	-0.011667102027010785
45	56	-0.01166791360960062
16	32	-0.011689097317521852
16	21	-0.011689097317521917
3	40	-0.011789086649212088
32	43	-0.01182625637529916
21	43	-0.011826256375299236
40	41	-0.011849529568779715
3	13	-0.011855585621517622
13	43	-0.011919163869771496
3	19	-0.011968761590978753
4	40	-0.011992931227391942
16	42	-0.011997559019396746
3	22	-0.01211308408561098
3	31	-0.012113084085611164
6	43	-0.01211421735029208
3	5	-0.012137982332074658
6	41	-0.012172075229734926
40	42	-0.012352959574779263
5	21	-0.012472768761105585
5	32	-0.012472768761105752
2	3	-0.012501334156726183
3	21	-0.01251886714046008
3	32	-0.012518867140460166
5	40	-0.01257929268189898
43	52	-0.012671387484711473
32	41	-0.012692406896161542
21	41	-0.012692406896161704
33	44	-0.012868521240890052
4	22	-0.012999034959018862
4	31	-0.01299903495901902
22	42	-0.013017006481413414
31	42	-0.013017006481413494
5	63	-0.013084906160337438
4	5	-0.01326946673957458
1	41	-0.013381098828452974
2	5	-0.013399851596797609
1	5	-0.01341826606241991
40	43	-0.013497265538392108
4	32	-0.013531852165561763
4	21	-0.013531852165561867
5	6	-0.013581003468149772
5	53	-0.01361539358546296
3	6	-0.01375243083287542
3	20	-0.013835844897952844
43	53	-0.01411368372522475
16	45	-0.014142330923668567
33	43	-0.014298412709785794
42	43	-0.014329449563371746
42	45	-0.014611852760410758
16	43	-0.015003304667090963
26	42	-0.015118483167267294
3	41	-0.015118751557868178
3	33	-0.015242923283282027
41	53	-0.015266360025272294
1	42	-0.015537953199840313
4	41	-0.015707285034060187
3	53	-0.01571174286330093
20	42	-0.015718976420755097
3	42	-0.015931856372258465
2	4	-0.015988646533057742
4	43	-0.016066016259052365
5	42	-0.016754842870022584
41	42	-0.017577605812500334
4	53	-0.018301736220748537
2	42	-0.018340049954663144
4	33	-0.018612224301091794
33	42	-0.01880538185084613
3	4	-0.018973659514209824
1	4	-0.019159124528983343
42	53	-0.019618303299633648
4	16	-0.02030168337768221
