#====================================================================================================
# This result is computed using mean-field DCA
# The first and second columns are site pairs. The third column represents interaction score
#====================================================================================================
43	55	0.4009738268978511
12	28	0.37412704585826334
44	54	0.3371279722812786
13	27	0.3282776619604564
42	56	0.32237003685398335
41	57	0.283590774408699
14	26	0.27987015679077437
15	25	0.2734600540124723
3	67	0.23310023706553507
45	53	0.22381759189223094
40	58	0.2213054403595137
16	24	0.204823507408935
4	66	0.18711615607255155
1	69	0.15546955173466392
10	30	0.14308038731083364
39	61	0.14272639521164202
2	68	0.11474817563751699
11	29	0.10054457586809457
59	60	0.08136295636367685
20	50	0.07296042508594121
6	64	0.07292397000843795
49	50	0.0382601522901872
9	42	0.036722992832420726
9	10	0.03610398828765044
9	28	0.03553033372945176
17	24	0.026395134253637653
29	53	0.025409813114205905
58	62	0.023265349390521474
10	29	0.02120864678092651
18	19	0.020776600571067286
15	16	0.020453851324867635
39	62	0.020030859859389828
11	66	0.019971779513941256
16	25	0.018959056512286503
10	53	0.018938479325895284
17	45	0.017778195070839747
33	56	0.01623266956582591
16	21	0.016190291092865662
17	57	0.015702189772512056
39	48	0.015487990427035504
2	62	0.014559936504590346
61	64	0.014520361937589954
6	61	0.014520361937589665
15	66	0.0142653352199743
11	33	0.01385233233232119
6	39	0.013352042037443768
39	64	0.013352042037443727
53	59	0.013146238588168718
2	69	0.012687339253770658
33	68	0.012421389320435764
4	11	0.012028256535657788
45	59	0.01199278987237163
4	15	0.011952165379973158
40	68	0.011895156943261695
21	62	0.011456940820187615
3	11	0.011334809514903066
11	62	0.011241189647305413
2	11	0.010958016045065567
17	53	0.010775562893059016
29	58	0.010043101224002484
21	24	0.010037482449296215
48	68	0.00975729755466946
21	67	0.009707918793449132
11	48	0.009603623788652923
45	68	0.009332049271804739
4	49	0.009240254849565109
4	39	0.009124051066038995
45	60	0.009109080715236148
17	63	0.009017642047149575
14	29	0.008949895510192348
10	45	0.008826681797878466
29	56	0.00864780954598809
3	26	0.008610459793272043
16	29	0.008439013398826172
48	55	0.00841225399135643
21	61	0.008349353791528982
29	61	0.008338470615304837
29	62	0.008319526132293729
53	60	0.008248582534886112
25	66	0.008233309011316928
16	48	0.008146171109982914
4	40	0.008025580577135951
28	62	0.00797745517957965
14	69	0.007930282693191812
26	49	0.007842523060697817
2	21	0.007531264252571439
53	62	0.007490041439218272
25	40	0.0072602834637192065
18	50	0.0069843509178247115
30	49	0.006913938573350646
19	50	0.006849317578954085
17	20	0.006842318550008954
2	67	0.006818588852295167
17	50	0.006797090229094752
54	58	0.006755530273292652
20	45	0.006688616635166627
9	15	0.006650788299148084
43	48	0.006532844169115473
64	67	0.00652766768912312
6	67	0.006527667689122783
33	48	0.006512623307292657
6	30	0.006485746918069989
30	64	0.006485746918069613
48	61	0.006476070918815687
36	68	0.006384704868921977
21	40	0.0062295363661604
36	48	0.006005163696804847
63	69	0.005983422996343523
18	52	0.005911737133053549
20	53	0.005903828581221881
10	49	0.005897931003153639
61	62	0.005761260535642679
20	60	0.005610393870431659
29	49	0.005571669564008121
29	33	0.005532768104366245
11	61	0.005486400762444521
9	20	0.005483043977015247
2	36	0.00543536907667253
66	68	0.005420407298398816
45	54	0.005356571605479881
66	69	0.005299406703996229
1	11	0.005285901188032285
9	68	0.005021026783214854
39	66	0.004993500199345526
1	58	0.004942372797868482
11	69	0.004892942653726936
13	62	0.0045879651816585505
21	44	0.00449472262225465
18	26	0.004489089897219386
12	17	0.00446846278595116
20	27	0.004385531287765016
4	63	0.004348728808037161
1	4	0.004279866755363664
11	39	0.004241317624669621
29	45	0.004211145125132003
15	36	0.0041518314464310665
1	40	0.004073701552467914
9	33	0.004049497846647407
11	21	0.003993071095225327
33	41	0.0039548968625347245
24	50	0.003945710518669131
9	40	0.0038817055343055747
2	48	0.003879677994976013
10	48	0.0038670048713574778
37	46	0.0038289999220911253
31	38	0.003828999922091092
31	47	0.0038289999220910828
22	51	0.0038289999220909557
35	65	0.0038289999220909553
35	38	0.0038289999220909514
35	51	0.0038289999220909475
38	46	0.003828999922090942
31	32	0.0038289999220909397
47	65	0.0038289999220909392
37	65	0.003828999922090926
51	65	0.003828999922090923
37	51	0.003828999922090919
46	47	0.0038289999220909145
22	37	0.0038289999220909093
38	47	0.003828999922090902
22	65	0.003828999922090865
22	47	0.0038289999220908577
35	47	0.0038289999220908477
46	51	0.003828999922090846
37	38	0.003828999922090839
22	32	0.0038289999220908265
22	38	0.003828999922090825
32	35	0.0038289999220908243
38	65	0.0038289999220908174
34	35	0.003828999922090811
37	47	0.0038289999220907996
22	23	0.0038289999220907853
47	51	0.0038289999220907844
31	35	0.0038289999220907714
34	47	0.0038289999220907675
22	34	0.003828999922090755
32	34	0.003828999922090749
35	46	0.003828999922090747
46	65	0.0038289999220907454
34	37	0.0038289999220907397
22	46	0.0038289999220907345
35	37	0.0038289999220907193
22	35	0.0038289999220907137
34	38	0.003828999922090708
38	51	0.003828999922090705
23	35	0.0038289999220907016
34	46	0.0038289999220907007
31	34	0.0038289999220906777
31	65	0.0038289999220906725
34	65	0.003828999922090669
22	31	0.003828999922090662
34	51	0.0038289999220906617
32	46	0.003828999922090636
32	51	0.003828999922090635
7	8	0.003828999922090604
31	37	0.003828999922090599
31	46	0.0038289999220905936
5	32	0.0038289999220905936
31	51	0.0038289999220905866
23	38	0.003828999922090583
23	31	0.003828999922090577
32	65	0.0038289999220905485
5	65	0.003828999922090544
23	32	0.0038289999220905316
23	46	0.0038289999220905203
23	47	0.0038289999220905186
5	51	0.003828999922090518
23	34	0.0038289999220905147
5	46	0.0038289999220905103
5	7	0.0038289999220905042
5	47	0.0038289999220904956
23	37	0.003828999922090486
7	34	0.003828999922090475
23	51	0.0038289999220904743
23	65	0.00382899992209042
5	22	0.0038289999220904184
8	46	0.0038289999220904158
5	8	0.003828999922090408
5	37	0.0038289999220904036
32	37	0.0038289999220904036
5	35	0.0038289999220904
7	35	0.0038289999220903854
8	47	0.003828999922090376
5	23	0.0038289999220903676
5	31	0.00382899992209036
5	34	0.0038289999220903455
7	31	0.0038289999220903403
8	23	0.0038289999220903364
8	37	0.003828999922090334
8	38	0.003828999922090327
8	65	0.003828999922090326
8	51	0.0038289999220903186
32	38	0.003828999922090305
32	47	0.003828999922090296
8	22	0.0038289999220902913
5	38	0.0038289999220902835
8	35	0.0038289999220902484
8	32	0.0038289999220902354
7	23	0.0038289999220902354
8	31	0.0038289999220902137
7	38	0.003828999922090179
7	47	0.0038289999220901703
7	37	0.0038289999220901456
7	46	0.003828999922090138
8	34	0.003828999922090136
7	51	0.003828999922090134
7	65	0.003828999922090083
7	22	0.003828999922090031
7	32	0.0038289999220900263
29	30	0.003819307818207378
17	68	0.003751421652523913
9	13	0.003692823014364967
48	62	0.003688531939868263
14	68	0.003681079400072503
33	69	0.00365502865872432
19	20	0.003639330794244799
39	68	0.00353984447219435
50	52	0.003506995396148466
2	39	0.003414473703428079
24	59	0.0033288820634281985
1	2	0.003316906339114547
32	52	0.00331138307080808
8	52	0.0033113830708080606
5	52	0.003311383070808034
7	52	0.0033113830708079188
31	52	0.003311383070807917
23	52	0.0033113830708078594
47	52	0.0033113830708078294
22	52	0.0033113830708078195
37	52	0.003311383070807811
35	52	0.0033113830708078017
51	52	0.0033113830708077965
34	52	0.0033113830708077327
38	52	0.003311383070807729
46	52	0.003311383070807714
52	65	0.003311383070807315
57	62	0.003168054219635225
6	21	0.003158624543370376
21	64	0.003158624543370123
24	45	0.003136657883840304
30	53	0.003129943962519555
49	62	0.0030969027559422865
25	69	0.0030443606605307164
9	45	0.003020829218341915
55	63	0.003011451119594522
14	48	0.0030030431428392703
21	48	0.0029702311818786504
9	63	0.0029661109663713025
9	30	0.0029289183734099167
2	66	0.0029271420322039485
1	36	0.0029008247917752163
21	36	0.002891164658986476
18	33	0.0028786226401432756
30	45	0.002844950696604037
49	55	0.0027900501268575597
13	60	0.0027407166249466966
20	29	0.0027336325814061547
19	51	0.0027012438351710077
19	37	0.0027012438351710073
7	19	0.0027012438351709427
8	19	0.0027012438351709336
19	65	0.0027012438351708776
19	34	0.002701243835170817
5	19	0.0027012438351708148
19	22	0.0027012438351707883
19	23	0.002701243835170766
19	35	0.0027012438351707263
19	38	0.002701243835170724
19	47	0.0027012438351707137
19	46	0.0027012438351706964
19	32	0.0027012438351706734
19	31	0.002701243835170632
21	60	0.002693289117653283
33	62	0.002666129488657457
12	18	0.0026597068086131838
3	56	0.002635281147785263
16	33	0.002604426037741401
24	60	0.002589609002197123
2	3	0.002588376392423642
63	65	0.0025700622813063256
23	63	0.0025700622813061343
7	63	0.0025700622813060177
22	63	0.0025700622813059956
34	63	0.002570062281305913
46	63	0.0025700622813058845
37	63	0.0025700622813058837
51	63	0.0025700622813058707
31	63	0.0025700622813058585
32	63	0.002570062281305856
38	63	0.0025700622813058255
35	63	0.0025700622813057492
47	63	0.0025700622813056664
5	63	0.002570062281305642
8	63	0.0025700622813056204
11	20	0.0025298296737370704
9	64	0.002516444347979206
6	9	0.002516444347978884
6	19	0.0024663223359245004
19	64	0.002466322335924257
57	64	0.0024538135176847683
6	57	0.0024538135176847328
16	20	0.002450322356803202
36	59	0.0024287542071878415
8	36	0.002402126527404846
5	36	0.002402126527404699
7	36	0.0024021265274043954
31	36	0.0024021265274043616
23	36	0.002402126527404342
32	36	0.0024021265274042714
36	38	0.0024021265274042523
35	36	0.002402126527404252
36	47	0.002402126527404247
36	51	0.002402126527404216
36	46	0.0024021265274041925
36	65	0.002402126527404083
36	37	0.0024021265274040806
34	36	0.0024021265274040606
22	36	0.0024021265274038308
26	62	0.0023978014640041907
26	30	0.0023901872452112855
10	60	0.0023356946797999196
12	45	0.0023231187140830747
50	61	0.0023129331975253803
17	41	0.0023062515308940506
36	52	0.0022999423803199675
19	52	0.0022924363028797227
18	22	0.0021873462379092237
18	23	0.0021873462379090334
5	18	0.002187346237909
18	32	0.0021873462379089705
7	18	0.0021873462379089466
18	65	0.0021873462379087627
18	31	0.0021873462379087233
18	34	0.0021873462379086977
18	35	0.00218734623790861
18	38	0.002187346237908606
18	37	0.002187346237908605
18	46	0.0021873462379085958
18	47	0.002187346237908593
18	51	0.002187346237908588
8	18	0.0021873462379085494
10	16	0.0021819025405812563
11	49	0.00217655969547907
58	60	0.0021505013250586727
17	28	0.0021436286459440325
30	33	0.0021249736238104456
53	63	0.0021223202103882906
10	59	0.0021053973419587774
26	63	0.0020951710751139947
52	63	0.0020748604784503397
13	57	0.0020712362799715344
21	33	0.002067401780470009
18	45	0.002061952029379759
33	57	0.002059132967695846
13	41	0.002058340180225774
36	69	0.0020520126596426844
1	62	0.0020117056137364323
19	36	0.001990891824647968
58	59	0.0019850928250486144
1	25	0.0019198568338969855
33	40	0.0019073840848158833
45	63	0.0018328909743076868
18	36	0.001791451020099534
6	18	0.0017807247331554528
18	64	0.001780724733154902
57	69	0.001740100640840899
20	62	0.0017391080906699972
20	61	0.001705247005914649
18	20	0.0016968790578209478
20	39	0.0016929922882039771
40	43	0.0016154753172805125
1	60	0.0015873329451878263
25	60	0.0015655169653916116
60	69	0.0015524859229376665
36	62	0.001547536896882619
16	59	0.0015250516624766173
27	41	0.0015126051883828477
11	12	0.0015066901440086763
19	63	0.0015042429532088931
54	59	0.0014576549918343333
44	59	0.0014388047498993725
21	59	0.00143871312514804
33	52	0.0014189173636928014
27	60	0.0013735818546238869
13	64	0.0013630181486791702
6	13	0.0013630181486791425
40	59	0.0013562646181806545
50	63	0.0013465069608706187
9	17	0.0013306653510611055
60	62	0.001326747857273485
1	9	0.0013042321865957933
41	69	0.0012939917790855404
48	49	0.0012764096000585992
6	41	0.0012561873665651608
41	64	0.0012561873665649587
45	58	0.001216852830047882
9	12	0.0012158650807826046
17	42	0.001199321864507748
24	53	0.0011963908329938322
17	49	0.001188413156185435
30	59	0.0011738997631332271
17	52	0.001138472883447517
54	60	0.0011192977179275382
50	60	0.001104418168435635
50	64	0.0011011475612131586
6	50	0.0011011475612130684
21	56	0.0010534130329169344
49	63	0.0010532284482267528
39	58	0.0010353586144554762
20	59	0.0010132057594355376
68	69	0.0009551637585685224
49	54	0.0009536200353042878
36	60	0.0009330290164246615
14	19	0.000929685925545814
1	30	0.0009136836984834397
9	18	0.0009105342715766554
28	48	0.0009082965164671775
43	49	0.0008972090253181655
4	24	0.0008852879830569694
36	63	0.0008844795624244465
4	21	0.0008551316178291371
9	60	0.0008486197909266906
41	52	0.000828570075360659
21	39	0.0008101815326602684
16	58	0.0008096069235410328
51	64	0.0007865691342987863
6	35	0.0007865691342987401
8	64	0.0007865691342987377
37	64	0.0007865691342987247
47	64	0.0007865691342987156
38	64	0.0007865691342986655
46	64	0.0007865691342986267
6	34	0.0007865691342986182
6	46	0.0007865691342985883
6	51	0.0007865691342985861
6	47	0.0007865691342985837
34	64	0.0007865691342985792
6	23	0.0007865691342985649
6	22	0.0007865691342985369
6	31	0.0007865691342984942
7	64	0.0007865691342984872
23	64	0.0007865691342984484
32	64	0.00078656913429843
5	6	0.0007865691342984133
31	64	0.0007865691342983728
64	65	0.0007865691342983647
5	64	0.0007865691342983413
6	7	0.0007865691342982186
6	8	0.0007865691342981032
22	64	0.0007865691342980976
6	38	0.0007865691342980969
6	37	0.0007865691342980824
6	65	0.0007865691342980679
35	64	0.0007865691342979944
6	32	0.000786569134297948
12	26	0.0007788218904393115
44	49	0.0007772953212263865
29	60	0.0007572171957806123
40	49	0.0007565126193190934
33	49	0.000753230533755647
26	68	0.0007395242664770037
29	59	0.0007021291045313214
1	10	0.0006225713018429852
60	67	0.0005559360009821904
14	49	0.0005479462153479319
1	61	0.0004626855425158456
21	49	0.00043930535582608916
12	48	0.00042611226114341524
33	42	0.000423906741819198
18	63	0.0003769024587408714
30	62	0.0003766751127933926
3	63	0.00037222769668499283
11	15	0.0003613011574140467
58	69	0.00035333558828171824
8	49	0.0003198590461014146
7	49	0.0003198590461012626
35	49	0.00031985904610121164
46	49	0.0003198590461012058
47	49	0.00031985904610120036
32	49	0.00031985904610116393
37	49	0.00031985904610114745
34	49	0.00031985904610113726
5	49	0.0003198590461011169
38	49	0.0003198590461010156
23	49	0.00031985904610098916
22	49	0.00031985904610097333
49	51	0.00031985904610096487
31	49	0.0003198590461009447
49	65	0.00031985904610083433
2	59	0.0003129880305706629
18	42	0.0003015733535278813
45	69	0.00028987319538396547
25	48	0.00024485332658912354
14	24	0.0002377824743433326
13	54	0.00023082621549395596
14	30	0.00022671404851037913
21	43	0.00022105295854705012
9	59	0.00021495734618047577
6	52	0.00020065363645782488
52	64	0.00020065363645701173
33	46	0.00019497040990014273
33	51	0.0001949704099001399
33	37	0.00019497040990013796
33	65	0.00019497040990012603
33	38	0.0001949704099001
33	47	0.00019497040989999983
5	33	0.00019497040989994692
8	33	0.00019497040989987428
32	33	0.00019497040989985173
33	35	0.00019497040989985065
33	34	0.00019497040989982896
31	33	0.0001949704098998242
7	33	0.0001949704098998038
22	33	0.0001949704098997496
23	33	0.0001949704098996956
19	39	0.00016598014732978122
19	61	0.0001087836252869367
2	29	7.25314462449566e-05
19	27	6.581249650687224e-05
19	54	6.114310732647198e-05
21	54	4.286963275776032e-05
27	59	3.2028391935054424e-05
15	33	2.391456456768328e-05
3	60	2.0004293868599926e-05
33	44	1.0520337486146641e-05
33	54	-8.177877734941857e-07
4	56	-1.196708824788284e-05
1	63	-1.7133620914744005e-05
21	30	-2.6091218406789837e-05
8	17	-2.6189659069705742e-05
5	17	-2.6189659070026232e-05
17	37	-2.618965907003187e-05
17	38	-2.618965907013335e-05
17	46	-2.6189659070150265e-05
17	47	-2.61896590701546e-05
17	22	-2.6189659070168913e-05
17	35	-2.6189659070194717e-05
17	32	-2.6189659070198186e-05
17	65	-2.6189659070211197e-05
17	51	-2.6189659070221605e-05
7	17	-2.6189659070225942e-05
17	23	-2.61896590702589e-05
17	31	-2.6189659070280803e-05
17	34	-2.6189659070302703e-05
16	60	-3.352115365793653e-05
11	18	-3.730371242618253e-05
27	62	-5.819476828276826e-05
29	39	-6.216321066242377e-05
58	61	-8.830492673678192e-05
9	36	-0.0001006670569213314
14	63	-0.00012281794780707837
16	63	-0.00013009048917513033
13	59	-0.0001301010599063328
64	66	-0.00015009015708564513
6	66	-0.00015009015708569197
40	60	-0.00019842020136115034
2	53	-0.00020983804375504338
24	28	-0.00023770567948278032
49	52	-0.00024786413281807705
33	50	-0.0002787423225669673
18	56	-0.00029585848256908276
17	25	-0.0002999866228232586
36	64	-0.00030182630008810784
6	36	-0.0003018263000884281
13	19	-0.00031808867181334303
8	9	-0.0003271026650268922
9	23	-0.00032710266502700256
9	22	-0.00032710266502701687
9	34	-0.00032710266502702684
9	32	-0.0003271026650270483
5	9	-0.00032710266502706956
7	9	-0.0003271026650270986
9	31	-0.0003271026650271732
9	35	-0.00032710266502718665
9	65	-0.00032710266502737964
9	37	-0.00032710266502739395
9	46	-0.0003271026650274022
9	51	-0.00032710266502740523
9	38	-0.00032710266502740675
9	47	-0.0003271026650274382
59	68	-0.0003296677971439758
21	32	-0.00033837006171057974
8	21	-0.0003383700617105895
21	23	-0.00033837006171063937
21	35	-0.00033837006171072914
7	21	-0.000338370061710753
21	22	-0.0003383700617107747
21	31	-0.00033837006171079376
21	38	-0.0003383700617108185
21	46	-0.00033837006171084363
5	21	-0.0003383700617108458
21	47	-0.00033837006171085014
21	34	-0.0003383700617108972
21	37	-0.00033837006171095747
21	65	-0.00033837006171097265
21	51	-0.000338370061711031
1	50	-0.00033951936902883607
30	60	-0.00034429973245769384
15	59	-0.00036126374449164597
36	58	-0.0003704949656491022
44	48	-0.0003875405458591847
31	62	-0.00040467018108829756
8	62	-0.00040467018108832466
32	62	-0.000404670181088396
34	62	-0.0004046701810884073
7	62	-0.0004046701810884086
38	62	-0.0004046701810884129
23	62	-0.00040467018108845433
37	62	-0.0004046701810885825
22	62	-0.00040467018108858313
51	62	-0.000404670181088584
46	62	-0.0004046701810885894
47	62	-0.00040467018108861284
5	62	-0.00040467018108866683
35	62	-0.00040467018108870456
62	65	-0.0004046701810887809
52	61	-0.0004121022249581809
10	50	-0.00043253764713866143
61	65	-0.0004350315686763987
5	61	-0.0004350315686769339
7	61	-0.0004350315686769816
22	61	-0.0004350315686770089
47	61	-0.00043503156867710476
32	61	-0.0004350315686771117
31	61	-0.0004350315686771364
34	61	-0.0004350315686771798
51	61	-0.00043503156867726695
8	61	-0.00043503156867730425
23	61	-0.00043503156867735174
46	61	-0.0004350315686773567
38	61	-0.00043503156867736714
37	61	-0.0004350315686774313
35	61	-0.0004350315686774582
21	27	-0.00043972142597100555
9	56	-0.0004530530292147592
2	63	-0.0004655085745034855
63	66	-0.00047477217749450004
17	30	-0.0004859066199400337
31	50	-0.0004978924940272765
32	50	-0.0004978924940274912
8	50	-0.000497892494027493
50	65	-0.0004978924940275026
7	50	-0.0004978924940275116
50	51	-0.0004978924940275377
34	50	-0.000497892494027543
37	50	-0.0004978924940275482
23	50	-0.0004978924940275721
22	50	-0.0004978924940275784
35	50	-0.0004978924940275833
38	50	-0.0004978924940275879
5	50	-0.0004978924940275897
47	50	-0.0004978924940276195
46	50	-0.0004978924940276223
58	68	-0.000513225761623274
48	63	-0.000522984722935002
17	66	-0.0005413153414495315
14	18	-0.0005432005580438093
30	63	-0.0005452709001766034
4	52	-0.0005466095068122905
17	67	-0.0005540572335815475
5	48	-0.0005564999847340088
8	48	-0.0005564999847340606
7	48	-0.0005564999847341256
23	48	-0.000556499984734187
38	48	-0.0005564999847342302
47	48	-0.0005564999847342659
37	48	-0.0005564999847342974
32	48	-0.0005564999847343199
22	48	-0.0005564999847343405
46	48	-0.0005564999847343642
48	65	-0.0005564999847343698
31	48	-0.0005564999847343739
48	51	-0.000556499984734393
35	48	-0.0005564999847344041
34	48	-0.0005564999847344075
26	33	-0.0005738246619039662
1	16	-0.0005785609317477351
48	59	-0.0005913642460641843
44	60	-0.000595407904298064
2	55	-0.0005988744815131064
3	7	-0.0006111664350646785
3	32	-0.0006111664350647774
3	5	-0.0006111664350648273
3	23	-0.0006111664350648843
3	34	-0.0006111664350649283
3	51	-0.0006111664350649522
3	31	-0.000611166435064955
3	47	-0.0006111664350649619
3	37	-0.0006111664350649626
3	22	-0.0006111664350649634
3	65	-0.0006111664350649795
3	8	-0.0006111664350649877
3	38	-0.0006111664350650333
3	35	-0.000611166435065048
3	46	-0.000611166435065061
18	40	-0.0006117761931115542
20	37	-0.000615493806067467
20	65	-0.0006154938060674782
20	46	-0.0006154938060674952
20	51	-0.0006154938060674969
20	47	-0.0006154938060675755
20	38	-0.0006154938060675868
20	34	-0.0006154938060677162
7	20	-0.0006154938060677476
8	20	-0.0006154938060677703
20	31	-0.0006154938060677942
5	20	-0.000615493806067817
20	35	-0.0006154938060678478
20	22	-0.0006154938060680071
20	23	-0.0006154938060680252
20	32	-0.0006154938060680549
4	20	-0.0006302649928092152
3	64	-0.0006416799541893803
3	6	-0.0006416799541894627
48	52	-0.0006589345610367372
4	19	-0.0006668259974946314
21	41	-0.0006701417037844205
9	52	-0.0006729711571955756
32	67	-0.0006742888426967543
23	67	-0.000674288842696789
34	67	-0.0006742888426969121
7	67	-0.0006742888426969356
5	67	-0.0006742888426969551
8	67	-0.0006742888426969755
35	67	-0.0006742888426970392
37	67	-0.0006742888426970498
65	67	-0.0006742888426970537
51	67	-0.0006742888426970962
46	67	-0.0006742888426971416
38	67	-0.0006742888426972077
31	67	-0.0006742888426972237
47	67	-0.0006742888426972409
22	67	-0.0006742888426973551
63	64	-0.0006774613676768415
6	63	-0.000677461367677252
48	50	-0.0006959366170863532
20	48	-0.0007099208249855562
36	67	-0.0007125058593512317
21	29	-0.0007138995618341231
43	63	-0.0007156266207097488
4	5	-0.0007160826928389627
4	7	-0.0007160826928391882
4	32	-0.0007160826928392593
4	38	-0.0007160826928392912
4	23	-0.0007160826928393259
4	34	-0.0007160826928393339
4	8	-0.0007160826928393732
4	22	-0.0007160826928393788
4	31	-0.000716082692839379
4	47	-0.0007160826928393901
4	46	-0.0007160826928394556
4	51	-0.0007160826928394577
4	35	-0.0007160826928395525
4	37	-0.0007160826928395902
4	65	-0.0007160826928396084
33	36	-0.0007193558448233689
63	67	-0.0007351618142025472
36	49	-0.0007419059979262355
18	54	-0.0007504058143983062
17	36	-0.0007563938679922865
9	19	-0.0007635297772143571
21	52	-0.0007751855314153658
20	64	-0.0007754080311073693
6	20	-0.0007754080311074166
3	21	-0.0007822693368519521
3	36	-0.000782870302829967
1	27	-0.0007938225167049614
1	66	-0.0008069591124079747
19	33	-0.0008127885086384064
1	20	-0.0008260984749012511
42	68	-0.0008280275766665689
20	24	-0.00082875391263514
52	62	-0.0008367387446265413
1	59	-0.0008527167524321592
49	56	-0.0008686724322872043
18	61	-0.0008737570113215012
29	48	-0.0008777652127763443
7	39	-0.0008853171503675119
39	46	-0.0008853171503675485
39	47	-0.0008853171503675563
5	39	-0.0008853171503676203
34	39	-0.0008853171503676355
37	39	-0.000885317150367706
23	39	-0.0008853171503677097
35	39	-0.0008853171503677246
38	39	-0.0008853171503677374
8	39	-0.0008853171503677391
39	65	-0.0008853171503677738
39	51	-0.0008853171503678042
32	39	-0.0008853171503678246
31	39	-0.0008853171503678309
22	39	-0.000885317150367848
33	39	-0.0008880935759365983
2	60	-0.000896138778497139
3	52	-0.0009123517432798134
10	21	-0.000924057816213927
30	61	-0.0009312811278141594
17	21	-0.000936786162028171
49	66	-0.0009539137699977199
47	66	-0.0009547594806428468
34	66	-0.0009547594806430266
31	66	-0.0009547594806430587
8	66	-0.0009547594806430765
35	66	-0.0009547594806430916
7	66	-0.0009547594806431138
5	66	-0.0009547594806431532
32	66	-0.0009547594806431723
22	66	-0.000954759480643184
38	66	-0.0009547594806432363
23	66	-0.0009547594806432634
46	66	-0.000954759480643357
65	66	-0.0009547594806433692
37	66	-0.0009547594806434
51	66	-0.0009547594806434282
26	52	-0.0009576000342534112
18	58	-0.0009577432697229276
33	63	-0.0009608808578014621
52	67	-0.0009801730603037385
45	50	-0.0010001097530602373
19	44	-0.0010022167094276093
9	11	-0.001003696224549466
2	34	-0.0010069790280133528
2	32	-0.001006979028013462
2	31	-0.0010069790280134655
2	22	-0.0010069790280135037
2	35	-0.001006979028013525
2	38	-0.0010069790280135848
2	23	-0.0010069790280136932
2	46	-0.001006979028013704
2	65	-0.0010069790280137466
2	51	-0.0010069790280137778
2	47	-0.0010069790280138186
2	37	-0.0010069790280138285
2	5	-0.0010069790280138467
2	8	-0.0010069790280138732
2	7	-0.0010069790280139179
19	48	-0.001025722098985969
19	49	-0.0010329857988011983
18	39	-0.0010418894003893743
52	66	-0.0010639353646487214
2	49	-0.0010650901608197285
39	52	-0.0010800840924071833
2	52	-0.0010864639492245073
18	29	-0.0010916567582192611
40	52	-0.0010982944382199604
42	52	-0.001113416161436403
5	41	-0.001120466212074029
8	41	-0.0011204662120741047
31	41	-0.0011204662120741127
41	46	-0.00112046621207413
41	47	-0.0011204662120741702
7	41	-0.00112046621207418
35	41	-0.0011204662120741825
32	41	-0.001120466212074215
22	41	-0.0011204662120742337
34	41	-0.0011204662120742341
41	51	-0.0011204662120742376
41	65	-0.0011204662120742684
23	41	-0.0011204662120742693
38	41	-0.0011204662120743785
37	41	-0.0011204662120745152
25	30	-0.0011246321843719417
21	63	-0.00112669593794275
4	61	-0.0011302482257776842
65	68	-0.0011328085195624498
38	68	-0.0011328085195625138
37	68	-0.0011328085195625344
51	68	-0.0011328085195625671
46	68	-0.0011328085195626183
47	68	-0.0011328085195626187
35	68	-0.0011328085195627287
7	68	-0.0011328085195627864
31	68	-0.0011328085195628594
8	68	-0.0011328085195628644
5	68	-0.0011328085195629473
23	68	-0.0011328085195629685
32	68	-0.0011328085195629702
22	68	-0.0011328085195629763
34	68	-0.001132808519563061
17	56	-0.0011357363209197075
10	58	-0.0011369715165662053
14	36	-0.0011406961988431248
29	52	-0.0011430864724709948
10	69	-0.0011440158449695613
1	7	-0.001150596382849939
1	32	-0.0011505963828499703
1	8	-0.0011505963828499833
1	5	-0.0011505963828500139
1	65	-0.0011505963828501624
1	22	-0.0011505963828501767
1	23	-0.0011505963828501828
1	46	-0.0011505963828502038
1	51	-0.001150596382850205
1	47	-0.001150596382850212
1	35	-0.0011505963828502407
1	38	-0.0011505963828502698
1	37	-0.0011505963828502982
1	34	-0.0011505963828503465
1	31	-0.001150596382850384
7	42	-0.001155879279144744
31	42	-0.00115587927914482
8	42	-0.0011558792791448638
37	42	-0.0011558792791448846
42	65	-0.001155879279144924
42	51	-0.0011558792791449717
35	42	-0.001155879279144986
32	42	-0.0011558792791450025
34	42	-0.0011558792791450732
38	42	-0.001155879279145081
5	42	-0.0011558792791450923
42	47	-0.0011558792791451207
23	42	-0.001155879279145127
22	42	-0.001155879279145159
42	46	-0.001155879279145162
52	54	-0.001162293670430364
19	67	-0.0011730373173096456
19	62	-0.001182358642070143
36	66	-0.0011849336845849608
36	61	-0.0011870215642710638
48	53	-0.0011870849619964024
3	19	-0.001203675047004612
60	68	-0.0012039111861390302
11	36	-0.0012140886885995531
24	49	-0.001231672367480007
19	69	-0.001233410559422421
17	44	-0.0012338994378299425
3	18	-0.0012425039304078973
52	58	-0.001250756924431063
43	59	-0.0012669785373531335
36	50	-0.001273246919958859
15	60	-0.0012774662155354054
48	60	-0.0012852752071007118
27	57	-0.001286193136471202
41	48	-0.001298207675161321
5	69	-0.0013015711927216946
7	69	-0.0013015711927217898
23	69	-0.0013015711927218034
34	69	-0.0013015711927218353
8	69	-0.001301571192721881
22	69	-0.001301571192721888
32	69	-0.0013015711927219867
31	69	-0.0013015711927220886
47	69	-0.0013015711927221395
46	69	-0.0013015711927221582
35	69	-0.0013015711927221812
38	69	-0.0013015711927222172
65	69	-0.001301571192722369
37	69	-0.0013015711927223724
51	69	-0.00130157119272244
17	48	-0.0013077769271530623
8	56	-0.0013078875703782756
7	56	-0.0013078875703783663
5	56	-0.0013078875703784335
32	56	-0.0013078875703784517
22	56	-0.0013078875703785128
46	56	-0.0013078875703785402
23	56	-0.0013078875703785454
38	56	-0.00130788757037857
34	56	-0.0013078875703785718
31	56	-0.0013078875703785775
37	56	-0.0013078875703785896
35	56	-0.0013078875703785905
56	65	-0.0013078875703786295
51	56	-0.0013078875703786495
47	56	-0.0013078875703788867
30	36	-0.0013311229721793992
27	33	-0.001336811360956122
49	64	-0.001342858710583306
6	49	-0.0013428587105835618
20	52	-0.0013455308207731844
1	52	-0.0013512030305480008
33	67	-0.0013601280938655268
11	67	-0.0013673408102237525
19	53	-0.0013679235447513842
30	66	-0.0013699100366406577
10	36	-0.0013716992305805682
45	49	-0.0013752495672572015
25	64	-0.0013951386781866281
6	25	-0.0013951386781866628
19	68	-0.001401510109032768
52	57	-0.001425386379324107
25	52	-0.0014304423361108428
62	68	-0.0014352329486923441
55	64	-0.001437906528516406
6	55	-0.001437906528516407
23	30	-0.0014604894451810816
22	30	-0.0014604894451810888
7	30	-0.0014604894451811794
30	51	-0.001460489445181209
30	34	-0.0014604894451812115
30	38	-0.0014604894451812165
30	46	-0.0014604894451812477
30	37	-0.0014604894451812596
8	30	-0.001460489445181275
30	32	-0.0014604894451812752
30	65	-0.0014604894451812787
5	30	-0.0014604894451812921
30	35	-0.0014604894451814001
30	47	-0.0014604894451814537
30	31	-0.0014604894451814923
39	50	-0.001465061813577427
31	57	-0.0014655185198476563
38	57	-0.0014655185198476704
34	57	-0.0014655185198476873
7	57	-0.001465518519847692
32	57	-0.0014655185198476943
37	57	-0.0014655185198477417
8	57	-0.0014655185198477758
51	57	-0.0014655185198477782
47	57	-0.0014655185198478254
35	57	-0.001465518519847853
46	57	-0.0014655185198478545
23	57	-0.001465518519847905
57	65	-0.0014655185198479454
22	57	-0.0014655185198479538
5	57	-0.0014655185198481089
8	25	-0.001492998072343003
7	25	-0.0014929980723430254
23	25	-0.0014929980723431423
22	25	-0.0014929980723431906
25	38	-0.0014929980723431973
25	65	-0.0014929980723432086
25	47	-0.0014929980723432277
25	37	-0.001492998072343229
25	46	-0.0014929980723432338
25	51	-0.0014929980723432696
5	25	-0.0014929980723432765
25	34	-0.00149299807234328
25	31	-0.0014929980723432912
25	32	-0.0014929980723433329
25	35	-0.0014929980723434712
52	68	-0.0014969538394510097
2	25	-0.0015100606439158552
18	27	-0.0015110981643705686
26	36	-0.0015129528336967394
19	21	-0.001521175276778225
24	33	-0.0015223624709047303
49	53	-0.0015302633675024352
50	59	-0.0015414739630659749
44	52	-0.0015555227775108419
52	56	-0.0015559326968547608
52	69	-0.0015633073094983242
18	68	-0.001565720064957221
20	33	-0.0015760306554337996
19	66	-0.001577457027121352
18	48	-0.0015828091299174678
20	63	-0.001593759960418122
18	66	-0.0015972255606238684
7	40	-0.0016253111042896053
5	40	-0.0016253111042897597
23	40	-0.0016253111042897873
8	40	-0.0016253111042898402
37	40	-0.001625311104289864
38	40	-0.0016253111042898896
31	40	-0.001625311104289981
35	40	-0.0016253111042900316
40	65	-0.001625311104290104
40	46	-0.0016253111042901238
40	47	-0.0016253111042901342
40	51	-0.0016253111042901461
32	40	-0.0016253111042901494
22	40	-0.0016253111042901607
34	40	-0.0016253111042901873
49	67	-0.001630544346552112
20	55	-0.0016397587882290548
21	42	-0.001651316625266205
13	18	-0.0016540912423471188
1	29	-0.0016582569926529758
1	19	-0.0016597306607302911
7	29	-0.0016705935089363372
8	29	-0.001670593508936393
5	29	-0.0016705935089364088
29	35	-0.0016705935089364435
23	29	-0.001670593508936453
29	31	-0.0016705935089365155
22	29	-0.0016705935089365506
29	38	-0.0016705935089366217
29	32	-0.0016705935089366404
29	46	-0.0016705935089366551
29	47	-0.0016705935089366638
29	37	-0.0016705935089366668
29	34	-0.001670593508936682
29	65	-0.0016705935089367419
29	51	-0.0016705935089369056
10	57	-0.0016736153860406264
62	69	-0.001680366276064325
18	44	-0.0016826730375528662
25	63	-0.0016848683665087686
20	30	-0.0017007017971530898
18	67	-0.0017082091791175821
30	52	-0.0017144417918473686
18	49	-0.0017153068318305124
13	68	-0.0017245931596584895
43	54	-0.0017455218378725629
4	36	-0.0017484442164827515
26	37	-0.001752457924188763
26	38	-0.0017524579241888056
26	47	-0.0017524579241888333
26	34	-0.0017524579241888563
26	32	-0.0017524579241888568
26	31	-0.0017524579241888633
26	65	-0.0017524579241889023
26	46	-0.0017524579241889296
26	51	-0.0017524579241889426
26	35	-0.0017524579241889808
5	26	-0.0017524579241890272
7	26	-0.0017524579241890424
23	26	-0.0017524579241891846
22	26	-0.0017524579241892284
8	26	-0.0017524579241893251
7	11	-0.0017533811496093896
11	37	-0.0017533811496094412
8	11	-0.00175338114960945
11	65	-0.0017533811496094633
11	35	-0.0017533811496094663
11	51	-0.0017533811496095015
5	11	-0.0017533811496095015
11	47	-0.0017533811496096077
11	38	-0.0017533811496096207
11	34	-0.0017533811496096554
11	46	-0.0017533811496096576
11	31	-0.0017533811496096836
11	23	-0.001753381149609809
11	22	-0.0017533811496098955
11	32	-0.0017533811496098974
17	64	-0.0017616884639445425
6	17	-0.001761688463944647
14	20	-0.0017664039151442405
19	56	-0.0017669193251410521
15	48	-0.0017754409317410399
50	53	-0.0017766295353037406
17	58	-0.0017798328357527529
61	63	-0.0017833243914662754
1	15	-0.0017842143100147197
13	20	-0.0017856583010957272
56	63	-0.0017910102648448422
59	67	-0.00179213597562682
4	18	-0.0017946201250851881
13	24	-0.0018038109326827048
7	16	-0.0018249115432632324
16	37	-0.0018249115432633024
16	65	-0.0018249115432633263
16	51	-0.001824911543263367
16	38	-0.0018249115432633712
16	47	-0.001824911543263421
5	16	-0.0018249115432634488
16	46	-0.0018249115432634896
16	35	-0.0018249115432635147
16	23	-0.0018249115432635256
16	32	-0.0018249115432635516
16	22	-0.0018249115432636357
16	34	-0.0018249115432636782
16	31	-0.0018249115432636838
8	16	-0.0018249115432637326
9	25	-0.0018289907780718456
41	59	-0.0018308632400392995
11	52	-0.0018648431355527345
33	43	-0.00186569700799555
21	69	-0.001866804718554999
20	36	-0.0018782507845170532
16	19	-0.001880904845342811
59	62	-0.0018876097572801762
16	26	-0.0018889270756087123
19	42	-0.0018923944526268743
50	66	-0.0019182986770045823
30	39	-0.0019200914555316771
54	55	-0.0019233939010730589
26	48	-0.0019296121394934427
11	59	-0.0019299499906925408
14	52	-0.0019381903270344072
20	49	-0.001943370626401682
11	60	-0.001948821214745244
15	37	-0.001950874575642554
15	51	-0.0019508745756425586
15	22	-0.0019508745756426314
15	34	-0.0019508745756426319
15	35	-0.001950874575642636
15	65	-0.0019508745756426876
15	23	-0.001950874575642721
15	46	-0.0019508745756427635
15	31	-0.001950874575642773
15	38	-0.0019508745756427871
15	47	-0.0019508745756427956
7	15	-0.0019508745756428017
8	15	-0.0019508745756428405
15	32	-0.0019508745756428565
5	15	-0.0019508745756431248
14	32	-0.0019662759230391945
14	34	-0.0019662759230392205
14	22	-0.0019662759230392236
14	51	-0.0019662759230393055
14	23	-0.0019662759230393077
14	38	-0.001966275923039329
14	47	-0.0019662759230393767
14	37	-0.001966275923039396
14	31	-0.001966275923039404
5	14	-0.0019662759230394127
14	46	-0.0019662759230394183
14	65	-0.0019662759230394196
7	14	-0.0019662759230394556
14	35	-0.0019662759230394816
8	14	-0.0019662759230395788
30	48	-0.0019743345860528966
39	60	-0.0019774397493853976
10	40	-0.0019846911949934487
59	69	-0.0019853868075903353
2	43	-0.0019860624294114025
9	48	-0.001988936217178475
53	58	-0.001991999660712283
54	68	-0.0019977511831255467
21	68	-0.0020007581410223883
14	44	-0.002005466554279304
12	52	-0.0020070741172004644
2	19	-0.002008674359909734
33	55	-0.002026805418158273
8	27	-0.002029607238779722
7	27	-0.0020296072387797825
27	32	-0.0020296072387798914
23	27	-0.002029607238779892
22	27	-0.0020296072387799152
27	35	-0.002029607238779968
27	31	-0.0020296072387800297
5	27	-0.002029607238780058
27	34	-0.002029607238780097
27	37	-0.00202960723878016
27	65	-0.002029607238780219
27	51	-0.002029607238780224
27	38	-0.0020296072387802257
27	46	-0.002029607238780264
27	47	-0.0020296072387802734
3	59	-0.0020478505885334055
15	20	-0.0020494287491710774
26	45	-0.0020514996803976705
24	36	-0.0020535940347014368
17	40	-0.002060100231505645
29	68	-0.002082128799832014
36	39	-0.0020872216567566822
4	69	-0.002087378900497006
30	67	-0.0020932714496101727
32	58	-0.002106012049339301
5	58	-0.0021060120493393026
22	58	-0.002106012049339378
34	58	-0.002106012049339385
23	58	-0.002106012049339399
8	58	-0.0021060120493394227
31	58	-0.002106012049339427
37	58	-0.002106012049339444
47	58	-0.002106012049339445
35	58	-0.002106012049339452
38	58	-0.002106012049339473
7	58	-0.002106012049339492
51	58	-0.0021060120493395004
46	58	-0.0021060120493395108
58	65	-0.002106012049339869
23	24	-0.0021079564236314583
22	24	-0.0021079564236314774
7	24	-0.0021079564236314973
24	51	-0.002107956423631556
24	35	-0.002107956423631578
24	37	-0.0021079564236315814
5	24	-0.002107956423631587
24	38	-0.002107956423631591
24	34	-0.0021079564236315975
8	24	-0.0021079564236316153
24	46	-0.0021079564236316274
24	47	-0.0021079564236316365
24	32	-0.0021079564236316647
24	31	-0.002107956423631671
24	65	-0.0021079564236316873
15	21	-0.0021121544026505472
24	63	-0.0021148078617375127
19	30	-0.002115905402509973
10	32	-0.0021230811231648648
10	34	-0.0021230811231649637
10	35	-0.00212308112316497
10	23	-0.0021230811231649853
10	37	-0.0021230811231650036
10	31	-0.002123081123165016
10	65	-0.0021230811231650482
8	10	-0.0021230811231650495
10	22	-0.0021230811231650526
5	10	-0.002123081123165064
10	51	-0.002123081123165073
7	10	-0.0021230811231651436
10	38	-0.0021230811231652247
10	47	-0.00212308112316527
10	46	-0.0021230811231652707
20	66	-0.0021282060459763717
16	52	-0.002129883867189232
18	62	-0.002133597190494444
2	15	-0.0021357582686669634
18	21	-0.002142602129861636
15	52	-0.002152649848712894
21	57	-0.0021569657620544615
10	61	-0.0021578837537796457
50	67	-0.0021889811820470957
55	59	-0.0021929264823139514
13	51	-0.0022136804935651982
8	13	-0.002213680493565265
13	37	-0.0022136804935653023
13	23	-0.002213680493565353
13	65	-0.0022136804935653617
13	38	-0.0022136804935653886
13	46	-0.0022136804935653977
13	47	-0.002213680493565404
13	22	-0.0022136804935654186
13	32	-0.0022136804935655482
7	13	-0.0022136804935655972
13	35	-0.0022136804935656
5	13	-0.002213680493565609
13	31	-0.002213680493565678
13	34	-0.0022136804935657035
27	40	-0.002228153011303793
11	19	-0.002231946655803313
48	66	-0.0022372321340043237
21	58	-0.0022407441415816486
50	62	-0.0022478090344886627
34	54	-0.0022721281030056244
37	54	-0.0022721281030057073
8	54	-0.0022721281030057367
46	54	-0.002272128103005786
35	54	-0.0022721281030057936
31	54	-0.0022721281030058382
32	54	-0.0022721281030058387
38	54	-0.002272128103005858
5	54	-0.0022721281030058916
51	54	-0.002272128103005919
7	54	-0.0022721281030059206
22	54	-0.0022721281030059267
54	65	-0.002272128103005947
47	54	-0.002272128103005976
23	54	-0.0022721281030060043
40	48	-0.002274143034277174
12	32	-0.002278878701870659
5	12	-0.0022788787018706612
7	12	-0.0022788787018707293
8	12	-0.0022788787018707627
12	23	-0.002278878701870794
12	46	-0.002278878701870803
12	34	-0.0022788787018708165
12	38	-0.0022788787018708317
12	47	-0.0022788787018708768
12	22	-0.002278878701870889
12	35	-0.0022788787018708954
12	37	-0.002278878701870923
12	65	-0.002278878701870963
12	51	-0.0022788787018710064
12	31	-0.002278878701871035
33	64	-0.002286906840581545
6	33	-0.002286906840581915
17	26	-0.0022873174010477094
3	20	-0.002292018611396639
18	69	-0.0022922507000058276
42	48	-0.0022941596303773064
7	44	-0.002295380487257005
38	44	-0.002295380487257119
8	44	-0.0022953804872571887
31	44	-0.0022953804872572017
44	47	-0.0022953804872572516
23	44	-0.0022953804872572776
22	44	-0.0022953804872572806
44	65	-0.002295380487257303
44	51	-0.002295380487257319
44	46	-0.002295380487257324
5	44	-0.0022953804872573452
32	44	-0.002295380487257365
34	44	-0.0022953804872574146
35	44	-0.002295380487257455
37	44	-0.002295380487257536
40	50	-0.0022976935529359973
19	26	-0.00230905309709683
36	57	-0.0023258593781235364
19	25	-0.002333676300664496
10	52	-0.002336570551943674
17	59	-0.0023474149461148886
16	49	-0.0023486126468695925
24	48	-0.0023590027344062552
17	27	-0.0023595844859013934
12	54	-0.0023710613946859235
62	63	-0.002371708990420933
28	41	-0.002372599248723656
25	36	-0.002391298491070238
12	19	-0.0023958551922501105
26	69	-0.002398697714699574
1	28	-0.002401184212558966
1	17	-0.0024038623578926392
17	33	-0.0024144014503156225
27	52	-0.0024160003974688883
43	52	-0.002426791853914515
41	60	-0.002427595484726975
2	12	-0.00244389946941986
44	61	-0.002448063206954256
4	25	-0.002448663950371039
19	59	-0.0024535809881295542
19	55	-0.0024556920783906826
33	58	-0.002455885248349986
18	55	-0.0024575267191010437
18	59	-0.0024581126469090156
36	42	-0.002470200868715429
20	26	-0.002472317733250062
10	63	-0.0024831824808159717
39	63	-0.0024853571569212305
42	63	-0.002485687665302791
20	69	-0.0024942771180964446
36	56	-0.002502912500776865
28	59	-0.0025072908286489348
12	63	-0.0025194761721977956
29	36	-0.0025210469484836812
15	19	-0.002537107331591104
28	52	-0.002548181440520069
24	52	-0.0025488347504056355
60	61	-0.0025654776507004133
10	44	-0.002566331135076823
10	67	-0.0025665167635899747
13	52	-0.0025677498848352006
5	55	-0.0025890191765468524
38	55	-0.0025890191765469825
7	55	-0.002589019176547017
23	55	-0.002589019176547031
31	55	-0.0025890191765470453
35	55	-0.0025890191765470492
32	55	-0.0025890191765471043
8	55	-0.002589019176547116
55	65	-0.002589019176547147
37	55	-0.0025890191765471707
22	55	-0.002589019176547209
46	55	-0.0025890191765472414
47	55	-0.0025890191765472535
51	55	-0.0025890191765472657
34	55	-0.002589019176547266
62	66	-0.002593457319039546
27	50	-0.0025937763372307476
10	27	-0.002597249145617363
52	55	-0.002604497413294298
21	50	-0.002605794929394149
5	43	-0.002620212629485516
43	65	-0.002620212629485521
43	51	-0.002620212629485568
43	46	-0.002620212629485586
8	43	-0.0026202126294855954
43	47	-0.002620212629485598
22	43	-0.0026202126294856097
7	43	-0.0026202126294856756
32	43	-0.002620212629485718
35	43	-0.0026202126294857316
31	43	-0.0026202126294858404
23	43	-0.002620212629485851
34	43	-0.0026202126294859575
37	43	-0.00262021262948602
38	43	-0.0026202126294860434
15	63	-0.0026278959036601635
36	41	-0.0026290818497280524
19	57	-0.002631520034325878
39	59	-0.0026520976683753533
16	36	-0.0026536152965148893
9	62	-0.0026608891034781397
19	41	-0.0026650280659044467
2	20	-0.0026720813839673646
25	59	-0.002677056341430939
25	49	-0.0026779556131209777
2	18	-0.0026800456789286596
7	28	-0.002693269623024949
28	37	-0.002693269623025025
23	28	-0.0026932696230250377
28	38	-0.00269326962302505
28	65	-0.002693269623025054
22	28	-0.0026932696230250576
28	34	-0.002693269623025088
8	28	-0.0026932696230250967
28	46	-0.0026932696230250975
28	51	-0.0026932696230251027
28	47	-0.0026932696230251097
28	35	-0.0026932696230251396
5	28	-0.002693269623025222
28	31	-0.0026932696230253014
28	32	-0.002693269623025314
18	57	-0.002694140022661385
2	17	-0.002700301040970939
33	59	-0.0027112468991024184
9	24	-0.0027217543306503394
1	18	-0.002725293206035482
32	53	-0.0027276389152523207
53	65	-0.0027276389152523298
31	53	-0.0027276389152523337
7	53	-0.002727638915252383
51	53	-0.002727638915252432
46	53	-0.0027276389152524365
35	53	-0.002727638915252503
23	53	-0.002727638915252506
5	53	-0.002727638915252536
38	53	-0.0027276389152525375
37	53	-0.002727638915252576
8	53	-0.0027276389152526026
22	53	-0.0027276389152526065
34	53	-0.002727638915252622
47	53	-0.002727638915252641
18	30	-0.0027301198859254272
14	59	-0.002742676461451014
19	45	-0.00274604561356257
41	55	-0.0027496360011994465
14	58	-0.0027557213920007886
17	61	-0.002763703081373444
33	61	-0.002766983984663003
9	29	-0.002771881220487637
1	24	-0.0027868811053880296
24	62	-0.0027926171340337076
27	48	-0.0027944286888200104
10	39	-0.002809828428203563
61	66	-0.002810868670886587
4	33	-0.002818594725326493
42	60	-0.0028216097853640894
16	39	-0.002836235751442498
45	61	-0.002841295064009812
19	40	-0.002851004982024216
63	68	-0.002853890513260033
20	25	-0.0028575428641700595
19	43	-0.0028644841273764267
16	41	-0.0028669761037405893
57	59	-0.002870382563276778
43	60	-0.002871475220272705
26	59	-0.002872695806755487
13	26	-0.0028796241244969465
3	50	-0.0028878852384009467
17	62	-0.0028932237559685307
27	63	-0.0028972177480595124
59	61	-0.002907151701972837
17	60	-0.0029086609403923135
30	69	-0.002909097093332224
27	36	-0.0029239509632354027
43	66	-0.0029327834798293165
16	18	-0.0029354287388649986
49	59	-0.0029472014045098974
19	28	-0.002955530731183232
26	53	-0.0029582590131022237
4	50	-0.0029651648525480666
29	50	-0.0029655024278239964
6	59	-0.002972518091391538
59	64	-0.0029725180913915644
2	40	-0.0029753716916606915
36	40	-0.002981705010837117
19	60	-0.0029877931878557738
28	60	-0.002990242875180216
13	36	-0.002992905987093058
14	17	-0.0029950974654705657
24	44	-0.003004067945690343
18	60	-0.003006105491274195
59	66	-0.003006807023851337
3	17	-0.0030076626921195482
57	68	-0.003037532759821977
42	59	-0.003038911873437587
44	58	-0.003044649054396137
4	59	-0.003048626268156531
44	63	-0.0030506207680394
12	59	-0.0030639253379235727
28	63	-0.0030826035575573715
9	14	-0.0030836050631308674
19	58	-0.003086331746315339
56	60	-0.0030878452201912178
48	69	-0.0030921772087380245
30	43	-0.0030963611208747396
30	68	-0.003116120504550236
56	59	-0.003135840024936757
24	42	-0.0031371922237485982
14	21	-0.003141355087827402
15	49	-0.003147987449136507
20	21	-0.003159042922278981
49	58	-0.003167812876234242
33	60	-0.0031785035258203014
20	68	-0.0031834320081158022
36	44	-0.0031850083696320654
6	53	-0.0031868512305216036
53	64	-0.003186851230521986
9	50	-0.0031935269954536548
3	48	-0.0031994667571438986
12	36	-0.003201274002241981
2	58	-0.0032067135050200223
30	58	-0.0032134472571613074
57	60	-0.0032144497073804913
50	68	-0.0032200471197373123
6	60	-0.003221107583374889
60	64	-0.0032211075833750435
18	41	-0.0032235028612139717
29	63	-0.0032282485190216073
4	62	-0.0032283136774327982
8	45	-0.0032394703627832504
23	45	-0.0032394703627833064
31	45	-0.0032394703627833654
7	45	-0.003239470362783372
35	45	-0.0032394703627834052
5	45	-0.0032394703627834564
32	45	-0.003239470362783477
45	46	-0.0032394703627834807
45	51	-0.0032394703627834868
37	45	-0.0032394703627834937
45	47	-0.0032394703627834976
45	65	-0.0032394703627835007
22	45	-0.003239470362783583
34	45	-0.0032394703627835917
38	45	-0.0032394703627838094
59	63	-0.0032492756828345374
52	59	-0.0032633715406089865
41	63	-0.003264508912060411
14	60	-0.0032658582974182744
44	50	-0.003269337519478877
59	65	-0.003279103466444417
22	59	-0.0032791034664444926
34	59	-0.0032791034664445056
23	59	-0.0032791034664445113
46	59	-0.003279103466444527
47	59	-0.003279103466444547
35	59	-0.003279103466444548
51	59	-0.0032791034664445672
32	59	-0.0032791034664445694
38	59	-0.00327910346644457
37	59	-0.0032791034664445746
7	59	-0.0032791034664445876
8	59	-0.003279103466444589
5	59	-0.0032791034664446253
31	59	-0.0032791034664446535
45	64	-0.0032817709302650454
6	45	-0.0032817709302654452
58	66	-0.003297775655219517
2	33	-0.0033024629765187772
58	63	-0.0033045667293828927
10	33	-0.003305906563526722
40	63	-0.003309269033571143
50	57	-0.0033345029821049378
3	24	-0.0033381579618140395
10	62	-0.003340201244831781
29	57	-0.0033437870879647405
25	33	-0.003350644476370045
52	60	-0.0033522680225418675
52	53	-0.0033526144952823315
13	49	-0.003352931017002632
8	60	-0.003354753469660792
60	65	-0.0033547534696608005
23	60	-0.0033547534696609753
5	60	-0.0033547534696609944
7	60	-0.003354753469660995
22	60	-0.003354753469660997
35	60	-0.0033547534696610048
34	60	-0.0033547534696610356
32	60	-0.003354753469661095
47	60	-0.0033547534696611006
31	60	-0.003354753469661112
46	60	-0.003354753469661118
37	60	-0.0033547534696611427
51	60	-0.003354753469661153
38	60	-0.0033547534696611553
6	48	-0.0033605391158127856
48	64	-0.0033605391158128147
49	69	-0.0033605613347197855
1	67	-0.0033790827867432004
49	61	-0.003384295960582226
60	63	-0.003394874942563745
49	60	-0.0034194209766370766
4	60	-0.0034265464513538063
18	25	-0.0034266131131719365
36	54	-0.0034386857361634513
1	57	-0.003444190947303324
30	50	-0.0034452367167049198
14	33	-0.0034553134643329243
13	21	-0.0034688769757809674
10	20	-0.003473582575662347
9	27	-0.0034811078094470083
15	68	-0.0034898061378569496
11	24	-0.003493620839378559
11	14	-0.003498392905167836
17	69	-0.003501773702988204
14	62	-0.0035080903615190224
40	66	-0.003532307738569671
21	53	-0.003533847861158508
42	50	-0.003534326371051189
6	11	-0.0035360462162346063
11	64	-0.0035360462162349533
12	60	-0.0035448426197604004
25	67	-0.0035633667928748405
28	36	-0.0035762489313547097
17	43	-0.003591441935253273
18	53	-0.00359278424553971
6	10	-0.0035983934726230866
10	64	-0.003598393472623172
3	33	-0.0036094381127658864
18	28	-0.003647210336153584
27	69	-0.0036536835798135266
50	54	-0.0036919445578445904
55	60	-0.0036921937307450243
6	62	-0.003702474922135935
62	64	-0.003702474922136584
67	69	-0.0037062913487838625
20	42	-0.0037083082349567958
44	66	-0.0037106543579845837
36	55	-0.0037321906971885853
61	68	-0.0037345030149793235
60	66	-0.0037524957314197874
11	17	-0.003753095356274306
3	10	-0.003759226511532949
39	40	-0.0037722718280228315
13	63	-0.0037828938554836573
15	57	-0.0037937952863625404
11	55	-0.0037976989717068647
12	49	-0.00380398103263956
57	63	-0.003827319419609475
15	18	-0.0038308583952596565
11	63	-0.003843340354619478
36	43	-0.0038453416673782277
9	49	-0.0038585379921098947
17	19	-0.003878546902062843
18	43	-0.0038798264015990147
45	52	-0.003907159895052173
24	30	-0.003908722707306276
44	68	-0.003919456329054838
39	67	-0.003925381733266005
30	40	-0.003928484959511657
13	33	-0.00393529648723214
12	50	-0.003937096375998759
15	62	-0.00394416416092271
11	30	-0.003978802826764894
19	29	-0.003987035469392261
9	53	-0.003988248740075962
6	27	-0.003990928210035372
27	64	-0.003990928210035522
17	39	-0.004016804963484595
29	64	-0.004016816991491276
6	29	-0.004016816991491327
9	21	-0.004027048019885049
14	50	-0.004042963005397139
1	48	-0.0040493468106622766
40	62	-0.004052848534427581
29	69	-0.004074278781314993
19	24	-0.004151727955011917
3	14	-0.004175149159275577
33	66	-0.004175834026046821
4	48	-0.004203783907448689
42	64	-0.004216001327039363
6	42	-0.0042160013270397725
50	58	-0.004230369006336497
48	57	-0.0042423812851529255
9	16	-0.004250114872602009
13	30	-0.004265764531898274
17	18	-0.004270996729937411
64	68	-0.004273422390182512
6	68	-0.00427342239018272
30	55	-0.00427795204486983
39	49	-0.0043005118022681026
48	58	-0.004302422253674137
21	66	-0.004312361252443631
9	61	-0.004324090486924921
4	17	-0.004325152696968083
15	64	-0.004333578142879694
6	15	-0.004333578142879733
26	60	-0.004335576681549946
20	40	-0.004336920034267227
36	53	-0.004348591159967862
9	69	-0.004349199861286019
2	10	-0.004375789439340827
2	13	-0.004379067882263858
4	42	-0.004391297650656195
6	58	-0.00441420388511142
58	64	-0.004414203885111571
54	62	-0.004419134527163498
6	24	-0.004429996566189308
24	64	-0.004429996566189369
2	45	-0.004433976114185483
48	67	-0.004434074922184407
4	64	-0.0044341080650228916
4	6	-0.004434108065023076
3	29	-0.004434346465528583
6	44	-0.004442416418308784
44	64	-0.0044424164183087846
40	57	-0.004467548701603026
16	27	-0.004476511023832003
1	49	-0.004497023526703788
44	69	-0.004544664678013727
50	56	-0.004559797893752292
10	41	-0.004583760794414478
49	68	-0.0045878178445696045
15	24	-0.004588664609751016
3	49	-0.004590251187049925
1	64	-0.004611917604691084
1	6	-0.004611917604691125
33	45	-0.004654675974778099
43	56	-0.004655918307540174
36	45	-0.004663048653492955
4	28	-0.00466848150252743
16	68	-0.004668622438457224
24	68	-0.004680783530864964
10	15	-0.004682644664552652
41	45	-0.0046845965420737636
15	69	-0.0047059813534544815
29	54	-0.004709983935079848
1	39	-0.004710372764783286
2	16	-0.00472096355588988
2	6	-0.00473768359015584
2	64	-0.004737683590155953
13	50	-0.004761425537374898
20	58	-0.004764644219074065
2	30	-0.0047673671169127935
41	49	-0.004768177663395254
13	17	-0.004780555964897423
17	54	-0.004800126206749753
16	50	-0.004802464305712833
10	12	-0.004805168211639434
6	69	-0.004813808672934675
64	69	-0.004813808672934846
41	67	-0.004823528779721035
54	63	-0.004833761873469273
1	33	-0.004872312056578904
44	53	-0.00492155079749188
20	67	-0.004930707409028468
50	55	-0.004935758592185167
10	17	-0.004939830624951132
1	21	-0.004942580867397847
40	55	-0.004977351821236655
1	26	-0.0049969323063988914
1	54	-0.005042325097646398
12	68	-0.005050605881268419
27	58	-0.0050530332225401375
16	64	-0.005062022306157159
6	16	-0.005062022306157379
2	50	-0.0050770692387454375
6	14	-0.005082234163375541
14	64	-0.005082234163375875
13	66	-0.0051152161119137115
1	68	-0.005117798980829284
6	56	-0.005120281188253552
56	64	-0.005120281188253731
29	44	-0.00513922404054456
49	57	-0.005148907130290632
16	17	-0.0051676878749241425
24	39	-0.005185144852689285
3	66	-0.005192529640116602
11	42	-0.005201041026607206
40	69	-0.005208522873447989
27	49	-0.005211538736214154
61	67	-0.005215601364599566
42	49	-0.0052237684926461836
28	49	-0.005272628269203652
45	67	-0.0052734717477958435
24	43	-0.005278864907462254
15	30	-0.005291548767702714
25	58	-0.005310296585503764
42	61	-0.00534562298508388
3	27	-0.005346877600338101
3	69	-0.005350053090473776
13	48	-0.00536575137424683
17	55	-0.00536608297043527
24	67	-0.0053782590771986796
66	67	-0.005435192521525376
6	54	-0.0054357785094772395
54	64	-0.005435778509477359
29	67	-0.005467111265395402
50	69	-0.00546798483802597
33	53	-0.005468933865857308
24	61	-0.0054716986560905635
41	43	-0.0055409829505120006
10	28	-0.005546967508839306
28	69	-0.005563104217870884
61	69	-0.005565840802079747
15	27	-0.005566314000786525
11	16	-0.0055706382475368115
29	42	-0.0055712839474414185
6	43	-0.00559067622413919
43	64	-0.0055906762241394806
12	30	-0.005634767381323987
3	44	-0.0056507985374281726
3	61	-0.00565189675236657
16	53	-0.005667429590581757
56	62	-0.005689952291159255
40	64	-0.005724391701465044
6	40	-0.00572439170146515
57	61	-0.0057257574716810845
62	67	-0.005727596894526515
26	50	-0.0057286816819681445
20	44	-0.0057302288728475915
14	57	-0.005750289552068315
39	41	-0.0057502929651941205
4	44	-0.005754593529494715
11	26	-0.005780399678056382
25	50	-0.005794030101400573
9	39	-0.005802358216417397
40	44	-0.00581589174928674
11	50	-0.005855976320054241
18	24	-0.005867560560563662
20	57	-0.005880178542947639
26	61	-0.005892597228957202
6	26	-0.005897238424700796
26	64	-0.005897238424700885
16	62	-0.005903646124959153
45	48	-0.00590427356114639
13	15	-0.005905630079309235
10	66	-0.005910222534602796
12	20	-0.005918077304498449
3	13	-0.0059343789602707
43	50	-0.005942877170729216
11	40	-0.005952088071453355
44	67	-0.0059689201694500624
9	26	-0.005969181942155849
44	62	-0.005980685708525876
48	56	-0.005993262437217274
41	68	-0.005995202458721059
24	26	-0.0059954000461768745
12	33	-0.006013729867947867
10	19	-0.006036204941631561
40	61	-0.006058398935785257
48	54	-0.006063949187721272
11	54	-0.006073401481537998
4	30	-0.006080715360922228
3	62	-0.006099734497814885
1	53	-0.006100081973060744
53	67	-0.00611366484422984
2	9	-0.006120412993008296
26	41	-0.006120630357535899
12	58	-0.006121744322242682
44	57	-0.006130609950520758
4	68	-0.006130726818233854
27	68	-0.006135677916170982
2	41	-0.00613654019732138
54	61	-0.0061385069711607804
39	57	-0.0061583126942036034
9	67	-0.006183667075800372
3	9	-0.006192546429897515
20	56	-0.006202603679061652
25	61	-0.0062050058514138045
41	50	-0.00620845806043515
11	57	-0.006218743502226242
26	28	-0.006225132560666254
16	44	-0.006225541212941067
9	41	-0.00622996794308513
28	29	-0.006230484251976505
55	62	-0.006252063700443147
4	14	-0.006254818961143702
40	56	-0.006265418551086912
4	10	-0.00628208550336617
4	29	-0.006282756387080981
12	69	-0.006283398450852455
25	56	-0.006283543214914445
20	41	-0.0062933251397339005
40	53	-0.006297594047113874
54	66	-0.0062990559368410765
3	39	-0.006300472127642967
56	67	-0.006321679452707964
10	68	-0.006341275400602828
11	28	-0.006363838095685633
53	68	-0.006375210841949903
24	40	-0.006398984369867421
3	12	-0.006399802230972786
21	28	-0.006404290357175709
24	54	-0.006409700027381053
10	18	-0.006414165644187695
43	62	-0.006426837722392442
12	62	-0.006430979156664809
3	42	-0.0064496670548797085
28	30	-0.006467395725198064
10	11	-0.006502964759630935
15	50	-0.006516242147291449
2	61	-0.006519730293999039
55	56	-0.006529291667904547
3	41	-0.0065501409598912284
16	66	-0.006554143355449172
41	62	-0.006556298560811193
25	62	-0.006561012615628208
16	61	-0.006582367602163776
12	29	-0.006583702935536555
4	9	-0.0066015910880763695
21	25	-0.006619442412688848
67	68	-0.006651142906751194
58	67	-0.00666945309181327
26	27	-0.006696730690151462
14	41	-0.006712228409856198
26	57	-0.006724948036258109
56	69	-0.006731121557032741
53	55	-0.00673358197911629
41	58	-0.006735122113230912
12	44	-0.0067363956646858195
2	42	-0.006738015643885311
2	27	-0.006745352086802096
11	44	-0.00675999711050063
3	55	-0.006798754769171224
21	26	-0.006803048512765012
6	12	-0.0068330572130093515
12	64	-0.006833057213009539
45	62	-0.006871388167223981
26	67	-0.006878227591731317
2	28	-0.006880398575981093
12	40	-0.0068830532288420634
1	3	-0.00689028365553141
13	16	-0.006902650356994161
42	67	-0.006905185710809451
39	69	-0.006909995567648148
3	68	-0.006911975915530711
1	43	-0.0069216254067109365
21	55	-0.0069263916084842374
55	68	-0.006952873975838264
42	69	-0.006958136888632567
2	26	-0.0069689752667706825
41	61	-0.006974728418330696
42	62	-0.006985209730681145
24	58	-0.007001431396186593
15	17	-0.007004729969916364
39	55	-0.007014886560879699
1	45	-0.007032867807312733
13	29	-0.007042566994544544
11	56	-0.0070560696995111555
3	4	-0.007059388682429547
2	14	-0.007084105691122707
15	67	-0.007086730450660512
14	43	-0.007105667877933765
45	66	-0.007112957166930747
28	50	-0.007121935904824838
3	16	-0.007143991295461932
53	66	-0.007174981207833135
29	40	-0.0071805188869009
56	58	-0.0071889398761095825
25	39	-0.007194364862784186
3	30	-0.007249346283351438
20	43	-0.007253193613791227
27	61	-0.007260512686041435
3	57	-0.007290258926781614
28	39	-0.007305112675556781
11	25	-0.007338369888629896
30	56	-0.0073515265714357795
4	43	-0.0073610457270954915
13	61	-0.007377631845423529
10	26	-0.007380310858020546
10	43	-0.007384785303426806
56	68	-0.007391094198045171
15	42	-0.007396471126861132
2	4	-0.007417211495298908
9	66	-0.007445908010057525
30	41	-0.007460145206572375
9	44	-0.007502510469066297
43	57	-0.0075088421802228834
45	55	-0.007526334216834468
14	25	-0.007535166640396039
24	66	-0.0075971738927952375
13	67	-0.007609156118141938
14	53	-0.007646770165993798
15	61	-0.0076496420486707834
4	27	-0.007653609592290345
15	40	-0.007653876856186065
13	69	-0.0076547065060030665
15	28	-0.007712568889628171
4	67	-0.007718600178242574
25	68	-0.007744598312547727
28	58	-0.007758690652705083
12	27	-0.007794291166862314
55	66	-0.007812261691976272
27	53	-0.007822973842300072
27	30	-0.007823986614447321
9	57	-0.00782579146306207
20	54	-0.007849200755111294
1	13	-0.007909873694742268
24	25	-0.007945948610143284
12	21	-0.007969903902977409
6	28	-0.007977558174036675
28	64	-0.00797755817403689
14	28	-0.007983086976076723
42	45	-0.007988568997507793
16	28	-0.00798985040706538
25	42	-0.007993826935557035
1	55	-0.007999697049812961
14	39	-0.008019582314394771
28	33	-0.008034355486610132
10	55	-0.008035403568247786
14	16	-0.008073181225070173
1	14	-0.00807616404588338
16	54	-0.008121161024213557
10	24	-0.00813051359301356
14	45	-0.008139014113131782
28	68	-0.008174533419502287
27	67	-0.00817454280389301
53	61	-0.008176934818189392
2	24	-0.008182071379215314
1	12	-0.008198041177876236
16	69	-0.008218497197011978
3	40	-0.00822050308308661
11	58	-0.008227046213485181
11	41	-0.008259793749019133
1	41	-0.008278186614407098
24	69	-0.008281011074342558
24	57	-0.00828527485314553
39	45	-0.00829493658665614
54	67	-0.008297677097341038
2	56	-0.008306723920819572
39	42	-0.008379960071421784
16	67	-0.008384460350814558
4	54	-0.008406705091037178
56	61	-0.00840762639112242
16	40	-0.008451728014589094
41	44	-0.008493729132254015
16	30	-0.008519604024250694
12	39	-0.008532153562813111
13	56	-0.00853577989173238
4	13	-0.008536529733764155
30	57	-0.008567260107683095
11	27	-0.008584012072931293
21	45	-0.008595154434792127
30	54	-0.00860397671558302
15	56	-0.008614473014330333
2	54	-0.00862170883026125
2	44	-0.008626579878052714
17	29	-0.008633040093136101
4	58	-0.008635984522294336
10	14	-0.008654742766591169
43	45	-0.008656332733332047
11	53	-0.00866431112068388
9	43	-0.008665767679183563
11	45	-0.008675915296382033
54	57	-0.008682756432018978
25	27	-0.008703173179348454
1	42	-0.008708063954028058
40	67	-0.008719921856834468
40	41	-0.008735115608709376
29	43	-0.00874866265745304
2	57	-0.008751384824304381
26	44	-0.00875638750952648
4	12	-0.008779732969884033
9	55	-0.00878424614214347
25	29	-0.008792711666403344
43	53	-0.008795016027831408
45	56	-0.008804013832138845
14	61	-0.008822448086900915
12	61	-0.008822889858706237
42	58	-0.008864422998247135
15	39	-0.008876670869705158
30	42	-0.008898886308216029
42	66	-0.008923451189401698
12	24	-0.008923788033679079
24	41	-0.008931020302657758
4	41	-0.008942051252964439
3	53	-0.008967451755728315
3	45	-0.008973775085178182
57	67	-0.00900676914642613
26	54	-0.009039910036756266
1	44	-0.009050519553077533
16	42	-0.009057419450402235
1	56	-0.009063128126563205
25	57	-0.00907514423843293
4	57	-0.009090536240946667
39	53	-0.009096910495750924
13	39	-0.009102493965073028
3	43	-0.009103903048946238
3	15	-0.00917539570361802
56	66	-0.00923860550380061
24	29	-0.009246068569440193
14	42	-0.009247979262556006
27	39	-0.009252795679541062
39	44	-0.009264726814143868
24	27	-0.009278296478267362
14	40	-0.009296491550109288
53	57	-0.009316442209019444
3	25	-0.009317438477145935
25	28	-0.009345216474854331
53	54	-0.009348167248368355
25	54	-0.009353307301374517
9	58	-0.009404160456357809
25	41	-0.009407335691285098
39	56	-0.009416990514302505
26	39	-0.009442442885836786
14	67	-0.009448873135159587
16	57	-0.009458158223422917
14	15	-0.009476867906870096
43	68	-0.00948417795379136
12	15	-0.009485736686196043
53	69	-0.009486505559460843
27	29	-0.00949221230737044
14	54	-0.009512541847875835
15	41	-0.009517908337310827
4	55	-0.009543620566089626
11	68	-0.009547687886230572
20	28	-0.009555852761177692
4	45	-0.009558080824346492
14	27	-0.009563287513204899
45	57	-0.00958785525936173
26	58	-0.009599298411481341
30	44	-0.009614335210042353
9	54	-0.009645416209783856
13	40	-0.009658568665181246
29	66	-0.009690848121603509
43	61	-0.00972269365860684
42	53	-0.009769165973828153
25	26	-0.009851952448201178
4	16	-0.009875833301853253
10	25	-0.009893567200242695
26	43	-0.009904161952768635
26	56	-0.00991863499323683
41	42	-0.009937424211687586
28	61	-0.009938389449687895
28	56	-0.00995304621037503
39	43	-0.009959524966939217
54	56	-0.009963295534581392
28	40	-0.00999227098200728
41	66	-0.010000914728880764
24	56	-0.010031446343253304
3	28	-0.010042028326007955
29	41	-0.010074079918498131
28	53	-0.010081747766021854
13	25	-0.01008346983254237
40	54	-0.010083786363415805
55	69	-0.010095009678651873
13	53	-0.010100715743135877
3	54	-0.01018723630385564
14	56	-0.01019430073320903
42	43	-0.01022062720028652
4	53	-0.01022243377476113
16	45	-0.010239251160848752
28	43	-0.010245353558004437
57	58	-0.010251762354926842
26	55	-0.010316051978936603
11	13	-0.010318689307683671
25	53	-0.010342910740191679
55	57	-0.010364245460467929
57	66	-0.01038223992267052
42	57	-0.010414174467545445
4	26	-0.010437712381560278
12	41	-0.010462524283741243
56	57	-0.010481829806960465
10	56	-0.010521996026057323
41	56	-0.010541761843235306
12	14	-0.010592645515229156
3	58	-0.010636274001222783
55	67	-0.010653430099605506
55	61	-0.010658255898917645
12	16	-0.010707072564216614
14	55	-0.01075406236669154
54	69	-0.010766701159842983
24	55	-0.010767799130735119
40	45	-0.0107700695078316
13	42	-0.01077120930267959
43	69	-0.010805282578409016
41	54	-0.010829415681593122
27	28	-0.010853843792412995
29	55	-0.010866466299889257
15	29	-0.010877632356171401
16	55	-0.01088519948789704
44	45	-0.010905367685857528
42	54	-0.010933852121373107
41	53	-0.010972191100533754
12	67	-0.011055476935288518
14	66	-0.011056959071020897
27	45	-0.011189937802912945
15	26	-0.01121284847842189
25	45	-0.01123531580207202
11	43	-0.011244615590427762
53	56	-0.011275357081802457
13	44	-0.01128268303834623
28	42	-0.01130778206734876
13	14	-0.011321976772262071
28	54	-0.011366478730728675
25	44	-0.011370536863364478
26	66	-0.011394968350847492
43	67	-0.011414183146486767
15	55	-0.011508447700912314
26	42	-0.01152792258688568
12	53	-0.011536230038039398
44	56	-0.011561652848137666
26	29	-0.011578807268639198
40	42	-0.011621020236115175
10	42	-0.01164356638778335
27	66	-0.011652396415434859
43	44	-0.011670161013101312
42	44	-0.01173657123824857
10	54	-0.011764348822749817
39	54	-0.01181328294974787
27	42	-0.011834873087886178
12	43	-0.011957542948608072
27	56	-0.012022616045419099
42	55	-0.01211723386707355
10	13	-0.012138229656927313
28	44	-0.012341399473074995
28	57	-0.012470186898829876
12	56	-0.012480264260192511
16	56	-0.012559840579757012
15	58	-0.012584509359644544
26	40	-0.012674955492436694
28	67	-0.01270681496252591
13	43	-0.012726795646539453
28	55	-0.012836170745500905
27	54	-0.012859317814082304
12	25	-0.012916246491604912
12	66	-0.01293367588216451
13	45	-0.012963565617930212
44	55	-0.01296956449035071
13	55	-0.012991010282797614
15	54	-0.01311040469966253
12	57	-0.013162539326898813
27	44	-0.013276025653082089
15	53	-0.013353917551082355
27	55	-0.013367571213509693
15	43	-0.013508274068594384
12	13	-0.013579746745229507
12	42	-0.013633678091215785
16	43	-0.013713991640265646
15	44	-0.013827487073499496
13	58	-0.013879312061839085
15	45	-0.013888887968812842
13	28	-0.013963414861649788
28	66	-0.014124550782693462
28	45	-0.014392360472846432
25	55	-0.014573311379252558
25	43	-0.014763291821709957
27	43	-0.01502031423411284
43	58	-0.015149529505958922
55	58	-0.015750947617698196
12	55	-0.01649987455445911
