#====================================================================================================
# This result is computed using mean-field DCA
# The first and second columns are site pairs. The third column represents interaction score
#====================================================================================================
26	31	0.3293290011541041
22	35	0.23593132885904572
23	34	0.1853018853772152
21	36	0.14499850269133632
25	32	0.09732980345169918
14	41	0.09251733876632154
25	34	0.06411311032694872
23	25	0.06411311032694858
24	33	0.057464331614951264
24	30	0.057464331614951104
30	33	0.05746433161495063
28	32	0.04259445629807637
32	34	0.031398598252198415
23	32	0.03139859825219795
27	32	0.030873167074578357
2	4	0.028550937742353642
47	49	0.028550937742353615
48	49	0.02855093774235358
1	4	0.028550937742353566
49	50	0.02855093774235356
46	49	0.02855093774235355
47	50	0.028550937742353497
1	7	0.02855093774235349
48	50	0.028550937742353476
46	47	0.02855093774235346
46	50	0.02855093774235345
2	5	0.028550937742353448
47	48	0.028550937742353413
2	7	0.0285509377423534
46	48	0.028550937742353386
2	3	0.02855093774235338
1	3	0.028550937742353365
2	6	0.02855093774235332
3	4	0.028550937742353316
4	6	0.028550937742353306
3	6	0.028550937742353306
3	5	0.028550937742353295
1	5	0.028550937742353295
1	2	0.028550937742353292
6	7	0.028550937742353285
2	8	0.02855093774235326
1	6	0.028550937742353236
5	6	0.028550937742353216
4	5	0.02855093774235319
7	8	0.028550937742353184
5	8	0.02855093774235318
4	8	0.028550937742353157
6	8	0.028550937742353153
5	7	0.028550937742353136
4	7	0.028550937742353108
3	7	0.0285509377423531
1	8	0.028550937742353073
3	8	0.028550937742352962
2	48	0.02855093774235283
1	48	0.028550937742352803
6	48	0.0285509377423528
1	46	0.028550937742352785
2	46	0.028550937742352785
8	46	0.02855093774235278
3	46	0.02855093774235277
6	49	0.02855093774235277
7	46	0.028550937742352754
4	49	0.028550937742352744
8	48	0.02855093774235274
6	46	0.02855093774235274
7	48	0.02855093774235273
6	47	0.02855093774235273
3	48	0.028550937742352726
8	47	0.028550937742352723
2	47	0.028550937742352723
2	49	0.028550937742352695
2	50	0.02855093774235268
4	50	0.028550937742352674
7	47	0.02855093774235267
3	49	0.02855093774235267
1	49	0.028550937742352667
3	47	0.028550937742352664
7	49	0.028550937742352657
1	50	0.028550937742352653
5	48	0.02855093774235265
4	48	0.02855093774235265
8	50	0.028550937742352647
5	47	0.02855093774235264
1	47	0.02855093774235264
4	46	0.028550937742352633
4	47	0.028550937742352633
6	50	0.028550937742352633
8	49	0.028550937742352626
7	50	0.028550937742352622
5	49	0.02855093774235262
3	50	0.02855093774235261
5	46	0.028550937742352598
5	50	0.028550937742352577
21	28	0.02108176905562523
25	31	0.019047103399897
25	26	0.019047103399896702
23	33	0.018517639818765502
23	24	0.018517639818765395
23	30	0.018517639818765298
24	34	0.018517639818765204
30	34	0.01851763981876501
33	34	0.01851763981876499
21	27	0.018297958636583938
27	28	0.01805866763559441
14	35	0.016802066331397775
19	36	0.01623807198120532
34	41	0.016153897966212305
23	41	0.016153897966212034
27	41	0.01600142807758033
21	38	0.015330737685535497
28	35	0.014127928162894984
21	24	0.012557533714520471
21	33	0.012557533714520291
21	30	0.012557533714520223
14	32	0.011911513591846832
28	38	0.01106389823562981
27	38	0.010883438344746692
25	41	0.010883188012560868
28	36	0.010625279104830604
25	33	0.0103061329463529
25	30	0.010306132946352782
24	25	0.010306132946352298
14	27	0.010199022210845671
36	38	0.00920000297208749
32	36	0.00908433017288476
30	36	0.008345639166947532
24	36	0.00834563916694742
33	36	0.008345639166947388
21	35	0.007360354919959795
14	34	0.006829620725984937
14	23	0.006829620725984529
26	41	0.005593071539283191
31	41	0.005593071539282851
26	28	0.004623324779789868
28	31	0.0046233247797898575
16	42	0.004322403231191598
20	40	0.004322403231191465
20	37	0.004322403231191462
20	45	0.0043224032311914365
20	44	0.004322403231191423
16	39	0.004322403231191386
39	45	0.004322403231191367
20	42	0.004322403231191362
20	43	0.00432240323119136
16	18	0.0043224032311913576
39	44	0.004322403231191356
16	37	0.004322403231191355
15	16	0.004322403231191353
16	40	0.004322403231191343
37	43	0.0043224032311913385
39	42	0.004322403231191327
20	39	0.0043224032311913255
37	39	0.0043224032311913
15	18	0.004322403231191298
17	18	0.0043224032311912864
43	45	0.004322403231191279
9	13	0.00432240323119126
12	15	0.004322403231191258
42	43	0.004322403231191254
10	12	0.004322403231191251
12	16	0.0043224032311912405
12	20	0.0043224032311912405
16	20	0.004322403231191236
17	39	0.004322403231191229
12	17	0.004322403231191228
16	44	0.004322403231191194
16	17	0.004322403231191187
15	20	0.00432240323119118
10	39	0.00432240323119118
17	44	0.004322403231191168
37	40	0.004322403231191161
40	42	0.00432240323119116
9	11	0.004322403231191155
18	42	0.0043224032311911485
43	44	0.004322403231191145
17	20	0.004322403231191138
18	40	0.0043224032311911355
10	18	0.004322403231191135
9	15	0.004322403231191133
9	16	0.004322403231191132
18	37	0.004322403231191132
18	44	0.004322403231191122
9	18	0.004322403231191118
15	17	0.004322403231191115
15	45	0.004322403231191108
18	45	0.004322403231191101
9	12	0.0043224032311910965
18	43	0.004322403231191094
11	20	0.004322403231191092
17	37	0.004322403231191086
39	43	0.004322403231191084
9	20	0.004322403231191084
18	39	0.004322403231191083
42	44	0.004322403231191078
44	45	0.004322403231191077
12	45	0.004322403231191076
40	43	0.004322403231191075
11	18	0.004322403231191075
15	40	0.004322403231191074
15	37	0.0043224032311910705
17	40	0.004322403231191069
17	43	0.004322403231191068
12	42	0.0043224032311910635
37	45	0.004322403231191062
13	16	0.004322403231191059
9	40	0.004322403231191057
17	45	0.004322403231191056
9	37	0.004322403231191053
17	42	0.004322403231191051
12	39	0.004322403231191049
9	45	0.004322403231191048
10	13	0.004322403231191046
12	44	0.004322403231191043
37	42	0.004322403231191042
16	43	0.00432240323119104
37	44	0.00432240323119104
13	18	0.00432240323119104
15	44	0.004322403231191039
9	44	0.004322403231191039
9	43	0.004322403231191034
15	39	0.004322403231191032
16	45	0.004322403231191027
13	44	0.004322403231191022
10	11	0.004322403231191012
12	18	0.0043224032311910115
15	42	0.004322403231191009
15	43	0.004322403231191007
11	17	0.004322403231191007
13	17	0.0043224032311909915
13	15	0.004322403231190987
9	17	0.0043224032311909855
11	12	0.004322403231190985
42	45	0.0043224032311909785
11	45	0.004322403231190975
11	13	0.0043224032311909725
39	40	0.004322403231190967
13	43	0.004322403231190964
13	40	0.004322403231190964
13	20	0.004322403231190961
11	15	0.00432240323119096
12	13	0.004322403231190957
12	43	0.004322403231190948
10	17	0.004322403231190947
9	10	0.004322403231190919
40	45	0.0043224032311909135
10	43	0.004322403231190913
10	42	0.004322403231190895
11	42	0.004322403231190893
11	40	0.00432240323119089
10	45	0.0043224032311908875
10	15	0.004322403231190885
9	42	0.004322403231190884
40	44	0.004322403231190881
10	20	0.004322403231190876
13	42	0.004322403231190876
9	39	0.004322403231190869
12	37	0.004322403231190862
11	16	0.004322403231190854
10	44	0.00432240323119085
12	40	0.0043224032311908476
13	37	0.004322403231190846
13	45	0.004322403231190843
13	39	0.004322403231190842
18	20	0.004322403231190836
11	44	0.004322403231190831
11	43	0.004322403231190825
10	16	0.004322403231190812
11	37	0.004322403231190803
11	39	0.00432240323119078
10	40	0.0043224032311907495
10	37	0.004322403231190746
18	19	0.0036904215317997164
15	19	0.003690421531799713
17	19	0.00369042153179968
19	37	0.0036904215317996657
19	42	0.0036904215317996353
19	43	0.003690421531799633
19	20	0.003690421531799629
19	39	0.0036904215317996
19	40	0.0036904215317995967
16	19	0.003690421531799595
13	19	0.003690421531799575
19	45	0.0036904215317995525
9	19	0.003690421531799535
11	19	0.0036904215317995113
19	44	0.0036904215317995074
10	19	0.0036904215317995056
12	19	0.0036904215317994787
29	50	0.003391815608742516
29	47	0.003391815608742502
29	49	0.003391815608742497
29	46	0.003391815608742484
29	48	0.0033918156087424343
1	29	0.003391815608742221
6	29	0.0033918156087421464
3	29	0.0033918156087421342
8	29	0.003391815608742128
2	29	0.0033918156087421186
5	29	0.0033918156087420917
4	29	0.0033918156087420796
7	29	0.0033918156087419608
9	38	0.0032598527972468572
16	38	0.0032598527972467987
18	38	0.0032598527972467883
20	38	0.0032598527972467184
10	38	0.0032598527972466733
11	38	0.0032598527972465745
15	38	0.003259852797246572
13	38	0.003259852797246548
12	38	0.0032598527972464908
38	43	0.0032598527972464786
37	38	0.003259852797246474
38	39	0.0032598527972464513
38	44	0.003259852797246445
17	38	0.003259852797246443
38	40	0.003259852797246381
38	42	0.0032598527972463364
38	45	0.003259852797246279
19	32	0.0031042997182207334
22	38	0.003079055077719952
19	27	0.0030529835712236474
24	28	0.002881989053309675
28	33	0.0028819890533095032
28	30	0.0028819890533094625
24	27	0.0025080534617957827
27	30	0.002508053461795742
27	33	0.0025080534617956144
22	23	0.0023367849807660497
22	34	0.00233678498076585
14	30	0.0023119724489698967
14	33	0.002311972448969778
14	24	0.0023119724489696746
19	38	0.0018547674905879784
27	36	0.0017067389559136678
25	27	0.0015009191790506995
28	29	0.0013453978149770432
32	38	0.0013317917668159139
14	28	0.0008789140584748965
17	41	0.0008023480567148642
15	41	0.0008023480567148562
13	41	0.0008023480567147989
10	41	0.0008023480567147536
12	41	0.000802348056714744
9	41	0.0008023480567147022
20	41	0.0008023480567146972
37	41	0.0008023480567146111
39	41	0.0008023480567145832
18	41	0.000802348056714581
16	41	0.0008023480567145721
11	41	0.0008023480567145541
41	45	0.0008023480567144452
40	41	0.0008023480567144181
41	42	0.0008023480567143869
41	43	0.0008023480567143644
41	44	0.0008023480567142386
14	15	0.0007288803271098408
14	40	0.0007288803271098385
14	20	0.0007288803271098265
14	43	0.0007288803271098137
14	37	0.0007288803271098044
11	14	0.0007288803271097769
14	18	0.0007288803271097676
14	45	0.0007288803271097574
14	17	0.0007288803271097485
14	44	0.0007288803271097378
14	16	0.0007288803271097227
14	39	0.0007288803271097205
14	42	0.0007288803271097201
10	14	0.0007288803271096034
13	14	0.0007288803271095923
9	14	0.0007288803271095863
12	14	0.0007288803271095397
22	32	0.0006787933642132486
28	34	0.000604999566308358
23	28	0.0006049995663082383
29	39	0.00046153375430814684
29	37	0.0004615337543081206
29	44	0.0004615337543081015
29	40	0.0004615337543080872
29	45	0.00046153375430804146
17	29	0.00046153375430802715
16	29	0.0004615337543079452
29	43	0.00046153375430789314
29	42	0.0004615337543078697
15	29	0.00046153375430786625
9	29	0.0004615337543078478
10	29	0.00046153375430783286
20	29	0.0004615337543078103
12	29	0.000461533754307716
11	29	0.000461533754307693
13	29	0.0004615337543076895
18	29	0.000461533754307621
19	41	0.000420701299395211
19	28	0.00037476010822319735
27	29	0.00033464830829342063
10	33	0.0002125255860687715
20	33	0.0002125255860687598
30	40	0.00021252558606867263
17	33	0.00021252558606861755
30	44	0.00021252558606859717
24	44	0.00021252558606859066
30	45	0.0002125255860685898
11	24	0.00021252558606856854
10	30	0.00021252558606852214
30	39	0.00021252558606851086
11	33	0.00021252558606849482
30	37	0.00021252558606848614
11	30	0.0002125255860684857
30	42	0.00021252558606847617
17	30	0.000212525586068474
30	43	0.0002125255860684701
24	40	0.00021252558606846576
12	24	0.00021252558606845362
9	33	0.00021252558606844928
33	42	0.00021252558606844538
16	30	0.00021252558606843323
20	30	0.00021252558606843063
33	40	0.0002125255860684007
33	43	0.00021252558606839984
15	33	0.0002125255860683994
9	30	0.00021252558606839767
15	30	0.00021252558606838293
33	44	0.00021252558606837642
24	42	0.000212525586068366
13	30	0.00021252558606836168
18	33	0.0002125255860683569
13	33	0.00021252558606834823
16	33	0.0002125255860683387
17	24	0.0002125255860683196
24	45	0.0002125255860683144
33	45	0.00021252558606830963
20	24	0.0002125255860683079
24	37	0.00021252558606829576
24	39	0.00021252558606828882
24	43	0.00021252558606828838
13	24	0.00021252558606828448
33	39	0.00021252558606826844
16	24	0.0002125255860682667
12	30	0.00021252558606826453
33	37	0.00021252558606826366
10	24	0.000212525586068255
18	24	0.0002125255860682524
15	24	0.0002125255860682411
12	33	0.0002125255860682346
18	30	0.00021252558606821206
9	24	0.0002125255860681084
19	29	6.632887603896039e-05
27	37	-1.6108947115511807e-05
27	44	-1.610894711557122e-05
27	39	-1.610894711558987e-05
27	40	-1.6108947115638225e-05
27	43	-1.6108947115680726e-05
27	42	-1.6108947115693953e-05
13	27	-1.6108947115752283e-05
10	27	-1.6108947115754668e-05
27	45	-1.6108947115785893e-05
12	27	-1.6108947115829044e-05
11	27	-1.6108947115834682e-05
9	27	-1.6108947115862655e-05
18	27	-1.6108947116012925e-05
20	27	-1.610894711609901e-05
15	27	-1.610894711628571e-05
17	27	-1.6108947116346643e-05
16	27	-1.6108947116525753e-05
38	41	-9.924144987989844e-05
19	35	-0.00013592831395708993
24	32	-0.0001766258672036211
30	32	-0.00017662586720366448
32	33	-0.00017662586720391775
27	35	-0.0002735650967581049
29	38	-0.0002941947345749495
14	19	-0.0003098498723744067
11	36	-0.00039328874106722613
36	44	-0.0003932887410674037
36	39	-0.00039328874106742194
10	36	-0.0003932887410674282
17	36	-0.00039328874106746227
16	36	-0.0003932887410674655
36	45	-0.0003932887410675041
36	42	-0.0003932887410675397
36	43	-0.0003932887410675774
12	36	-0.00039328874106760083
36	40	-0.0003932887410676238
36	37	-0.0003932887410676355
9	36	-0.00039328874106766025
18	36	-0.00039328874106768497
13	36	-0.00039328874106772747
15	36	-0.00039328874106778254
20	36	-0.00039328874106791373
19	22	-0.0005366246075607841
22	44	-0.0005742914860717579
22	42	-0.0005742914860717592
22	45	-0.000574291486071761
18	22	-0.0005742914860717742
22	40	-0.0005742914860717761
22	43	-0.0005742914860717831
11	22	-0.0005742914860717887
22	37	-0.0005742914860717957
12	22	-0.0005742914860718206
20	22	-0.0005742914860718332
13	22	-0.0005742914860718536
22	39	-0.0005742914860718731
10	22	-0.0005742914860718778
17	22	-0.0005742914860719056
9	22	-0.000574291486071986
16	22	-0.0005742914860720151
15	22	-0.0005742914860720864
21	40	-0.0005785832155053472
21	44	-0.0005785832155054899
21	39	-0.0005785832155054921
9	21	-0.0005785832155055419
21	37	-0.000578583215505548
21	43	-0.0005785832155055727
21	45	-0.0005785832155056282
21	42	-0.0005785832155056356
13	21	-0.0005785832155056473
16	21	-0.0005785832155057206
18	21	-0.0005785832155057514
17	21	-0.0005785832155057974
11	21	-0.0005785832155057978
15	21	-0.000578583215505813
12	21	-0.000578583215505839
20	21	-0.0005785832155058919
10	21	-0.0005785832155059574
19	25	-0.0006201392895098931
19	30	-0.0007078828398905978
19	24	-0.0007078828398907131
19	33	-0.0007078828398907645
14	38	-0.0007641918906590582
13	35	-0.0007842083358332195
12	35	-0.0007842083358333223
35	43	-0.0007842083358333681
35	40	-0.0007842083358333759
35	39	-0.000784208335833398
15	35	-0.0007842083358334147
16	35	-0.0007842083358334155
18	35	-0.0007842083358334181
35	37	-0.0007842083358334461
35	45	-0.0007842083358334659
35	42	-0.0007842083358334832
9	35	-0.0007842083358334841
17	35	-0.0007842083358335222
35	44	-0.0007842083358335938
11	35	-0.0007842083358336374
10	35	-0.0007842083358336489
20	35	-0.0007842083358337204
35	38	-0.000948466964864282
19	21	-0.001000055175616563
15	28	-0.001030237483721952
16	28	-0.0010302374837220238
11	28	-0.0010302374837220885
9	28	-0.001030237483722116
13	28	-0.001030237483722195
20	28	-0.0010302374837222463
18	28	-0.0010302374837222468
12	28	-0.0010302374837222546
10	28	-0.001030237483722268
28	37	-0.0010302374837222934
17	28	-0.0010302374837223018
28	40	-0.0010302374837223276
28	44	-0.0010302374837223938
28	42	-0.0010302374837224456
28	43	-0.0010302374837224512
28	39	-0.0010302374837224807
28	45	-0.0010302374837224946
32	42	-0.0011079513451240752
15	32	-0.0011079513451241235
32	45	-0.0011079513451241268
32	43	-0.0011079513451241493
10	32	-0.0011079513451241934
16	32	-0.0011079513451241999
17	32	-0.0011079513451242222
32	44	-0.0011079513451242608
13	32	-0.00110795134512428
18	32	-0.0011079513451243556
32	40	-0.001107951345124374
11	32	-0.0011079513451243762
9	32	-0.0011079513451243861
32	37	-0.0011079513451243887
20	32	-0.001107951345124398
32	39	-0.0011079513451244167
12	32	-0.001107951345124457
25	40	-0.0014555721920683252
25	37	-0.0014555721920683413
25	44	-0.0014555721920683606
25	39	-0.001455572192068369
25	45	-0.0014555721920684486
25	42	-0.0014555721920684777
25	43	-0.0014555721920684864
10	25	-0.0014555721920684961
11	25	-0.0014555721920685148
13	25	-0.001455572192068517
15	25	-0.0014555721920685252
16	25	-0.0014555721920685707
9	25	-0.001455572192068602
17	25	-0.0014555721920686065
12	25	-0.0014555721920686197
18	25	-0.001455572192068703
20	25	-0.0014555721920687698
24	38	-0.0015292837062680078
30	38	-0.001529283706268108
33	38	-0.0015292837062681388
29	41	-0.0018471917043413188
14	29	-0.0018808603316061968
30	31	-0.001882930601576972
24	31	-0.0018829306015771229
24	26	-0.0018829306015771853
26	33	-0.0018829306015771957
31	33	-0.0018829306015772096
26	30	-0.001882930601577279
22	28	-0.002311573700818903
10	34	-0.0023655437103240733
9	34	-0.00236554371032431
11	34	-0.0023655437103243166
13	34	-0.002365543710324362
23	44	-0.0023655437103244368
23	37	-0.0023655437103244615
23	39	-0.002365543710324475
34	40	-0.0023655437103245118
9	23	-0.002365543710324513
17	34	-0.0023655437103245135
18	34	-0.002365543710324518
11	23	-0.0023655437103245287
34	43	-0.00236554371032453
13	23	-0.0023655437103245365
23	45	-0.002365543710324538
10	23	-0.0023655437103245512
23	42	-0.002365543710324563
23	40	-0.0023655437103245643
12	34	-0.0023655437103245695
12	23	-0.002365543710324571
23	43	-0.0023655437103245734
16	34	-0.002365543710324585
34	44	-0.0023655437103246198
34	37	-0.002365543710324637
34	45	-0.0023655437103246436
34	39	-0.0023655437103246484
34	42	-0.0023655437103246688
16	23	-0.0023655437103246727
18	23	-0.002365543710324718
15	23	-0.0023655437103247325
20	34	-0.0023655437103247824
20	23	-0.0023655437103247837
17	23	-0.002365543710324791
15	34	-0.0023655437103248583
25	28	-0.0023869081681396846
21	26	-0.002390273561662215
21	31	-0.002390273561662333
25	38	-0.0026706630393828336
29	36	-0.002762949380436879
29	35	-0.0027756162789856756
29	30	-0.002849964447604071
29	33	-0.0028499644476041672
24	29	-0.0028499644476043607
28	41	-0.0028622841571397093
19	34	-0.0028853791830074356
19	23	-0.0028853791830074763
22	29	-0.002917121808579721
26	27	-0.0029567939059347917
27	31	-0.0029567939059348377
31	36	-0.0030125273469790784
26	36	-0.003012527346979106
26	44	-0.0033832233066632927
26	39	-0.003383223306663324
31	44	-0.0033832233066633534
13	26	-0.0033832233066633704
10	31	-0.0033832233066633734
12	31	-0.0033832233066634068
31	39	-0.003383223306663413
31	40	-0.003383223306663415
15	26	-0.0033832233066634224
15	31	-0.003383223306663442
17	26	-0.003383223306663452
26	40	-0.0033832233066634627
26	37	-0.0033832233066634684
20	26	-0.0033832233066634714
13	31	-0.0033832233066634853
26	45	-0.003383223306663487
20	31	-0.003383223306663489
18	31	-0.0033832233066635
26	42	-0.003383223306663505
26	43	-0.0033832233066635083
11	31	-0.003383223306663512
12	26	-0.0033832233066635247
10	26	-0.00338322330666354
18	26	-0.00338322330666356
16	31	-0.0033832233066635603
9	26	-0.0033832233066635603
11	26	-0.0033832233066635807
31	37	-0.003383223306663583
9	31	-0.00338322330666359
17	31	-0.0033832233066636184
31	45	-0.003383223306663632
16	26	-0.0033832233066636804
31	42	-0.0033832233066637026
31	43	-0.003383223306663713
21	29	-0.0034670210302083
29	32	-0.0036700451137793655
14	21	-0.0036716000252009053
22	41	-0.003727004202198866
14	36	-0.003751953202268538
34	38	-0.0037766279406388132
23	38	-0.0037766279406390383
36	41	-0.00381132178274079
21	32	-0.0038695352671989282
33	41	-0.004005363312838987
30	41	-0.004005363312839028
24	41	-0.004005363312839046
14	22	-0.004201312893759444
21	41	-0.004321401017269149
31	38	-0.004342491256815815
26	38	-0.004342491256815892
19	26	-0.0043916533214808755
19	31	-0.0043916533214809475
22	27	-0.004504791069557687
25	29	-0.004607732356398233
32	41	-0.004761729570330641
8	10	-0.00482408509785875
6	11	-0.004824085097858756
15	50	-0.00482408509785876
5	9	-0.0048240850978587685
15	47	-0.004824085097858779
13	49	-0.004824085097858779
13	50	-0.004824085097858779
12	46	-0.0048240850978587884
8	11	-0.004824085097858791
13	48	-0.004824085097858793
10	46	-0.004824085097858805
11	49	-0.004824085097858805
13	47	-0.004824085097858817
17	47	-0.004824085097858821
17	50	-0.004824085097858821
11	46	-0.004824085097858826
7	10	-0.004824085097858827
7	11	-0.004824085097858829
18	46	-0.004824085097858834
1	11	-0.004824085097858835
1	13	-0.00482408509785884
16	50	-0.004824085097858842
2	10	-0.004824085097858855
8	12	-0.004824085097858859
7	12	-0.004824085097858859
18	48	-0.00482408509785886
5	42	-0.004824085097858861
5	43	-0.004824085097858865
4	42	-0.0048240850978588665
15	48	-0.004824085097858874
11	48	-0.004824085097858877
3	45	-0.004824085097858878
3	42	-0.0048240850978588795
4	11	-0.0048240850978588865
5	45	-0.004824085097858889
4	43	-0.00482408509785889
3	43	-0.004824085097858891
5	40	-0.004824085097858894
7	45	-0.004824085097858896
1	12	-0.004824085097858897
5	10	-0.004824085097858898
17	46	-0.004824085097858899
1	10	-0.004824085097858899
7	13	-0.0048240850978589
10	48	-0.0048240850978589
2	9	-0.004824085097858902
45	46	-0.004824085097858907
8	45	-0.004824085097858907
6	45	-0.004824085097858911
15	46	-0.004824085097858912
6	12	-0.004824085097858914
3	44	-0.004824085097858917
8	43	-0.004824085097858919
12	49	-0.004824085097858919
15	49	-0.004824085097858923
8	13	-0.004824085097858923
10	49	-0.004824085097858923
8	18	-0.004824085097858925
5	18	-0.004824085097858925
4	45	-0.004824085097858926
6	10	-0.004824085097858928
13	46	-0.004824085097858931
8	9	-0.0048240850978589316
2	11	-0.0048240850978589316
5	11	-0.004824085097858932
7	42	-0.004824085097858934
2	13	-0.004824085097858934
10	47	-0.004824085097858935
18	50	-0.0048240850978589385
11	47	-0.00482408509785894
11	50	-0.00482408509785894
6	13	-0.004824085097858941
12	48	-0.004824085097858942
5	12	-0.004824085097858942
45	48	-0.004824085097858945
43	46	-0.004824085097858946
16	48	-0.004824085097858947
5	37	-0.004824085097858949
6	42	-0.004824085097858949
7	15	-0.00482408509785895
3	37	-0.004824085097858951
7	40	-0.004824085097858951
4	40	-0.004824085097858951
4	10	-0.0048240850978589515
7	43	-0.004824085097858952
1	9	-0.004824085097858952
8	37	-0.004824085097858956
3	12	-0.004824085097858956
5	13	-0.004824085097858958
7	9	-0.004824085097858961
6	37	-0.004824085097858963
7	37	-0.004824085097858965
3	40	-0.004824085097858965
6	43	-0.004824085097858968
3	39	-0.004824085097858971
4	9	-0.004824085097858971
6	40	-0.004824085097858973
9	50	-0.004824085097858973
3	17	-0.004824085097858974
18	47	-0.004824085097858975
18	49	-0.004824085097858977
4	12	-0.004824085097858978
4	15	-0.004824085097858979
3	18	-0.004824085097858984
2	44	-0.0048240850978589845
9	47	-0.0048240850978589845
9	49	-0.0048240850978589845
9	46	-0.004824085097858986
12	47	-0.004824085097858987
12	50	-0.004824085097858987
10	50	-0.004824085097858989
4	37	-0.0048240850978589905
8	15	-0.004824085097858991
5	44	-0.004824085097858992
16	49	-0.004824085097858994
42	48	-0.004824085097858994
7	44	-0.004824085097858995
4	17	-0.004824085097858995
5	15	-0.0048240850978589975
6	44	-0.004824085097858999
6	9	-0.004824085097858999
8	42	-0.004824085097859
16	46	-0.004824085097859009
20	48	-0.00482408509785901
3	10	-0.004824085097859011
3	11	-0.004824085097859012
17	48	-0.004824085097859013
8	17	-0.004824085097859014
8	40	-0.004824085097859017
7	39	-0.004824085097859022
5	17	-0.004824085097859023
43	48	-0.004824085097859023
4	13	-0.004824085097859033
5	20	-0.004824085097859035
2	12	-0.004824085097859035
16	47	-0.004824085097859036
6	39	-0.004824085097859036
40	46	-0.00482408509785904
20	46	-0.004824085097859041
40	48	-0.004824085097859041
9	48	-0.004824085097859041
7	18	-0.004824085097859042
8	44	-0.004824085097859043
42	46	-0.004824085097859043
20	49	-0.004824085097859045
5	39	-0.004824085097859046
2	45	-0.00482408509785905
17	49	-0.004824085097859053
6	17	-0.004824085097859058
3	13	-0.004824085097859062
20	50	-0.004824085097859063
2	39	-0.004824085097859063
3	15	-0.004824085097859063
4	18	-0.004824085097859063
44	46	-0.004824085097859064
1	45	-0.004824085097859065
4	20	-0.004824085097859067
6	15	-0.004824085097859067
6	20	-0.004824085097859068
8	20	-0.004824085097859069
37	48	-0.00482408509785907
1	42	-0.004824085097859071
37	46	-0.004824085097859074
2	42	-0.004824085097859083
8	39	-0.004824085097859084
3	16	-0.004824085097859086
7	17	-0.004824085097859088
6	18	-0.004824085097859089
4	44	-0.00482408509785909
1	40	-0.004824085097859092
3	20	-0.004824085097859093
44	48	-0.004824085097859097
2	18	-0.004824085097859098
2	40	-0.0048240850978591
3	9	-0.004824085097859101
1	43	-0.0048240850978591016
1	20	-0.0048240850978591085
2	43	-0.004824085097859113
7	20	-0.004824085097859117
4	16	-0.004824085097859118
2	37	-0.004824085097859121
6	16	-0.004824085097859126
20	47	-0.004824085097859133
45	47	-0.004824085097859138
45	49	-0.004824085097859138
45	50	-0.004824085097859138
1	18	-0.004824085097859142
4	39	-0.004824085097859145
1	17	-0.004824085097859145
8	16	-0.004824085097859146
39	48	-0.00482408509785915
39	46	-0.004824085097859151
1	37	-0.004824085097859159
42	47	-0.004824085097859159
42	49	-0.004824085097859159
42	50	-0.004824085097859159
1	39	-0.004824085097859166
5	16	-0.004824085097859168
37	49	-0.004824085097859173
43	47	-0.004824085097859178
43	49	-0.004824085097859178
43	50	-0.004824085097859178
37	47	-0.004824085097859197
2	17	-0.004824085097859207
2	15	-0.004824085097859212
7	16	-0.0048240850978592134
1	15	-0.004824085097859218
40	47	-0.004824085097859218
40	49	-0.004824085097859218
40	50	-0.004824085097859218
1	44	-0.004824085097859219
37	50	-0.004824085097859249
44	47	-0.0048240850978592525
44	49	-0.0048240850978592525
44	50	-0.0048240850978592525
1	16	-0.004824085097859262
39	47	-0.004824085097859275
39	50	-0.004824085097859275
2	20	-0.0048240850978592785
39	49	-0.004824085097859286
2	16	-0.004824085097859323
22	30	-0.004864309057495053
22	33	-0.004864309057495099
22	24	-0.004864309057495311
35	36	-0.00488693270764977
14	25	-0.004937458711452331
23	26	-0.005034956693097703
23	31	-0.005034956693097854
31	34	-0.0050349566930978935
26	34	-0.0050349566930979976
34	35	-0.00507234496034592
23	35	-0.0050723449603460955
31	32	-0.005072728365523468
26	32	-0.00507272836552362
31	35	-0.005077708677203318
26	35	-0.005077708677203379
35	41	-0.0050889182413625215
23	27	-0.005383425772569006
27	34	-0.005383425772569397
1	19	-0.005393619762174536
2	19	-0.005393619762174604
3	19	-0.005393619762174661
4	19	-0.005393619762174698
8	19	-0.005393619762174705
7	19	-0.005393619762174731
6	19	-0.005393619762174738
5	19	-0.005393619762174744
19	47	-0.005393619762174842
19	48	-0.0053936197621749045
19	50	-0.00539361976217495
19	46	-0.0053936197621749565
19	49	-0.00539361976217496
22	26	-0.005427608512576176
22	31	-0.005427608512576236
21	34	-0.005523190995870435
21	23	-0.005523190995870454
22	36	-0.005569558407099014
29	34	-0.005604005641213672
23	29	-0.0056040056412136755
29	31	-0.005675381195131234
26	29	-0.00567538119513132
22	25	-0.0059610524331864916
21	25	-0.006230836567411002
21	22	-0.006268230293921527
38	47	-0.006477457523586052
38	49	-0.006477457523586052
38	50	-0.006477457523586052
8	38	-0.006477457523586121
1	38	-0.006477457523586162
38	46	-0.00647745752358618
7	38	-0.006477457523586187
2	38	-0.006477457523586198
3	38	-0.006477457523586213
5	38	-0.006477457523586248
38	48	-0.006477457523586256
4	38	-0.006477457523586264
6	38	-0.006477457523586302
34	36	-0.006700241534815396
23	36	-0.0067002415348155235
33	35	-0.006837572026600156
24	35	-0.006837572026600177
30	35	-0.006837572026600222
25	36	-0.007383426146760937
3	27	-0.007519130293055202
4	27	-0.007519130293055214
8	27	-0.007519130293055241
2	27	-0.0075191302930552525
7	27	-0.007519130293055289
1	27	-0.007519130293055381
6	27	-0.007519130293055394
5	27	-0.007519130293055488
27	47	-0.007519130293055605
27	50	-0.007519130293055676
27	46	-0.007519130293055701
27	48	-0.007519130293055701
27	49	-0.007519130293055707
14	26	-0.007901161914616544
14	31	-0.007901161914616595
32	35	-0.008435472393633665
28	46	-0.008819504788621885
28	48	-0.00881950478862193
28	47	-0.00881950478862199
28	49	-0.008819504788622024
28	50	-0.008819504788622048
8	28	-0.008819504788622111
7	28	-0.00881950478862213
3	28	-0.008819504788622168
6	28	-0.008819504788622192
5	28	-0.008819504788622215
4	28	-0.008819504788622253
2	28	-0.008819504788622257
1	28	-0.008819504788622408
25	35	-0.009765625924818597
14	48	-0.010095581144887174
14	46	-0.010095581144887265
14	47	-0.010095581144887268
14	49	-0.010095581144887268
14	50	-0.010095581144887268
4	14	-0.010095581144887384
1	14	-0.01009558114488739
6	14	-0.010095581144887426
7	14	-0.01009558114488743
2	14	-0.010095581144887445
8	14	-0.010095581144887447
3	14	-0.01009558114488748
5	14	-0.010095581144887617
2	41	-0.01073642942783294
6	41	-0.010736429427832974
4	41	-0.01073642942783299
3	41	-0.010736429427832992
7	41	-0.010736429427833018
5	41	-0.010736429427833021
8	41	-0.010736429427833025
41	46	-0.010736429427833044
41	50	-0.01073642942783305
41	47	-0.010736429427833073
1	41	-0.010736429427833092
41	49	-0.010736429427833108
41	48	-0.010736429427833188
36	49	-0.01251183505412936
36	50	-0.01251183505412936
6	36	-0.01251183505412936
8	36	-0.012511835054129361
4	36	-0.01251183505412937
36	47	-0.012511835054129374
1	36	-0.012511835054129391
7	36	-0.012511835054129413
36	48	-0.012511835054129419
5	36	-0.012511835054129436
36	46	-0.012511835054129457
3	36	-0.01251183505412952
2	36	-0.012511835054129625
33	50	-0.01305822589931116
24	47	-0.01305822589931123
24	49	-0.01305822589931123
24	50	-0.01305822589931123
3	33	-0.013058225899311287
30	50	-0.0130582258993113
3	24	-0.013058225899311304
33	49	-0.013058225899311313
30	49	-0.013058225899311316
30	48	-0.01305822589931132
24	46	-0.013058225899311325
2	24	-0.013058225899311335
1	24	-0.013058225899311337
33	47	-0.01305822589931135
7	24	-0.01305822589931135
24	48	-0.013058225899311372
4	24	-0.013058225899311373
33	46	-0.013058225899311382
30	47	-0.013058225899311408
1	30	-0.013058225899311424
33	48	-0.013058225899311425
8	33	-0.013058225899311448
1	33	-0.013058225899311451
6	24	-0.013058225899311457
4	33	-0.013058225899311481
5	30	-0.013058225899311495
5	33	-0.013058225899311495
30	46	-0.013058225899311496
7	33	-0.0130582258993115
8	24	-0.013058225899311512
5	24	-0.013058225899311512
2	33	-0.013058225899311523
6	33	-0.013058225899311524
8	30	-0.013058225899311552
2	30	-0.013058225899311566
7	30	-0.013058225899311634
6	30	-0.013058225899311646
3	30	-0.01305822589931166
4	30	-0.013058225899311677
22	47	-0.013296617258560376
22	49	-0.013296617258560448
22	50	-0.013296617258560448
22	46	-0.013296617258560644
22	48	-0.013296617258560727
2	22	-0.013296617258560767
4	22	-0.013296617258560808
3	22	-0.013296617258560826
5	22	-0.01329661725856085
8	22	-0.013296617258560857
1	22	-0.013296617258560904
7	22	-0.013296617258560916
6	22	-0.01329661725856092
35	47	-0.014352901197664684
35	49	-0.014352901197664714
35	50	-0.014352901197664714
35	48	-0.014352901197664799
35	46	-0.0143529011976649
5	35	-0.01435290119766502
6	35	-0.014352901197665049
8	35	-0.014352901197665083
7	35	-0.014352901197665106
1	35	-0.014352901197665207
3	35	-0.014352901197665212
4	35	-0.014352901197665214
2	35	-0.014352901197665262
5	21	-0.01455265848593163
2	21	-0.014552658485931754
8	21	-0.014552658485931763
6	21	-0.014552658485931786
4	21	-0.014552658485931794
1	21	-0.014552658485931827
7	21	-0.014552658485931833
3	21	-0.014552658485931857
21	46	-0.014552658485931878
21	49	-0.014552658485931881
21	48	-0.014552658485931886
21	47	-0.01455265848593189
21	50	-0.01455265848593189
1	32	-0.015941318229648924
32	49	-0.01594131822964898
32	50	-0.01594131822964898
2	32	-0.015941318229648983
32	47	-0.015941318229649004
3	32	-0.015941318229649004
7	32	-0.01594131822964903
32	48	-0.015941318229649053
32	46	-0.015941318229649084
4	32	-0.01594131822964916
6	32	-0.015941318229649178
5	32	-0.015941318229649195
8	32	-0.015941318229649226
5	31	-0.017855669916620544
1	31	-0.017855669916620596
31	47	-0.017855669916620607
31	49	-0.017855669916620607
8	31	-0.017855669916620614
5	26	-0.017855669916620617
26	48	-0.017855669916620624
6	31	-0.01785566991662063
3	31	-0.01785566991662064
8	26	-0.017855669916620645
31	50	-0.017855669916620645
3	26	-0.017855669916620652
7	31	-0.01785566991662066
31	46	-0.017855669916620662
31	48	-0.017855669916620662
2	31	-0.017855669916620662
4	31	-0.017855669916620673
2	26	-0.017855669916620673
7	26	-0.017855669916620694
6	26	-0.0178556699166207
26	46	-0.017855669916620718
1	26	-0.017855669916620718
26	49	-0.01785566991662077
26	50	-0.017855669916620773
4	26	-0.017855669916620773
26	47	-0.017855669916620784
4	25	-0.017983653132349096
2	25	-0.017983653132349103
25	49	-0.01798365313234911
25	48	-0.01798365313234912
25	47	-0.01798365313234914
3	25	-0.017983653132349148
7	25	-0.017983653132349158
25	50	-0.01798365313234916
6	25	-0.01798365313234916
8	25	-0.017983653132349165
25	46	-0.017983653132349186
1	25	-0.017983653132349207
5	25	-0.017983653132349356
2	23	-0.020767732884128573
4	23	-0.020767732884128635
1	23	-0.020767732884128646
5	23	-0.020767732884128684
23	47	-0.020767732884128698
23	49	-0.020767732884128698
23	50	-0.020767732884128746
2	34	-0.02076773288412875
34	47	-0.020767732884128753
34	50	-0.020767732884128753
1	34	-0.020767732884128764
6	34	-0.02076773288412879
3	23	-0.020767732884128805
34	49	-0.020767732884128816
8	23	-0.02076773288412882
6	23	-0.020767732884128823
8	34	-0.020767732884128847
7	34	-0.02076773288412886
4	34	-0.020767732884128864
5	34	-0.020767732884128892
3	34	-0.020767732884128892
7	23	-0.020767732884128913
23	46	-0.020767732884128993
34	48	-0.020767732884129024
23	48	-0.020767732884129038
34	46	-0.020767732884129093
