#====================================================================================================
# This result is computed using convolution with a 3x3 matrix on mean-field DCA
# The first and second columns are site pairs. The third column represents interaction score
#====================================================================================================
2	21	0.7112150090977026
2	22	0.6698695408127869
2	23	0.6608870314558453
1	21	0.5939719774792931
3	21	0.59243154273144
2	20	0.5800242398295993
1	22	0.5078965311436883
4	21	0.5074856289376289
3	22	0.47549977066003113
2	19	0.4613491524451053
1	20	0.44875061439910546
1	23	0.4047912163151186
3	20	0.3761815501136546
3	19	0.2599703390138715
4	20	0.23958823630225917
4	19	0.1762946179254232
8	13	0.16028905608135027
8	15	0.14588423646291027
6	31	0.12570390262147282
9	12	0.12442062128955589
5	28	0.12119916325245239
5	30	0.12119916325245107
5	29	0.12119916325245096
14	33	0.11006306709279237
18	28	0.09842957365664709
18	30	0.09842957365664688
18	29	0.09842957365664678
23	24	0.09755934510188999
6	32	0.0971959908355843
5	18	0.09559781738808742
7	31	0.09118263386510388
14	16	0.08988725743537074
5	26	0.08878292004893142
6	26	0.08722781413813242
7	28	0.08674129860805319
7	29	0.08674129860805249
7	30	0.08674129860805199
7	27	0.08634194216356403
8	14	0.08522063577429737
7	32	0.08456496180625296
12	16	0.08332596397378114
7	26	0.0825839578087306
6	28	0.07772347402665225
6	29	0.07772347402665138
6	30	0.07772347402665099
11	16	0.07700802342299892
7	18	0.0760968061464808
5	27	0.07426355667773922
5	32	0.0742426236818513
18	26	0.07251750397140945
12	17	0.06905291991806049
6	27	0.06626119407632015
18	27	0.06433523249372308
18	32	0.06359119526138796
6	18	0.06352333355691067
14	34	0.06349505681601228
8	33	0.06235733312918129
5	31	0.06206180844002184
9	14	0.06073149173598929
26	32	0.059630694024624
27	32	0.05894303010015483
11	12	0.05867715630094197
10	16	0.056141267980608284
26	31	0.05587379550693089
8	16	0.05365530425549897
9	10	0.05183020519102645
7	33	0.051493050218595
18	31	0.04826224522436516
20	31	0.047878403933119124
6	25	0.045740272401750645
2	24	0.045558449116935386
5	34	0.04314870560872675
29	34	0.043148705608725975
28	34	0.0431487056087257
15	16	0.042546186017299537
9	11	0.042097958905965106
11	13	0.0402634637979017
3	33	0.03780417191866917
1	31	0.03754357441217676
4	27	0.037372175383512465
16	33	0.03733156488279826
15	33	0.03664440015776508
8	27	0.03561927875059272
9	31	0.03347511188946017
5	19	0.030038168048164542
9	15	0.02913390171189347
7	25	0.02912413120327704
6	33	0.028670838494424804
18	34	0.02862988982460362
4	28	0.027986394938041607
4	30	0.0279863949380411
4	29	0.02798639493804083
17	29	0.027559822804185074
17	28	0.02755982280418502
17	30	0.02755982280418453
3	27	0.027300093955509957
1	24	0.026875667011749083
7	17	0.026607113229286834
6	34	0.02562758607953661
9	34	0.02548305361864589
26	34	0.025470615368478982
7	34	0.024553968289370835
10	15	0.024359688681943294
13	15	0.02430055068720818
4	26	0.024097252625469166
19	28	0.023497639553306693
19	30	0.023497639553306592
19	29	0.023497639553305773
12	14	0.023215400708049776
19	26	0.023193727219970737
12	34	0.02315252444745472
27	33	0.02200471426337347
13	14	0.02151133552638554
8	17	0.02147721371886689
25	30	0.01993597957335645
5	17	0.019500832979455027
6	19	0.019211220388809423
9	16	0.016980149432920123
9	33	0.016867772373964446
16	17	0.016502653674154315
8	26	0.016480254336203495
25	31	0.016326482302670475
4	18	0.01631406578199323
27	34	0.016171271375265684
19	34	0.016005595724064722
5	25	0.01571293361958916
7	19	0.014958637749238127
6	17	0.01425841247174964
10	13	0.013389144921499199
25	32	0.012915540869863188
8	34	0.012783373552620235
17	32	0.012197692483634177
26	33	0.012080084106490082
24	26	0.011880191564303236
15	17	0.011813759512008533
18	33	0.010670303488758968
17	26	0.00945114569089555
13	16	0.009205368469960125
20	21	0.008686840035423186
2	3	0.008686840035423173
25	29	0.008408305888888402
30	33	0.00840830588888827
27	29	0.00840830588888826
28	29	0.008408305888888221
29	30	0.008408305888888211
31	33	0.008408305888888188
18	19	0.008408305888888091
25	27	0.00840830588888808
4	6	0.008408305888887987
29	31	0.008408305888887987
28	31	0.008408305888887944
5	8	0.008408305888887899
5	6	0.008408305888887892
6	8	0.00840830588888789
4	5	0.008408305888887845
27	28	0.00840830588888783
30	31	0.00840830588888783
4	8	0.008408305888887817
29	33	0.008408305888887798
25	28	0.008408305888887782
27	31	0.008408305888887697
27	30	0.008408305888887654
28	30	0.00840830588888761
22	33	0.008024633659226437
20	25	0.007779353021207722
20	32	0.00752824428121842
18	25	0.00738668597996259
17	27	0.007255275922980184
5	33	0.006766191339524436
28	33	0.006766191339523551
22	24	0.00674893556403669
20	22	0.006075026189687763
22	23	0.00572917341195742
24	30	0.0051193993493255825
24	29	0.0051193993493251315
10	11	0.004935943471124048
9	32	0.004490088496611975
10	12	0.004423297034955843
21	23	0.004021117213120443
32	34	0.003916888547662357
17	18	0.0038606160254536885
17	19	0.0038606160254536876
12	15	0.0038335765867037776
19	27	0.0037355861963192377
14	31	0.0030444708912359675
3	32	0.0024242761378190925
20	23	0.002331747179112595
4	24	0.002270440766819235
14	15	0.0019771022973528816
1	3	0.0019581737333975377
6	20	0.001597228410359034
1	32	0.0009231498501073888
12	33	0.0008822240717654417
14	17	0.00028756181149518396
4	7	0.00012399894089896914
6	7	0.00012399894089888718
7	8	0.000123998940898872
5	7	0.0001239989408987779
25	26	7.090896511642401e-05
26	27	7.090896511594436e-05
26	29	7.09089651159088e-05
26	30	7.090896511580212e-05
26	28	7.090896511571538e-05
5	24	-0.0002584782594836216
11	33	-0.000784876861610332
7	10	-0.000895198033828027
31	34	-0.0010766531931106914
30	34	-0.0010766531931108983
33	34	-0.0010766531931110527
9	13	-0.0017087135885826416
17	31	-0.0019417850325199795
21	24	-0.002000106158803871
8	18	-0.002159246436375866
20	24	-0.0023579486525744965
8	32	-0.002538289302824785
3	24	-0.002672464931830161
24	28	-0.0030777400904748106
24	25	-0.0030777400904748115
24	27	-0.0030777400904748436
28	32	-0.0036688279760382345
31	32	-0.0036688279760382536
30	32	-0.003668827976038284
29	32	-0.00366882797603835
32	33	-0.0036688279760383542
13	17	-0.003925250912170105
4	32	-0.00414398282013027
8	10	-0.004461022403808898
6	10	-0.004461022403809096
3	25	-0.004505488897409381
10	24	-0.004697903837608625
9	25	-0.004730730879075394
4	25	-0.004924555632376943
14	18	-0.0049456297827321916
3	7	-0.005149007570356374
23	27	-0.005233919140784099
23	25	-0.005233919140784208
19	23	-0.005233919140784301
8	11	-0.0052693001868216885
19	25	-0.005379359901345679
8	30	-0.005413488289195297
8	28	-0.005413488289195396
8	29	-0.005413488289195443
9	24	-0.005574142614584551
20	26	-0.0057924317366586705
1	5	-0.0058750362666058036
1	4	-0.005875036266605816
17	21	-0.0059045279433742395
22	25	-0.006491756075223157
19	22	-0.006491756075223185
18	22	-0.006491756075223223
16	19	-0.006515978177379901
16	18	-0.006515978177379985
11	15	-0.006545195335833299
19	21	-0.006565336042845794
2	4	-0.006565336042845876
2	5	-0.00656533604284588
2	6	-0.006565336042845931
18	21	-0.006565336042845968
21	25	-0.006565336042846125
3	26	-0.006625071961499071
10	14	-0.006696310023307605
19	32	-0.006769415324279361
16	34	-0.007273688109077802
23	26	-0.0073461309578753825
8	12	-0.0076518886452417965
15	18	-0.007726580165217252
15	19	-0.007726580165217364
5	9	-0.007814080268736697
6	9	-0.007814080268736713
8	9	-0.00781408026873677
18	24	-0.007942837917564477
16	20	-0.008708892935980598
19	31	-0.00872768754174618
12	13	-0.009171319802437598
4	34	-0.009272870751626909
17	20	-0.009522321395903314
11	17	-0.009535313146376762
10	34	-0.009811428773266965
13	34	-0.009910949422967597
1	19	-0.010198535131837393
3	5	-0.010208751736264758
3	6	-0.010208751736264893
3	4	-0.010208751736264954
19	20	-0.010208751736264978
18	20	-0.01020875173626502
16	32	-0.010646588629397599
25	34	-0.010742558033277972
1	2	-0.011814641387012388
7	11	-0.012047303187228792
1	33	-0.012384378061226615
20	27	-0.012431131352314813
22	26	-0.013029368254593499
11	14	-0.013446484800833193
9	30	-0.013814146955492147
9	29	-0.013814146955492554
9	28	-0.013814146955493498
7	20	-0.016034550509802556
9	26	-0.016395898926550585
13	33	-0.017306404511906515
4	12	-0.01747871626082415
24	34	-0.018949836637447034
17	33	-0.019009940953354083
7	24	-0.01911464795106702
7	9	-0.020099340394279956
17	34	-0.020102613326903707
4	31	-0.020176434890808993
16	31	-0.02063793337526561
6	16	-0.021377529146286486
9	17	-0.02156908015209217
4	22	-0.02275214362925198
4	17	-0.022948955880467588
3	31	-0.02304672009551013
21	22	-0.023615112370905307
7	16	-0.024164586511901676
6	15	-0.024259911108900033
5	20	-0.024505454953797405
8	25	-0.026117088761220535
20	34	-0.026122086316522457
14	25	-0.026190939834766683
9	27	-0.026291634835040916
9	18	-0.026782836509031606
14	32	-0.027060888757235148
15	31	-0.027493173743518458
4	23	-0.027607185874541394
6	24	-0.028448680253938922
24	32	-0.029009610644968663
2	33	-0.02967038684692542
15	34	-0.02986693058228579
20	33	-0.030716535880288495
6	14	-0.030846693559547413
7	15	-0.030996251359190992
3	28	-0.03120763372199313
3	30	-0.031207633721993627
3	29	-0.031207633721993706
25	33	-0.0314178513548792
10	33	-0.03157540250047399
1	6	-0.03226180105357922
10	17	-0.03308229032864757
1	25	-0.03317273978117252
6	13	-0.03361676005514035
11	34	-0.03407621626520306
3	18	-0.03413191655627693
20	30	-0.03481792581022114
20	28	-0.03481792581022157
20	29	-0.03481792581022223
19	24	-0.03500250086769873
8	31	-0.03567308640611619
1	34	-0.036129138383967474
19	33	-0.03648646030505513
15	32	-0.037618069461457085
10	23	-0.03829318561884693
1	26	-0.03860738552217147
9	23	-0.03908935879668058
24	31	-0.03927930587778594
10	19	-0.03988264368238498
4	33	-0.0407303971786395
8	24	-0.04250568369672561
1	7	-0.04258180354070828
11	25	-0.0431210653107479
11	19	-0.04357805110105312
3	34	-0.04490185278653345
16	29	-0.04552811313441789
16	28	-0.045528113134418575
16	30	-0.04552811313441863
14	27	-0.04565168075182105
10	25	-0.04610780668094039
1	27	-0.04721917256390275
23	34	-0.04739138213587365
21	33	-0.04828521861301867
16	27	-0.04855807794243263
7	14	-0.049060230642277755
8	19	-0.049536628831134966
22	32	-0.0499112887019616
5	16	-0.04992742702987207
16	26	-0.050342577363592156
17	25	-0.05111489059209223
9	19	-0.051293166275596366
16	25	-0.052786136267678016
22	27	-0.05345688092392191
13	31	-0.05367339516751894
7	13	-0.05379047604735407
2	31	-0.055685899985176646
2	34	-0.05646112324036408
21	27	-0.05661722858552936
1	18	-0.058175356970971516
22	34	-0.058316003453665284
1	29	-0.058891313054949226
1	28	-0.058891313054949865
1	30	-0.05889131305495023
13	27	-0.05897585251019691
11	32	-0.05929524320219649
4	11	-0.0596623458825825
3	8	-0.061961202968057044
14	26	-0.06229123847523351
21	31	-0.06371758491625079
12	19	-0.06411941540597524
2	25	-0.06425140407041635
16	24	-0.06470441376884223
24	33	-0.06472314514354334
14	24	-0.06555308391470845
13	26	-0.0657421642768678
4	9	-0.0657960958507474
12	24	-0.06709812753272668
21	34	-0.0695853257838934
23	28	-0.07042511928008754
23	30	-0.07042511928008768
23	29	-0.07042511928008853
12	26	-0.07066666807503377
13	32	-0.07120976362889607
2	32	-0.07155647977582621
17	24	-0.07181855094606197
10	31	-0.07192381852069463
5	23	-0.07196585633718953
22	31	-0.07267909062088564
7	22	-0.07279457370160111
12	23	-0.07310815436584703
13	18	-0.07398267795227612
3	23	-0.07403341950656059
12	25	-0.07405640036138156
18	23	-0.07409890384879385
13	25	-0.07440151182742652
14	23	-0.07511524751507737
12	21	-0.07651676148723544
10	27	-0.07756829896566791
11	24	-0.0780748879003211
21	32	-0.07821771843253268
8	22	-0.0784037813265763
12	27	-0.0796525422572565
6	22	-0.0804857860569424
5	12	-0.08085976118953662
12	28	-0.081193721457305
12	29	-0.08119372145730509
12	30	-0.08119372145730522
11	23	-0.08132717320485464
15	27	-0.08146741616705189
2	27	-0.08154586154965734
2	26	-0.08157914405315128
5	14	-0.08171801518893068
13	29	-0.0824827138750667
13	28	-0.08248271387506746
13	30	-0.08248271387506766
11	27	-0.08257514761531491
7	23	-0.08302313614118395
14	29	-0.08304749429040932
14	30	-0.08304749429040989
14	28	-0.08304749429041042
5	11	-0.08306929882330563
4	10	-0.08316936632447033
11	31	-0.08352035243676499
15	25	-0.0836319206342427
11	26	-0.08422524278059143
5	13	-0.08432145582466899
12	18	-0.08437715816859939
11	28	-0.08440964627077041
11	30	-0.08440964627077055
11	29	-0.0844096462707712
10	26	-0.0850116707670703
10	29	-0.08533221096060925
10	30	-0.0853322109606095
10	28	-0.08533221096061011
10	32	-0.08595505674316437
6	23	-0.08666975185305333
21	26	-0.08682259186288534
11	18	-0.08683633924675989
4	16	-0.08707460557636576
5	10	-0.08713613013297107
15	26	-0.08717612525419427
4	13	-0.08720031978782639
22	29	-0.08734092348129509
22	28	-0.0873409234812957
22	30	-0.0873409234812959
6	11	-0.08760447203688482
5	22	-0.08782864244553137
3	17	-0.08828957810347964
10	18	-0.08881230412442274
6	12	-0.08894913680813041
5	15	-0.08978930230315438
23	32	-0.08980875731548253
11	21	-0.09030873789602033
15	29	-0.0910956373049403
15	30	-0.09109563730494044
15	28	-0.09109563730494155
7	12	-0.09185397258293677
2	7	-0.09272983653975442
3	11	-0.09294522255539903
9	20	-0.0937373451377047
8	20	-0.09413812998156143
8	23	-0.09510882759557998
6	21	-0.09585762779538246
10	21	-0.09618839134808324
12	20	-0.09646073030079585
23	31	-0.09653223891776248
7	21	-0.0974320690762797
3	12	-0.09800025418610338
10	22	-0.0981022943958359
1	16	-0.09841316471299646
23	33	-0.09915900476299119
15	24	-0.09955953840719546
12	32	-0.09967236204707523
1	17	-0.09977510509879685
12	31	-0.09987444012863148
16	23	-0.1036370735921106
1	14	-0.10435405661395325
13	19	-0.10585814758527086
14	22	-0.10645457778043113
3	16	-0.10653951405009042
11	20	-0.1066453240296855
2	18	-0.1085133883562602
10	20	-0.10956639695998488
2	29	-0.11029845644223349
2	30	-0.11029845644223454
2	28	-0.1102984564422347
3	9	-0.1112846035989466
21	29	-0.11249007432130897
21	28	-0.11249007432130981
21	30	-0.11249007432130997
1	9	-0.11336754027328001
1	8	-0.11418666780866688
5	21	-0.11478460705190668
4	14	-0.1150822020047621
2	11	-0.11688621340537542
9	22	-0.11828919319112462
14	20	-0.11920168599191074
14	19	-0.11963478822330845
3	10	-0.12297752407430304
4	15	-0.12459139410782269
13	20	-0.1273098236131911
16	22	-0.12829791053031592
3	14	-0.13212665570979587
13	24	-0.13327715553797934
11	22	-0.13380889882246655
1	15	-0.1363370646738738
2	8	-0.13684805948812054
3	13	-0.13722935080933732
14	21	-0.13757007033908786
3	15	-0.13934432624941373
2	12	-0.1399986681988476
17	23	-0.14043658752788998
1	12	-0.14093986565807523
15	23	-0.14443127310827522
1	11	-0.14541747356920512
9	21	-0.14566806237447127
1	13	-0.14651989155142406
2	10	-0.14654496851336146
1	10	-0.1476072366314943
15	20	-0.1481364529270695
16	21	-0.15230647200499367
17	22	-0.15397269329003116
2	16	-0.1553998750338756
2	9	-0.1605124799965267
12	22	-0.1617296969534365
15	22	-0.16465716282238796
13	23	-0.1655085015046821
13	21	-0.16770311994962267
2	17	-0.16826719057523434
8	21	-0.16908325001478272
2	14	-0.18716958029008168
2	15	-0.18899820132860473
15	21	-0.19014739282626547
13	22	-0.19423995736197655
2	13	-0.21164515520936292
