#====================================================================================================
# This result is computed using convolution with a 3x3 matrix on mean-field DCA
# The first and second columns are site pairs. The third column represents interaction score
#====================================================================================================
27	32	0.9755490166586744
25	30	0.8940560721724425
25	31	0.8132602903028067
26	32	0.7881383687287665
24	33	0.6762410546924056
22	34	0.6626614985834007
23	35	0.6496962077394683
25	32	0.6092263760909304
23	36	0.60535070091738
21	34	0.5973363380875275
22	35	0.5908887937743231
22	36	0.5828549195674491
24	35	0.5653548699458744
26	31	0.5507904779898324
21	35	0.548403668617283
23	34	0.5241094811571024
22	33	0.5224671241942834
24	34	0.4864097827825852
23	33	0.4707770720321211
21	36	0.4546310908664194
24	31	0.4486980458612549
2	7	0.4115394718238023
2	47	0.41153947182379547
7	47	0.4115394718237954
3	47	0.4115394718237951
3	49	0.411539471823795
2	49	0.41153947182379497
3	48	0.41153947182379497
7	48	0.4115394718237949
2	48	0.41153947182379486
6	47	0.4115394718237948
7	49	0.4115394718237948
5	48	0.4115394718237947
6	48	0.4115394718237947
5	47	0.4115394718237946
4	47	0.41153947182379447
5	49	0.41153947182379447
6	49	0.4115394718237944
4	48	0.4115394718237943
4	49	0.4115394718237942
22	37	0.37345606142018073
20	35	0.36182456589042233
26	33	0.3493652758416835
25	33	0.34136049795090867
24	32	0.324848569742753
20	37	0.2813334665520359
15	42	0.27813017787016636
21	37	0.2734469104605527
3	50	0.2717358599419675
5	50	0.2717358599419675
7	50	0.27173585994196736
2	50	0.27173585994196725
4	50	0.2717358599419672
6	50	0.27173585994196714
1	6	0.26858928073982136
1	7	0.2685892807398205
1	47	0.26858928073981575
1	49	0.26858928073981525
1	48	0.2685892807398152
13	40	0.25939925687934234
20	36	0.2578045852920969
2	8	0.24811406065845787
3	8	0.24811406065845748
8	47	0.23638877665826025
8	48	0.23638877665825986
8	49	0.2363887766582598
7	46	0.2236538576720095
6	46	0.22365385767200918
5	46	0.22365385767200896
4	46	0.22365385767200885
2	46	0.2236538576720088
3	46	0.22365385767200877
25	34	0.21733550394640144
14	42	0.1880763446922142
8	50	0.17824346225922727
13	41	0.174372122671075
23	32	0.17005555439294226
1	46	0.1695211244760988
14	40	0.1685284415100599
15	41	0.15909303244230347
1	50	0.15727212580695057
23	29	0.14721507086277755
13	42	0.14600102200549023
1	8	0.138463516678467
28	33	0.1329926686399905
14	41	0.131155310144136
26	35	0.12888706126703095
23	31	0.12254700712112178
15	40	0.12216867379131517
3	9	0.11835019464572775
4	9	0.11835019464572755
2	9	0.11835019464572746
25	35	0.11412937855154313
24	29	0.11308146306880401
24	30	0.11258841869984204
22	31	0.10653509455221143
8	46	0.10309887607402259
9	47	0.09756822996052655
9	48	0.09756822996052614
9	49	0.09756822996052589
7	45	0.09388999165928152
6	45	0.09388999165928141
3	45	0.09388999165928115
4	45	0.09388999165928111
5	45	0.09388999165928091
2	45	0.09388999165928087
29	34	0.09316718806375879
9	50	0.08789038214005018
22	29	0.08759804288381363
27	33	0.08623088224339133
1	45	0.08474380293789753
26	34	0.08278900015585165
22	32	0.071924318686673
23	25	0.06411311032694858
17	43	0.062304067166772774
16	43	0.06230406716677187
17	44	0.06230406716677121
16	44	0.062304067166770866
12	17	0.06230406716677041
11	16	0.06230406716677033
10	17	0.062304067166770186
11	17	0.06230406716677001
10	16	0.06230406716676971
12	43	0.062304067166769166
10	44	0.06230406716676909
11	44	0.06230406716676903
11	43	0.06230406716676886
12	44	0.06230406716676885
10	43	0.06230406716676837
20	27	0.0618660567726126
23	30	0.06137951153285827
11	19	0.05984688866670035
10	19	0.059846888666700106
12	19	0.05984688866669999
19	43	0.05967539345971597
19	44	0.0596753934597159
12	18	0.059209481447189065
11	18	0.059209481447188746
10	18	0.0592094814471887
18	43	0.05898745418615174
18	44	0.05898745418615164
17	38	0.05817281449910381
16	38	0.05817281449910323
10	38	0.05817281449910068
11	38	0.05817281449909996
12	38	0.05817281449909954
38	44	0.057884479715392956
38	43	0.05788447971539245
30	33	0.05746433161495063
39	44	0.05698403918942599
17	39	0.056322410111294095
16	39	0.05632241011129352
10	39	0.05632241011129181
11	39	0.05632241011129127
12	39	0.056322410111290716
19	37	0.05588062132871883
20	28	0.055283944603870566
19	38	0.05475338764756438
20	38	0.05399798192381372
15	36	0.05390932190616559
1	9	0.05368619514026421
18	38	0.053683161157582246
19	39	0.052391538406716245
18	39	0.05201316676689402
20	29	0.05195769164849265
29	35	0.04878413332568049
16	41	0.04861790520652295
17	41	0.0486179052065228
12	41	0.04861790520651983
10	41	0.04861790520651965
11	41	0.048617905206519596
29	36	0.04846402205358351
13	34	0.0478347576933519
45	50	0.047578777460194524
18	37	0.04751122431093586
14	44	0.04735711667317086
14	43	0.0473571166731704
20	39	0.047171748416447286
26	42	0.04707652232358183
28	39	0.046462858748261754
19	41	0.04624528145287006
18	41	0.04568112875497043
17	40	0.04506763059659611
16	40	0.04506763059659599
11	40	0.04506763059659348
12	40	0.04506763059659313
10	40	0.04506763059659309
21	39	0.04488156361093048
28	37	0.04472239437615734
14	19	0.04448390382474446
15	43	0.044311846020176376
15	44	0.04431184602017578
13	43	0.04344541236504896
13	44	0.04344541236504883
26	40	0.043091674078427934
19	40	0.04280249523066313
14	38	0.04278551364220312
28	32	0.04259445629807637
16	42	0.04248781920580184
17	42	0.042487819205801726
11	42	0.042487819205799825
12	42	0.04248781920579969
10	42	0.04248781920579946
18	40	0.04236350933674327
10	15	0.04207423059004768
27	37	0.040902544228715074
14	39	0.04065029859203486
29	37	0.04061338986468688
13	19	0.040371068969019916
19	42	0.040280803937810306
22	28	0.03975784996749371
18	36	0.039742478783217954
15	38	0.039600288509932
18	42	0.039492625065140854
24	42	0.03942303738996355
13	18	0.039355639610532955
13	38	0.03866092328258852
8	45	0.03785346313688967
15	39	0.03718448636584848
13	39	0.03691098464484265
21	38	0.03660475968754451
14	36	0.036189429871678225
9	46	0.03590058825040518
12	20	0.0347479513464699
10	20	0.03474795134646946
11	20	0.03474795134646924
28	42	0.03463190865859941
20	43	0.03341966351810428
20	44	0.0334196635181041
37	43	0.033117097313828094
37	44	0.03311709731382809
19	36	0.03240661960270601
32	34	0.031398598252198415
17	37	0.030554023759070657
10	37	0.030554023759069404
16	37	0.030554023759069363
11	37	0.03055402375906908
12	37	0.030554023759068856
21	28	0.02994921553768291
15	33	0.02965746100675743
21	29	0.02899651809996823
22	39	0.02897978970180765
26	41	0.02867179057278963
2	4	0.028550937742353642
47	49	0.028550937742353615
48	49	0.02855093774235358
1	4	0.028550937742353566
49	50	0.02855093774235356
46	49	0.02855093774235355
47	50	0.028550937742353497
48	50	0.028550937742353476
46	47	0.02855093774235346
46	50	0.02855093774235345
2	5	0.028550937742353448
47	48	0.028550937742353413
46	48	0.028550937742353386
2	3	0.02855093774235338
1	3	0.028550937742353365
2	6	0.02855093774235332
3	4	0.028550937742353316
3	6	0.028550937742353306
4	6	0.028550937742353306
1	5	0.028550937742353295
3	5	0.028550937742353295
1	2	0.028550937742353292
6	7	0.028550937742353285
5	6	0.028550937742353216
4	5	0.02855093774235319
7	8	0.028550937742353184
5	8	0.02855093774235318
4	8	0.028550937742353157
6	8	0.028550937742353153
5	7	0.028550937742353136
4	7	0.028550937742353108
3	7	0.0285509377423531
28	36	0.0280981395995655
14	34	0.026639343756429304
29	39	0.026552315131152485
15	35	0.026532044878146623
27	42	0.02610205195518934
15	28	0.02558438162565135
13	33	0.025405490774631327
28	38	0.023971445813061678
24	40	0.02394275767566996
13	36	0.02391300397110935
15	34	0.023686928537574016
18	35	0.022716233718300397
20	26	0.02268313807923271
24	41	0.02077141848657099
27	34	0.020642113018670475
35	42	0.02047477101645223
14	33	0.02043620984013301
14	20	0.019842721826971475
20	41	0.019732929970405884
31	37	0.019370363799534954
22	40	0.01929868693568948
12	21	0.01927142856768097
16	21	0.019271428567680583
10	21	0.019271428567680375
11	21	0.019271428567680073
25	26	0.019047103399896702
23	24	0.018517639818765395
30	34	0.01851763981876501
33	34	0.01851763981876499
33	40	0.018462900996004006
27	35	0.018092023213329037
27	28	0.01805866763559441
17	45	0.01751702318329798
16	45	0.01751702318329746
10	45	0.01751702318329651
11	45	0.017517023183296503
12	45	0.017517023183296336
36	44	0.017121525296319814
36	43	0.017121525296319735
20	34	0.01664232093911775
13	20	0.016591632409232046
9	17	0.016508994998420692
9	44	0.016508994998420436
9	16	0.016508994998420224
9	43	0.016508994998419967
21	44	0.016221189291479175
21	43	0.016221189291479095
15	20	0.016172668682443027
20	40	0.01588796567708315
21	27	0.015791947963502497
14	37	0.015377456376162522
17	36	0.015221394616291309
16	36	0.01522139461629126
12	36	0.015221394616289852
10	36	0.015221394616289501
11	36	0.01522139461628936
19	45	0.01497903554408118
18	45	0.014353198669416492
28	41	0.014269545515695706
9	45	0.01414742958447202
9	19	0.014135989514027074
20	42	0.013983588533978013
14	28	0.013920886259820554
37	42	0.013779016798116325
9	18	0.01347671528056624
25	40	0.012927024870789647
15	37	0.01275725735177152
21	24	0.012557533714520471
38	45	0.01223943946094269
27	36	0.012053380300186795
13	35	0.011980729500800851
39	45	0.011607507554607516
9	38	0.011581367151112429
13	37	0.010943563802303316
29	38	0.010762754414970271
13	31	0.010312077040133778
14	35	0.010306675328599647
24	25	0.010306132946352298
36	38	0.00920000297208749
32	36	0.00908433017288476
22	27	0.009077769047162391
9	39	0.008955045165024846
27	39	0.008921546856421693
13	28	0.00844510156488286
33	36	0.008345639166947388
20	32	0.007051825575591138
32	37	0.0064885532365918505
28	34	0.006181623058158754
27	38	0.005793034035170661
23	42	0.005788817295061746
28	40	0.005728386866687585
19	35	0.005647941581895474
22	38	0.005340168168263993
27	40	0.005321436149060261
14	21	0.004787763665596249
26	28	0.004623324779789868
28	31	0.0046233247797898575
16	18	0.0043224032311913576
15	16	0.004322403231191353
39	42	0.004322403231191327
37	39	0.0043224032311913
15	18	0.004322403231191298
17	18	0.0043224032311912864
43	45	0.004322403231191279
9	13	0.00432240323119126
12	15	0.004322403231191258
42	43	0.004322403231191254
10	12	0.004322403231191251
12	16	0.0043224032311912405
16	20	0.004322403231191236
16	17	0.004322403231191187
37	40	0.004322403231191161
40	42	0.00432240323119116
9	11	0.004322403231191155
43	44	0.004322403231191145
17	20	0.004322403231191138
15	17	0.004322403231191115
9	12	0.0043224032311910965
39	43	0.004322403231191084
42	44	0.004322403231191078
44	45	0.004322403231191077
40	43	0.004322403231191075
13	16	0.004322403231191059
10	13	0.004322403231191046
10	11	0.004322403231191012
13	17	0.0043224032311909915
13	15	0.004322403231190987
11	12	0.004322403231190985
42	45	0.0043224032311909785
11	13	0.0043224032311909725
39	40	0.004322403231190967
11	15	0.00432240323119096
12	13	0.004322403231190957
9	10	0.004322403231190919
40	44	0.004322403231190881
18	20	0.004322403231190836
15	24	0.004207979810959289
19	28	0.004196322284850437
18	19	0.0036904215317997164
15	19	0.003690421531799713
17	19	0.00369042153179968
19	20	0.003690421531799629
16	19	0.003690421531799595
27	41	0.003289733027044073
18	28	0.0032691151154814967
37	38	0.003259852797246474
38	39	0.0032598527972464513
38	40	0.003259852797246381
38	42	0.0032598527972463364
13	23	0.0030420166516759856
24	28	0.002881989053309675
28	30	0.0028819890533094625
21	41	0.0028645527396238715
24	27	0.0025080534617957827
27	30	0.002508053461795742
36	41	0.002482070210481316
22	23	0.0023367849807660497
22	41	0.0021302570873468997
15	21	0.0019204220032814228
23	40	0.001829281236307271
33	41	0.001783013565429866
34	42	0.001551357049754712
25	27	0.0015009191790506995
28	29	0.0013453978149770432
13	21	0.0010902378872219738
13	29	0.0010691909555638045
15	29	0.0010533713784748751
14	29	0.0009040727200338168
37	41	0.0008023480567146111
39	41	0.0008023480567145832
41	45	0.0008023480567144452
40	41	0.0008023480567144181
41	42	0.0008023480567143869
41	43	0.0008023480567143644
41	44	0.0008023480567142386
14	15	0.0007288803271098408
11	14	0.0007288803271097769
14	18	0.0007288803271097676
14	17	0.0007288803271097485
14	16	0.0007288803271097227
10	14	0.0007288803271096034
13	14	0.0007288803271095923
12	14	0.0007288803271095397
14	31	0.0004391766949971062
27	29	0.00033464830829342063
9	14	0.0002754289375058814
20	24	0.0002125255860683079
33	37	0.00021252558606826366
14	45	0.00013330709960716718
20	33	-8.409583311273262e-05
38	41	-9.924144987989844e-05
30	32	-0.00017662586720366448
32	33	-0.00017662586720391775
28	35	-0.0002594326886557795
20	30	-0.0003237951766226783
36	39	-0.00039328874106742194
36	40	-0.0003932887410676238
36	37	-0.0003932887410676355
9	41	-0.00040175868735327705
21	40	-0.00043997218028384195
19	22	-0.0005366246075607841
18	22	-0.0005742914860717742
20	22	-0.0005742914860718332
18	21	-0.0005785832155057514
17	21	-0.0005785832155057974
20	21	-0.0005785832155058919
34	40	-0.0007372572822027489
35	39	-0.000784208335833398
35	37	-0.0007842083358334461
35	38	-0.000948466964864282
19	21	-0.001000055175616563
30	40	-0.0010267618072814216
25	42	-0.0016615977125847064
35	41	-0.0017963871581741179
10	28	-0.001836340156236013
11	28	-0.0018363401562362873
12	28	-0.001836340156236401
16	28	-0.0018363401562379485
17	28	-0.0018363401562389505
30	31	-0.001882930601576972
24	26	-0.0018829306015771853
31	33	-0.0018829306015772096
26	30	-0.001882930601577279
28	44	-0.0019437301053580691
28	43	-0.0019437301053581402
29	44	-0.00212320667026034
29	43	-0.002123206670260634
15	45	-0.002149381492029291
25	41	-0.0021902941943546866
19	29	-0.002338927387158082
34	37	-0.002365543710324637
20	23	-0.0023655437103247837
25	28	-0.0023869081681396846
29	30	-0.002849964447604071
29	33	-0.0028499644476041672
19	23	-0.0028853791830074763
26	27	-0.0029567939059347917
27	31	-0.0029567939059348377
16	29	-0.0029646216958191147
10	29	-0.002964621695820163
17	29	-0.0029646216958206604
11	29	-0.0029646216958210767
12	29	-0.002964621695821126
9	40	-0.0031143278678392177
13	32	-0.0032225924816991136
23	41	-0.003306543900533197
21	42	-0.003498623689514818
29	32	-0.0036700451137793655
34	38	-0.0037766279406388132
22	30	-0.0038729746746529025
18	29	-0.004012270464060753
13	22	-0.004050153696697093
25	29	-0.004607732356398233
36	42	-0.004610998498070937
8	10	-0.00482408509785875
5	9	-0.0048240850978587685
8	11	-0.004824085097858791
7	10	-0.004824085097858827
7	11	-0.004824085097858829
8	12	-0.004824085097858859
45	46	-0.004824085097858907
6	10	-0.004824085097858928
8	9	-0.0048240850978589316
45	48	-0.004824085097858945
43	46	-0.004824085097858946
7	9	-0.004824085097858961
6	9	-0.004824085097858999
42	46	-0.004824085097859043
44	46	-0.004824085097859064
44	48	-0.004824085097859097
45	47	-0.004824085097859138
45	49	-0.004824085097859138
43	47	-0.004824085097859178
44	47	-0.0048240850978592525
21	31	-0.004832889508881324
22	24	-0.004864309057495311
35	36	-0.00488693270764977
15	31	-0.004895648024210461
23	26	-0.005034956693097703
31	34	-0.0050349566930978935
14	23	-0.005045042490916346
34	35	-0.00507234496034592
31	32	-0.005072728365523468
31	35	-0.005077708677203318
23	27	-0.005383425772569006
22	26	-0.005427608512576176
13	45	-0.005447109859770035
21	23	-0.005523190995870454
29	31	-0.005675381195131234
26	29	-0.00567538119513132
22	25	-0.0059610524331864916
34	41	-0.00616538473904411
21	25	-0.006230836567411002
21	22	-0.006268230293921527
20	31	-0.006388576781549389
23	39	-0.006490274802377552
15	23	-0.0065529372974793745
30	35	-0.006634576647971043
34	36	-0.006700241534815396
40	45	-0.006809263400599702
33	35	-0.006837572026600156
14	24	-0.007038915547466707
21	33	-0.007508327242948095
26	38	-0.007525567928830997
13	26	-0.007759682436373417
32	42	-0.008114632365661519
9	15	-0.008186256019350448
30	41	-0.008366485504906403
32	35	-0.008435472393633665
22	42	-0.009192460522076265
9	42	-0.009673601903844876
13	27	-0.009783458494096068
18	31	-0.009788770088968165
33	42	-0.010127434483772138
26	37	-0.010320922694012795
23	38	-0.010761125574356102
11	23	-0.011389688815198818
12	23	-0.011389688815198903
10	23	-0.011389688815199441
17	23	-0.011389688815200815
16	23	-0.011389688815201367
19	33	-0.011595454397525058
23	43	-0.011599340980166692
23	44	-0.011599340980167065
11	34	-0.011840925725421477
10	34	-0.011840925725421846
12	34	-0.011840925725422058
17	34	-0.011840925725422915
16	34	-0.01184092572542342
18	34	-0.012225302605675628
26	39	-0.012299427580647115
20	25	-0.012324490397503919
14	22	-0.012639579727724726
34	44	-0.012890684968313505
34	43	-0.01289068496831351
19	34	-0.01298150635172462
16	30	-0.013141892591378814
10	30	-0.013141892591378969
11	30	-0.013141892591379148
17	30	-0.013141892591379187
12	30	-0.013141892591379819
13	24	-0.01314538898959993
35	40	-0.013306306497712805
29	41	-0.013353932860790797
14	32	-0.013557449081650448
28	45	-0.013571952512436791
19	31	-0.013847673744271814
18	33	-0.014254225711910783
18	26	-0.014375547270354335
18	23	-0.01438203255938028
30	44	-0.014560200412348599
30	43	-0.014560200412348841
30	37	-0.014596513944106992
15	32	-0.014692400473452667
33	39	-0.015330633204119423
9	20	-0.01569762114802735
37	45	-0.01608085001821786
19	30	-0.01621343735865788
30	42	-0.016283525356956593
29	42	-0.01630298533946993
25	37	-0.01645970588673027
19	26	-0.01659452394503065
10	33	-0.016994143598310012
11	33	-0.01699414359831089
16	33	-0.016994143598311223
17	33	-0.01699414359831146
12	33	-0.016994143598311855
10	22	-0.017073237745830753
12	22	-0.01707323774583088
11	22	-0.01707323774583156
17	22	-0.017073237745831915
16	22	-0.017073237745832564
33	43	-0.01707763386988536
33	44	-0.01707763386988579
14	26	-0.017078613966514652
35	44	-0.017169726475261438
35	43	-0.01716972647526178
18	27	-0.017353693945306985
16	31	-0.01738297056757994
11	31	-0.017382970567580182
10	31	-0.017382970567580206
17	31	-0.017382970567580546
12	31	-0.017382970567580595
18	30	-0.017513180360286075
29	40	-0.01762372664419841
22	44	-0.017699866544734932
22	43	-0.017699866544735
33	38	-0.017711709138574463
21	32	-0.017872955692215853
16	46	-0.018045010487816954
12	46	-0.018045010487817287
17	46	-0.018045010487817304
11	46	-0.018045010487817526
10	46	-0.018045010487817585
10	35	-0.018291730177168078
11	35	-0.018291730177168307
12	35	-0.018291730177169268
17	35	-0.018291730177170232
16	35	-0.0182917301771709
31	38	-0.018449741507305467
32	41	-0.018470195100314318
14	27	-0.018542372337210983
24	43	-0.018598715368644082
24	44	-0.018598715368644287
30	38	-0.018815938639468725
31	44	-0.018822625509807255
31	43	-0.01882262550980741
31	40	-0.01893520223163705
18	32	-0.0194684896639606
12	24	-0.01961799331933729
11	24	-0.019617993319337453
10	24	-0.0196179933193375
16	24	-0.01961799331933907
17	24	-0.01961799331933936
31	42	-0.019619074208216083
18	24	-0.01963794227382775
34	39	-0.020113678528845134
19	24	-0.02022179099853539
32	43	-0.020432386580618876
32	44	-0.020432386580619
15	27	-0.020502476746469322
19	46	-0.02051912545992273
19	27	-0.020672351603249702
30	39	-0.02073686228879235
31	41	-0.020870669716631356
15	22	-0.02101886259071674
12	25	-0.021029343948553374
11	25	-0.021029343948554238
16	25	-0.021029343948554883
10	25	-0.021029343948555074
17	25	-0.021029343948555247
19	32	-0.021039848275864078
15	30	-0.021053329565058246
32	39	-0.021112143697301602
18	46	-0.02111408328682616
12	26	-0.021427215970330152
11	26	-0.02142721597033041
10	26	-0.0214272159703306
17	26	-0.021427215970332945
16	26	-0.021427215970333202
26	43	-0.021444594393254374
26	44	-0.021444594393254735
14	30	-0.021500976832830185
8	44	-0.021535039196915663
8	43	-0.0215350391969161
8	16	-0.021535039196916406
8	17	-0.021535039196916794
21	26	-0.021728328902660854
32	38	-0.02187282316659318
31	39	-0.02194116861781427
16	32	-0.02231306210519752
10	32	-0.02231306210519766
11	32	-0.022313062105197953
17	32	-0.022313062105198404
12	32	-0.022313062105198685
27	43	-0.022412929255212658
27	44	-0.02241292925521292
21	30	-0.022733418301504854
25	43	-0.022745256059319215
25	44	-0.022745256059319457
31	36	-0.023039921640143287
20	45	-0.02311667778359719
19	25	-0.02318960329817097
18	25	-0.023410808176830444
9	37	-0.02373976315238293
8	19	-0.023844172014198445
38	46	-0.023926904348477846
13	30	-0.024017893161756308
24	38	-0.024125977971752567
12	27	-0.02415328182020761
10	27	-0.024153281820207727
11	27	-0.024153281820207893
16	27	-0.02415328182020957
17	27	-0.024153281820209982
23	37	-0.024417192179146178
8	18	-0.024476632846930614
15	25	-0.024643312133246012
39	46	-0.02475090129614789
15	26	-0.026590912593711227
24	39	-0.02684787207013646
8	38	-0.02706697718252983
32	40	-0.027102271148680256
28	46	-0.02720629046273242
14	25	-0.02761544530191045
25	38	-0.0277913998351939
9	28	-0.02937891758592673
8	39	-0.030084156052376326
25	39	-0.03065887917550701
24	37	-0.030956377488060915
1	28	-0.03149773935743996
30	36	-0.03269062000514804
9	29	-0.032984406608902665
23	28	-0.033981413442635
13	25	-0.03467085111868413
36	45	-0.036393781519141286
9	21	-0.03659856043954228
14	46	-0.03714500693376396
9	30	-0.0376713868620938
29	45	-0.03810890450692503
41	46	-0.03860738291478169
8	14	-0.03948488562008765
15	46	-0.039973172818970684
8	41	-0.04089269670572114
8	13	-0.04324216977584331
13	46	-0.04355515444414641
21	45	-0.0443254755605971
28	50	-0.04451982500893553
8	40	-0.044632462897367206
1	10	-0.045381961123453184
1	12	-0.0453819611234533
1	11	-0.04538196112345342
1	44	-0.045381961123454856
1	43	-0.0453819611234549
1	17	-0.04538196112345588
1	16	-0.04538196112345623
8	28	-0.045728548848777646
12	50	-0.04591362022254497
16	50	-0.04591362022254543
11	50	-0.0459136202225456
10	50	-0.045913620222545776
17	50	-0.045913620222545894
44	50	-0.04591362022254813
43	50	-0.04591362022254817
40	46	-0.04600114914841616
9	36	-0.04634809622622645
1	19	-0.04682866045891342
19	50	-0.0474554681907697
18	50	-0.04750903969492409
1	18	-0.04760251790654116
8	15	-0.04905662971963939
1	38	-0.0495817630660438
1	39	-0.05028971979730682
38	50	-0.05038964086720098
26	36	-0.0517409437826844
8	42	-0.05174715312445259
25	36	-0.052217863191216116
39	50	-0.05254216543785433
24	36	-0.054865209744205265
28	47	-0.056531009324925136
28	48	-0.05653100932492518
28	49	-0.056531009324925385
37	46	-0.056545413966620744
1	14	-0.05877231346885692
3	28	-0.060011362383803536
4	28	-0.06001136238380372
7	28	-0.06001136238380386
2	28	-0.060011362383803904
5	28	-0.06001136238380404
6	28	-0.06001136238380466
14	50	-0.06018464879877743
1	41	-0.0604001595740295
8	20	-0.060647130123109676
13	50	-0.060680495654251806
1	15	-0.06102951278599309
41	50	-0.061919557461778144
8	29	-0.062379179390197693
40	50	-0.06247568371480853
29	50	-0.06275557955314673
1	42	-0.06293176340437052
29	46	-0.0657468485714005
20	46	-0.06591950015795753
1	13	-0.06593497929366146
30	45	-0.06631799878965922
27	45	-0.06680655004808897
15	50	-0.0670476063446812
8	30	-0.06732640185064474
8	37	-0.06764785997114492
1	40	-0.06843358050406298
1	29	-0.06847619758891393
7	12	-0.0695354195060592
12	47	-0.06953541950605927
12	49	-0.06953541950605927
12	48	-0.06953541950605946
6	11	-0.06953541950605951
11	47	-0.06953541950605958
6	12	-0.0695354195060597
5	10	-0.06953541950605971
16	49	-0.06953541950605993
5	11	-0.06953541950605996
4	44	-0.06953541950606007
11	48	-0.06953541950606007
10	47	-0.06953541950606008
4	43	-0.0695354195060601
5	12	-0.06953541950606015
11	49	-0.06953541950606015
10	48	-0.0695354195060602
16	47	-0.06953541950606021
6	44	-0.06953541950606026
2	11	-0.06953541950606032
5	43	-0.06953541950606035
5	44	-0.06953541950606035
16	48	-0.06953541950606035
17	47	-0.06953541950606036
17	49	-0.0695354195060604
6	43	-0.06953541950606042
2	12	-0.06953541950606044
10	49	-0.06953541950606046
3	11	-0.0695354195060605
3	10	-0.06953541950606054
7	44	-0.06953541950606058
2	10	-0.0695354195060606
4	11	-0.06953541950606067
4	10	-0.06953541950606068
17	48	-0.06953541950606076
4	12	-0.06953541950606085
7	43	-0.0695354195060609
3	44	-0.06953541950606096
3	12	-0.06953541950606103
3	43	-0.06953541950606106
2	43	-0.06953541950606153
2	44	-0.06953541950606157
4	17	-0.06953541950606179
4	16	-0.0695354195060619
5	16	-0.06953541950606197
7	16	-0.06953541950606218
5	17	-0.06953541950606229
7	17	-0.06953541950606229
6	16	-0.0695354195060623
6	17	-0.06953541950606257
3	16	-0.06953541950606276
3	17	-0.06953541950606289
44	49	-0.06953541950606301
2	17	-0.06953541950606322
43	49	-0.06953541950606323
2	16	-0.06953541950606347
43	48	-0.06953541950606351
42	50	-0.06961683500336806
4	19	-0.0717498006084715
5	19	-0.07174980060847179
6	19	-0.0717498006084718
3	19	-0.07174980060847196
7	19	-0.07174980060847196
2	19	-0.07174980060847212
30	50	-0.07177169080524161
19	47	-0.0719043501234922
19	49	-0.07190435012349239
19	48	-0.0719043501234925
4	18	-0.07232422468933633
5	18	-0.07232422468933679
7	18	-0.07232422468933686
6	18	-0.0723242246893369
3	18	-0.07232422468933694
2	18	-0.07232422468933697
18	47	-0.07252431311231754
18	48	-0.072524313112318
18	49	-0.07252431311231833
1	37	-0.07464808533964715
20	50	-0.0754492904862823
6	38	-0.07596381953887586
7	38	-0.07596381953887586
4	38	-0.07596381953887604
5	38	-0.07596381953887624
3	38	-0.0759638195388765
2	38	-0.07596381953887651
38	47	-0.07641248038878573
38	48	-0.07641248038878601
38	49	-0.07641248038878602
26	45	-0.0773099054975715
39	47	-0.07781360309230868
39	48	-0.07781360309230909
39	49	-0.07781360309230931
4	39	-0.07884312530499499
6	39	-0.07884312530499511
7	39	-0.07884312530499527
2	39	-0.07884312530499528
3	39	-0.07884312530499528
5	39	-0.07884312530499539
9	27	-0.08055236751532076
36	46	-0.08095645967290506
37	50	-0.0813661642199099
9	23	-0.08329156849298591
23	45	-0.0834861358273067
8	21	-0.08477325159679273
35	45	-0.08488522869185254
1	20	-0.08500323122124417
9	34	-0.08549954188946123
34	45	-0.08605363679238426
9	31	-0.08700646320198328
32	45	-0.08888267834871805
31	45	-0.08937303863302934
9	22	-0.08977016841413182
7	14	-0.09003127684249532
6	14	-0.09003127684249562
5	14	-0.09003127684249594
3	14	-0.09003127684249597
2	14	-0.090031276842496
4	14	-0.09003127684249623
21	46	-0.09025097296932436
14	49	-0.09146175545695816
14	48	-0.09146175545695852
14	47	-0.09146175545695874
9	26	-0.09240530848978704
4	41	-0.09252292909156658
5	41	-0.0925229290915667
6	41	-0.0925229290915668
3	41	-0.09252292909156715
7	41	-0.09252292909156729
2	41	-0.09252292909156783
9	33	-0.09271704596275776
1	30	-0.09271913318480116
9	25	-0.09306354257210092
1	36	-0.09319463528915524
9	32	-0.09406190222157375
41	47	-0.09412730895829546
41	49	-0.09412730895829607
41	48	-0.09412730895829624
8	36	-0.09488069884556019
22	45	-0.09514227383694833
7	13	-0.09534802832633442
6	13	-0.09534802832633477
2	13	-0.09534802832633496
5	13	-0.09534802832633518
3	13	-0.09534802832633532
4	13	-0.0953480283263356
25	45	-0.09539781764818797
15	49	-0.09592899627826156
15	48	-0.0959289962782621
15	47	-0.09592899627826217
21	50	-0.09598471455337967
33	45	-0.09617382017772808
24	45	-0.09667030418027145
13	47	-0.09720000573330666
13	49	-0.09720000573330684
13	48	-0.09720000573330695
9	35	-0.09764411280176093
30	46	-0.09790119187118307
4	40	-0.09848603049749186
6	40	-0.09848603049749186
3	40	-0.09848603049749208
7	40	-0.0984860304974921
5	40	-0.09848603049749212
2	40	-0.09848603049749254
29	49	-0.09857896125518673
29	48	-0.09857896125518688
29	47	-0.09857896125518689
42	47	-0.09913762589770492
42	48	-0.09913762589770576
42	49	-0.09913762589770583
7	15	-0.09921145229970339
5	15	-0.09921145229970349
4	15	-0.09921145229970356
3	15	-0.09921145229970366
6	15	-0.0992114522997039
2	15	-0.09921145229970411
7	29	-0.10040349396194953
4	29	-0.1004034939619497
5	29	-0.10040349396194992
6	29	-0.10040349396194992
2	29	-0.10040349396195006
3	29	-0.10040349396195014
40	47	-0.10056315016592887
40	49	-0.10056315016592916
40	48	-0.10056315016592955
4	42	-0.10281912543286482
5	42	-0.10281912543286514
3	42	-0.1028191254328652
6	42	-0.10281912543286532
7	42	-0.10281912543286549
2	42	-0.10281912543286606
9	24	-0.10296835355237911
1	21	-0.10312745314607849
36	50	-0.10492798042526663
27	46	-0.10580718301525611
1	27	-0.1064875622801156
27	50	-0.11664691135061564
37	48	-0.11670363902009595
37	49	-0.11670363902009596
37	47	-0.1167036390200963
2	30	-0.11910951294363825
4	30	-0.1191095129436386
5	30	-0.11910951294363878
6	30	-0.11910951294363883
7	30	-0.11910951294363888
3	30	-0.119109512943639
4	20	-0.12037893455945564
2	20	-0.12037893455945582
5	20	-0.12037893455945586
3	20	-0.12037893455945606
6	20	-0.1203789345594562
7	20	-0.1203789345594562
7	37	-0.12090978705847158
6	37	-0.12090978705847202
5	37	-0.12090978705847216
4	37	-0.12090978705847233
2	37	-0.12090978705847272
3	37	-0.120909787058473
20	48	-0.12344213056386255
20	47	-0.12344213056386263
20	49	-0.12344213056386265
8	27	-0.12391537044960656
26	46	-0.12577555829083564
1	26	-0.12805371919688377
30	49	-0.1310380613426721
30	48	-0.13103806134267212
30	47	-0.13103806134267248
23	46	-0.13959288111228046
26	50	-0.14150045927949773
35	46	-0.14195582300769724
8	23	-0.14281495170160863
1	23	-0.14313445626665205
34	46	-0.14335168127016268
32	46	-0.14369813335421636
1	32	-0.14440745716636988
31	46	-0.14457053332407682
31	50	-0.14534670883609388
8	31	-0.14570338783239398
8	26	-0.14594361965296254
23	50	-0.14610968544975686
1	31	-0.14627065491076352
8	34	-0.1463793535733818
1	35	-0.146886300157678
1	34	-0.14747463666662208
34	50	-0.1487806822695728
4	21	-0.14884755535904054
5	21	-0.14884755535904065
6	21	-0.14884755535904085
7	21	-0.148847555359041
3	21	-0.14884755535904115
2	21	-0.14884755535904126
36	48	-0.14922128548767685
36	49	-0.1492212854876772
36	47	-0.1492212854876773
25	50	-0.15105579877079908
32	50	-0.1513213092289663
25	46	-0.15215024656819903
22	50	-0.15251583320414686
8	32	-0.15288285228634613
8	22	-0.1530443517196709
6	36	-0.15306853448440666
7	36	-0.1530685344844067
5	36	-0.15306853448440697
4	36	-0.1530685344844075
3	36	-0.1530685344844083
2	36	-0.15306853448440844
8	25	-0.15333889933559613
1	25	-0.1540596098854226
21	49	-0.15446407371706025
21	48	-0.1544640737170605
21	47	-0.1544640737170609
22	46	-0.15491273231986616
35	50	-0.15716531777322426
33	50	-0.15743774258631185
33	46	-0.15766347284446905
1	22	-0.15794367471276466
8	33	-0.15799954634450267
8	35	-0.16011744405738923
24	46	-0.1601268006750871
1	33	-0.16146013012118798
1	24	-0.16493169317689355
27	47	-0.16696017875801114
27	48	-0.16696017875801147
27	49	-0.16696017875801147
24	50	-0.16898839555043677
8	24	-0.1715405019180567
7	27	-0.17293969050583535
3	27	-0.17293969050583552
6	27	-0.17293969050583569
4	27	-0.17293969050583577
2	27	-0.17293969050583582
5	27	-0.17293969050583607
26	49	-0.20377061190535892
26	47	-0.20377061190535894
26	48	-0.20377061190535897
3	26	-0.2074817286266275
2	26	-0.20748172862662784
7	26	-0.207481728626628
4	26	-0.20748172862662836
5	26	-0.2074817286266287
6	26	-0.20748172862662884
3	23	-0.21954113346663784
2	23	-0.21954113346663812
4	23	-0.21954113346663864
5	23	-0.21954113346663892
6	23	-0.21954113346663928
7	23	-0.21954113346663967
2	31	-0.2209943068192946
6	31	-0.2209943068192954
3	31	-0.22099430681929572
4	31	-0.22099430681929588
7	31	-0.22099430681929597
5	31	-0.22099430681929602
23	48	-0.22148475167782705
23	49	-0.22148475167782786
23	47	-0.22148475167782844
31	49	-0.2233090316753878
31	48	-0.22330903167538801
31	47	-0.2233090316753887
32	49	-0.22423617500379756
32	48	-0.2242361750037979
32	47	-0.22423617500379842
4	34	-0.22453865921565674
5	34	-0.22453865921565697
7	34	-0.224538659215657
6	34	-0.22453865921565705
2	34	-0.22453865921565724
3	34	-0.22453865921565738
2	32	-0.22644108931585705
3	32	-0.22644108931585777
4	32	-0.22644108931585796
6	32	-0.22644108931585805
7	32	-0.2264410893158583
5	32	-0.22644108931585846
34	48	-0.227085563197369
34	49	-0.2270855631973691
34	47	-0.22708556319737003
35	48	-0.22934210985313816
35	49	-0.22934210985313863
35	47	-0.22934210985313944
2	25	-0.23086579994136375
3	25	-0.23086579994136386
4	25	-0.23086579994136425
7	25	-0.2308657999413644
5	25	-0.23086579994136458
6	25	-0.23086579994136483
25	48	-0.23388780282500865
25	47	-0.23388780282500873
25	49	-0.2338878028250089
7	35	-0.23398330005418572
6	35	-0.23398330005418594
5	35	-0.23398330005418602
4	35	-0.23398330005418655
3	35	-0.23398330005418672
2	35	-0.2339833000541868
3	22	-0.23531462317476617
4	22	-0.23531462317476637
5	22	-0.23531462317476648
2	22	-0.2353146231747666
6	22	-0.23531462317476695
7	22	-0.23531462317476742
22	48	-0.23715725706215282
22	49	-0.23715725706215313
22	47	-0.23715725706215396
2	33	-0.24220524330997917
3	33	-0.24220524330997983
4	33	-0.24220524330998025
7	33	-0.2422052433099806
6	33	-0.24220524330998072
5	33	-0.24220524330998083
33	49	-0.2431184961952621
33	48	-0.2431184961952625
33	47	-0.24311849619526335
24	48	-0.2526728866209632
24	49	-0.25267288662096393
24	47	-0.2526728866209642
3	24	-0.25574304688001925
2	24	-0.25574304688001936
5	24	-0.2557430468800203
4	24	-0.25574304688002053
6	24	-0.2557430468800207
7	24	-0.255743046880021
