#====================================================================================================
# This result is computed using convolution with a 3x3 matrix on mean-field DCA
# The first and second columns are site pairs. The third column represents interaction score
#====================================================================================================
57	68	0.9457337239829394
57	67	0.913110848494317
56	66	0.9125357110022317
55	66	0.8759081982202597
5	79	0.7851692460879046
5	78	0.784472079711367
56	67	0.7671850785065858
4	79	0.7658428611681861
58	67	0.7109613483763016
4	78	0.7079966774505946
56	65	0.684549322018373
4	80	0.6815265529901718
3	79	0.6697677961654448
5	80	0.6692935087929986
56	68	0.6687670917932417
6	79	0.6640557533548217
5	77	0.6585807028808572
55	67	0.6513190039426132
6	78	0.6470726491260821
3	80	0.6456591873579964
57	66	0.6140688158140175
3	78	0.6042602761092677
4	77	0.5723442166995983
4	81	0.5663015110751678
55	68	0.5484655568889878
2	80	0.5261818687135442
3	81	0.5231881108608814
2	79	0.5151518225385343
7	78	0.5120098794660601
16	28	0.5109012285905987
15	28	0.5095773474792348
17	28	0.5035593794934964
15	27	0.5027082337677392
16	27	0.470007973217094
15	26	0.46707945790935496
16	26	0.4562170065128899
8	43	0.445977407135785
6	77	0.43829698726774263
17	27	0.43555384136077546
57	65	0.4278457110176963
8	44	0.41394397206683337
5	76	0.40456387213408795
16	29	0.39892903342417985
2	81	0.39715941926085435
14	28	0.3916122028387793
17	26	0.38355576068598396
3	82	0.37883364306810347
14	27	0.3755843840994454
7	42	0.3663229040015149
15	29	0.366095666213821
20	25	0.3640477726554086
58	66	0.36148118571257143
1	80	0.3481058948739039
9	43	0.34784823247981783
7	43	0.33625767213221935
6	42	0.3301389809503962
14	29	0.32994601889128344
8	42	0.3244832704350937
18	27	0.3199931346876704
58	65	0.3081432023095697
19	24	0.3073736780238359
2	82	0.3044764071839628
18	26	0.3018914657571262
18	25	0.29781896446499373
19	25	0.27546447491641934
7	41	0.2680259289944326
1	82	0.26236897776396884
7	77	0.2547634937064587
9	41	0.2518666451554287
6	76	0.23577984636006227
18	23	0.2339155599015466
1	81	0.23316279041463903
15	30	0.23149153901825717
6	43	0.23010851503827082
9	42	0.2279460859081877
16	25	0.22748784667162308
17	25	0.22475046769975904
7	44	0.2243808738000318
13	28	0.22398359751491162
11	41	0.2149393882729289
8	41	0.21317784908279225
18	24	0.20268288653683703
14	30	0.19797739758231667
10	41	0.19125867788759157
7	76	0.1888725067044094
9	39	0.18848509511480654
54	67	0.18709784475115865
6	44	0.18414926576979485
56	69	0.17157843575218898
9	40	0.16615992754416267
13	29	0.1631888460992534
13	30	0.1598948577480969
58	63	0.15291079893219264
19	26	0.15222096643798622
51	74	0.14585651033625233
51	73	0.13625259989184244
51	71	0.134009696383253
11	39	0.12705920245552363
21	23	0.12258229112629249
50	72	0.11882152188507375
21	22	0.11833868225752486
50	71	0.11621360457680768
54	68	0.11544867787564611
49	72	0.11429118550903009
51	72	0.11321070902015745
10	40	0.11311180031314388
36	37	0.11036879008064161
11	40	0.1098707689305351
19	20	0.10766336300897043
13	39	0.10446827494145393
50	73	0.10433912899684217
10	39	0.10304620185186002
59	64	0.10148780146717969
10	42	0.1012197542297236
55	69	0.09592984780838935
52	73	0.09588822426542915
49	73	0.09487466241517373
50	74	0.0911758916611879
51	69	0.0898615601952433
11	37	0.08892927740998027
60	65	0.0884921534759995
54	69	0.08551184089462673
55	64	0.08492104958792651
52	71	0.08433505731287584
63	74	0.08251214032471967
58	64	0.0820735967362484
23	24	0.08196354433715299
51	70	0.08156599303627642
55	63	0.07943838086099043
37	53	0.07936255589282405
50	69	0.07884353893089487
22	23	0.07839849690614183
13	38	0.07694491535447201
11	38	0.07563160320472218
12	38	0.07560282638055774
64	76	0.07486757796934645
26	44	0.07469923815528712
49	74	0.07375611269586338
17	24	0.07362758064040448
12	39	0.07276551164653229
8	40	0.07195958329320916
27	46	0.07163971110875171
27	44	0.07023780660810217
40	52	0.0699358076477973
13	45	0.0692065237487644
2	83	0.06868494999993272
48	73	0.06790864144290264
49	69	0.0678966748116373
15	60	0.06776095264953601
59	65	0.06684737343408868
38	55	0.06679259801184975
16	62	0.06592822462284936
53	62	0.06587867694307152
52	69	0.06474177709888043
54	64	0.06417350174082673
9	45	0.06388852929297491
20	26	0.06379215002777625
52	70	0.06244540523056419
64	75	0.061622795444415394
1	83	0.059725199622344065
52	72	0.059334385457634434
60	83	0.059033699476752965
64	74	0.0588308142063256
63	75	0.05883032172412463
13	46	0.0583981461562703
12	30	0.05802781940724566
27	45	0.05741146196196107
42	74	0.0570259487881903
39	72	0.05634442611223252
38	52	0.05585476691995499
26	62	0.05571885352979412
31	69	0.05568151256911919
26	83	0.05491712989167498
50	70	0.05488810999198564
10	44	0.05334712532662665
15	45	0.05332323302668358
37	54	0.053073905563643324
38	53	0.05292227830893283
21	24	0.05276116480024455
12	29	0.051616437199970146
70	75	0.05139359108094429
60	82	0.05107140923293735
17	60	0.05056000585657637
14	31	0.05049742637523413
11	45	0.05020803843565011
14	45	0.050201056751920915
65	76	0.05019072538572107
45	46	0.05002564247177464
53	64	0.04973623676332376
11	46	0.04966835074362063
9	44	0.04932317355840256
26	61	0.04912482420332185
33	71	0.04904378981598402
21	26	0.04875435846764527
53	63	0.048234229566356306
40	73	0.04815608302987336
33	49	0.04776254314909637
49	70	0.04766531395658294
15	61	0.047613102304713655
8	13	0.04745467730819017
15	62	0.047400008636091444
32	49	0.04651648111980769
34	49	0.04643320084502333
28	44	0.046172406648428345
18	20	0.0461694241369724
38	50	0.04598650319239496
25	61	0.04588294500399914
28	45	0.04565964369108995
12	37	0.045598936060818836
31	71	0.045296857671241246
20	24	0.04523317416741118
39	55	0.04500358844844528
18	19	0.04497999656464134
40	51	0.04491699391480475
39	52	0.044423183861916654
17	62	0.044198762714148895
31	70	0.04400379919425415
34	75	0.04394638925456064
38	54	0.043836218719264165
15	46	0.04376731210660255
28	46	0.04364921090168983
37	83	0.0430543634143655
34	73	0.04305401303061497
33	75	0.04279599958253408
22	24	0.042789576761571524
25	60	0.042553849231192584
36	53	0.042362273364470446
32	75	0.04232669316169702
54	63	0.042238663707268184
33	50	0.04217347659771777
49	71	0.04213773984780026
53	70	0.04180494369634921
34	59	0.04176945686390586
53	71	0.041753664585939744
8	45	0.04165832430696209
62	83	0.0416267514397291
71	76	0.041590493854214296
65	75	0.041519723801607844
33	51	0.0414056408253943
10	45	0.04105913098209506
54	70	0.040415644095802596
48	71	0.04033800838424215
35	49	0.040188683434534744
31	49	0.0396893456329293
27	62	0.0395810529495357
38	72	0.03941916867889562
36	83	0.03932258920768298
34	50	0.03916711053635972
13	40	0.03911101855138409
32	69	0.039073286812592437
47	60	0.03907171557257122
11	44	0.03893691367149746
53	66	0.038640795982921604
31	48	0.038400467693694075
57	64	0.03791015957233432
37	45	0.03786625949123015
63	83	0.0378058463436079
33	69	0.03770820393945467
26	60	0.03756856980351378
54	82	0.037421222431509804
33	73	0.03734951357156868
47	73	0.037274206479419855
33	59	0.03723601038857141
32	50	0.03695554280641155
63	76	0.036910187105311985
1	54	0.03677462469065202
2	72	0.036711892320410014
53	54	0.036556094867099743
19	27	0.03630539327253686
32	73	0.03622109371883317
37	78	0.036174128177997984
13	37	0.03616430164986418
69	75	0.035872320763520274
40	50	0.03581673908808723
63	81	0.03570599209541241
32	71	0.0355023030176508
32	59	0.035278376150800095
36	76	0.03520899455493329
47	71	0.03506086164340265
34	61	0.034901638175480774
49	75	0.03471997747653223
54	62	0.03451676948860257
48	75	0.03435645419945618
38	51	0.03434979584294605
61	83	0.03433222597129956
12	31	0.03431107809619061
14	46	0.0340422417106136
52	74	0.03404186679909922
32	48	0.03397802196839912
37	44	0.03392662103809917
33	61	0.033670815525116846
35	44	0.03344750215648855
16	61	0.033420004024025576
11	35	0.03336328359201843
3	83	0.03331434196662301
31	50	0.03325688273569703
41	49	0.03324422137814271
31	73	0.0331409787031401
38	83	0.03303907538566517
33	48	0.03279318405397516
48	72	0.032607273175890655
9	14	0.032606620360536846
32	51	0.03258290199654197
14	60	0.03254146106701766
63	82	0.03206793952191638
10	15	0.03180499365948416
12	46	0.031732717787751705
43	74	0.03169586855409959
41	74	0.031667598926910505
34	69	0.03165624809973629
46	71	0.031640176015388086
34	51	0.0314087820878561
36	82	0.031284100059254846
37	70	0.031225397353668874
70	76	0.03110364312297249
1	38	0.030949047950578457
15	47	0.030898634057967653
18	81	0.03078678238828313
6	45	0.03071210948148235
29	46	0.030400336524932837
48	60	0.030258846600799708
25	83	0.03024950965675291
42	77	0.030206403644426377
33	70	0.0301726721592933
31	75	0.030155069794480006
13	31	0.030091851809974816
69	76	0.029531863209582274
31	51	0.029511188272374526
34	48	0.02942647762403182
40	65	0.02941552622065422
34	52	0.029362156038252533
35	73	0.029348649572465416
30	62	0.0291471059171525
61	82	0.029128357563285974
39	54	0.029111116273510786
48	62	0.028979469517789645
59	63	0.02835001251177966
34	74	0.028279518834202443
26	63	0.028223841560355244
44	79	0.02821779947629451
69	74	0.028127459917317136
17	18	0.028095387109774914
11	36	0.027953108465656663
40	74	0.02782888567134652
39	50	0.027812474449909915
41	72	0.02773953243492036
48	59	0.027708838011388723
54	81	0.0276014993335379
35	76	0.0275154365864651
37	46	0.02735945139419591
32	61	0.027349550336588726
35	59	0.027206848625223365
49	59	0.027033685325292003
39	44	0.026937438648191245
29	69	0.026819962660834834
34	64	0.026667234750618867
46	47	0.026647292081058416
76	81	0.026595227828668286
1	44	0.026167702298680415
54	80	0.02616360629233961
71	75	0.0260015598505693
32	74	0.02570951649656935
33	74	0.025668447231542837
35	50	0.025542563862410717
1	72	0.02543784765651344
39	53	0.02538361141181053
10	43	0.02524715400822126
34	71	0.02512381494660253
5	83	0.02511978432298642
39	71	0.025062094320119525
17	61	0.02498116355736544
36	54	0.024904157627262707
9	15	0.024883583137146476
11	63	0.024853600898912677
59	73	0.02478997264841913
34	53	0.024700781343961017
32	70	0.02457530589987797
50	75	0.024214293460561358
48	76	0.02418157076852084
18	60	0.02414258735164925
63	70	0.02411450852689832
33	52	0.024054638333231473
7	45	0.02373699635625176
13	65	0.023641728216034365
63	68	0.023479361840700264
40	72	0.02342701996899941
30	61	0.023396641304983885
13	44	0.023320600742201242
25	62	0.02329700768178739
48	61	0.023089674381795454
54	66	0.02281798795272397
11	17	0.02281352321922913
40	49	0.02274427625561735
8	14	0.022674340963180595
10	34	0.022656147772339975
37	38	0.02260264968934829
36	78	0.022527253729547628
47	74	0.022501566351860604
54	65	0.022415631660876352
57	63	0.02239027293894146
7	12	0.02210318744021337
43	77	0.022078932426211777
31	52	0.021959922914811386
12	40	0.021799793308482824
33	64	0.02178051590454761
64	70	0.02174227010384537
72	83	0.021633668717262338
40	57	0.021198442172751807
47	72	0.020975467735319307
32	52	0.020961291122272473
12	75	0.020891573380053055
35	75	0.020797210571550047
31	76	0.020716847758548255
12	45	0.020689013739904793
52	68	0.020568588392234424
64	72	0.02055150015528518
47	75	0.020543849779305137
14	47	0.020515945549872034
23	48	0.020372556915889878
16	60	0.020302866224345496
1	53	0.020294604247543174
39	51	0.020195830009692686
1	70	0.020189153371028494
41	73	0.02010659809520896
31	61	0.020098565943442812
52	62	0.019939346285441036
29	42	0.019934463591126144
50	59	0.019849334621995514
20	22	0.019843346666871067
30	41	0.019801707740024363
59	62	0.019786802562226355
33	53	0.019683986844260173
34	70	0.01958492444703036
51	75	0.01948137262846977
28	62	0.019405226994374487
31	59	0.019389932941008686
48	74	0.019369901442286352
53	73	0.019322559360431087
12	48	0.01930263366883594
19	23	0.019270164982820713
36	74	0.019230129395231214
51	59	0.019229839411648908
31	47	0.019175573445962206
27	63	0.019091789751171432
9	47	0.019078993689844337
35	64	0.019073880863519126
20	23	0.019019060843374576
35	74	0.018967094803189873
8	47	0.018866996613532985
10	47	0.01883966180051709
10	48	0.018809820686654766
41	46	0.01877449411413519
31	74	0.018468319036045695
32	64	0.018403254528867485
30	48	0.018389857829555302
32	76	0.01817707692856513
49	64	0.01815670542899081
29	47	0.018131407405622312
65	74	0.01813114964357318
47	59	0.017949523972558806
11	16	0.017887672020619916
10	33	0.01783948552469681
42	75	0.0178222262456004
35	77	0.017818362467183123
72	82	0.017817872104112925
30	42	0.017780921074965428
53	74	0.017729271292744694
7	38	0.017680347754097575
1	19	0.017580171595428504
31	41	0.017542253526931718
16	18	0.01746111507831958
30	75	0.017445688336798125
49	61	0.01743540862283308
34	40	0.017413220840120907
55	62	0.01739281185009244
24	82	0.017306124563205967
16	46	0.0172722674758327
38	39	0.0172537358001758
32	41	0.017217308454489703
37	55	0.017199604648348507
24	25	0.017196922483037176
30	71	0.01706673071405673
33	62	0.017028023758990186
25	82	0.017024750134817294
30	69	0.01697544798058325
2	7	0.016923991340429392
11	47	0.016799384084240022
43	72	0.016748710043806063
56	63	0.016675625979295092
10	16	0.016578044675397002
3	8	0.016560955509174153
62	63	0.016543177195168183
39	63	0.016526972927196466
7	13	0.016472184523813015
10	46	0.016443309048395974
65	72	0.016428619626371398
30	73	0.016419674175733014
21	25	0.016374909481597918
52	65	0.01635257706696322
41	50	0.016242716099644738
53	55	0.016238111131002264
11	48	0.016205030944885363
47	76	0.016079529659124132
34	66	0.0160738903314447
50	68	0.015985239923199435
3	4	0.01593213250044971
54	83	0.015891835021642167
27	61	0.01576010115701701
52	75	0.015737882399532253
70	82	0.015709684632740605
52	64	0.015669894504066
59	70	0.01563366162878478
59	83	0.015533884234656323
32	53	0.015440847883118383
59	75	0.015336732873701457
52	63	0.015269309850675834
16	47	0.01518959448566971
11	75	0.015163984918948789
36	44	0.015148784612447501
12	35	0.015062478146119848
28	61	0.015051657546137902
12	47	0.015034146951349138
41	70	0.014896404423473335
30	43	0.01481090763516753
5	7	0.01473872636783558
6	83	0.014618419791750102
26	46	0.01457333794875833
11	34	0.014489829657050507
26	40	0.01447327588089037
35	51	0.014466893172048386
68	73	0.014393688334979851
6	38	0.014361742786686112
35	72	0.014322242775012413
10	17	0.01428452640397056
25	54	0.014212510746778033
38	71	0.014136400561885682
52	59	0.014109756491616809
34	41	0.014102420286172281
10	32	0.014084375785254382
14	61	0.014066291781380351
12	34	0.014064390166492035
76	82	0.01394884628455237
59	71	0.013875371431993473
62	75	0.013847243127435615
30	49	0.013832475629911675
11	64	0.013809287096351448
30	50	0.013728231139116446
29	70	0.013682854274782516
33	41	0.01359693230559738
48	69	0.013501022031343499
33	76	0.013474992741111984
70	83	0.013433854646732461
25	48	0.013341695390005553
36	50	0.013296340023409292
71	82	0.013274953481966325
24	83	0.013260163420162688
43	51	0.013105544817974364
47	69	0.013100872587742353
39	46	0.013083964699705929
35	53	0.012969656517537531
1	71	0.012881156161425334
38	70	0.0128737156577973
30	60	0.012862689642998217
12	32	0.01285314502084211
43	49	0.012769846381433098
34	65	0.012746145841017721
48	68	0.012682859212741086
59	61	0.012676699269357163
33	40	0.012584810987612828
34	62	0.012553035032357612
64	71	0.012462564353425565
53	65	0.01243340046939447
14	43	0.012396686628939493
2	54	0.012371503848229765
31	77	0.01236644398708954
64	83	0.012343938593045927
20	21	0.012259221645963544
13	47	0.012242190459455068
37	60	0.01224088373456605
41	75	0.012216178610112241
16	48	0.012188292641186673
46	60	0.012182835142465008
39	70	0.01212633024373742
34	72	0.012120499870201312
53	68	0.011893343374323975
32	60	0.011886567255852252
13	43	0.01187049898173758
26	45	0.01186507272113467
42	49	0.011769101682879307
46	72	0.011766200076025423
39	73	0.01175927696924121
42	73	0.011620923047651137
20	28	0.011596768973240698
42	72	0.011565502587597502
30	59	0.011536843356784671
34	57	0.011520830191258852
48	57	0.011520707688076628
9	16	0.011461635450204845
33	66	0.011437235334810615
52	61	0.011422152327011175
54	56	0.011394937276014368
30	47	0.011329035814426531
51	52	0.01125891137309127
61	75	0.011258447366129848
42	44	0.011245832991219656
28	42	0.011226158147070276
64	81	0.011184649170451533
22	25	0.011179869332183756
36	59	0.011176804359220208
47	81	0.011139657063073526
61	73	0.011102007568088297
23	52	0.01109850359053631
25	44	0.011057304649444627
34	60	0.011053733893434387
34	47	0.01101291337624085
35	66	0.011008076177586897
35	63	0.010997745459583938
53	81	0.010953355160455576
59	72	0.010951677662459804
30	35	0.010945139311972763
2	8	0.010923749534821284
55	80	0.010914060777810111
48	70	0.010912364019677
53	69	0.010842828217399698
30	76	0.010842299216838575
17	23	0.010790771387609047
34	63	0.010709695959839154
9	32	0.010626036667275126
40	75	0.010447241285259938
34	68	0.010446924449052406
37	71	0.010431986620505434
46	82	0.010398799407563867
31	62	0.010387558847987125
1	12	0.010375636130957808
35	58	0.010314936369858505
29	41	0.010308876142802697
1	2	0.010273205393939222
33	47	0.01026708677564966
41	51	0.010260225998409218
62	74	0.010236486469128982
11	33	0.01019980856093841
75	81	0.010172297992268865
35	69	0.01011550726101492
7	79	0.010112090312529985
35	45	0.010069980002958168
53	72	0.010055777027041543
31	54	0.009992257026969735
30	70	0.009943537904772575
32	47	0.009936305836630232
33	60	0.009934523158595963
10	75	0.009906713489043704
12	33	0.009903811229833729
53	82	0.00989242012414382
43	60	0.009884066392316877
64	73	0.009880476768013432
47	68	0.009867558378358413
71	83	0.009864565989783969
82	83	0.009742751104064373
37	72	0.009720559820590561
35	62	0.009676740204868814
34	76	0.00967334312706361
32	40	0.009610517033857527
19	60	0.009591125430413981
2	71	0.009567168001161
31	78	0.009507019537907732
47	82	0.009390008870422187
37	82	0.009358544007606624
45	62	0.009222315768273634
32	62	0.009199919120692098
69	72	0.009182119477038958
9	10	0.00915459283022009
33	65	0.00910875602429797
12	21	0.009058746905934216
70	73	0.00904271622327675
59	69	0.009032527771873907
42	79	0.00902669393756778
47	52	0.008959369418758894
13	14	0.008949902061094753
35	52	0.008943592615756956
39	48	0.008899232437526348
14	40	0.00888984570960087
10	49	0.00885521963474287
1	45	0.008821343446188602
68	75	0.008820813918379761
59	74	0.008791811431858636
36	51	0.00868203784426594
35	71	0.008635907762954836
26	42	0.00862676037345437
23	25	0.008610340018154606
8	75	0.008604547922396073
55	82	0.008441454487068241
36	52	0.008430143269336433
30	52	0.00842841798468928
62	82	0.008400011331725892
49	63	0.00839768267839731
13	15	0.008378647640041918
36	45	0.0083756036273246
6	8	0.0083649177420616
12	77	0.008355776367314587
30	31	0.008328330402510272
33	72	0.008250582819070613
32	66	0.00819661734697779
81	83	0.008195159262580876
39	82	0.008168950518658234
31	40	0.008144245767264639
56	64	0.008122002376838536
30	74	0.008112723717308283
1	8	0.008068009317909804
24	48	0.007988888691990739
50	64	0.007960615012868065
30	32	0.007944115205145713
2	46	0.007927037022393318
1	18	0.007895974333345528
36	77	0.00783657916181071
53	67	0.007826394612508092
74	82	0.007768520144867777
1	43	0.007767495358244403
29	48	0.007760518183008082
31	43	0.0077248546234001455
47	51	0.007715033038668787
35	40	0.007687568963223713
50	52	0.007592013695514559
25	40	0.0075747136922504205
17	20	0.007457956984358671
40	56	0.007446379529113291
37	39	0.007442793207155741
19	21	0.007330044160834959
46	69	0.007318943750450098
36	39	0.007306163106419051
48	64	0.007287107003754649
32	72	0.007263599632694856
63	67	0.007199676080092114
12	36	0.007133424997916192
35	83	0.0071070217354658695
9	33	0.0071040971902543975
31	60	0.007091677129277934
1	4	0.007089037563462117
43	79	0.007085080133320706
36	73	0.007061720855726729
14	62	0.006925175197642952
32	65	0.006903338645294881
12	76	0.0069012184723374805
33	57	0.006813660136307941
39	64	0.006805006472621845
35	43	0.00676840649888644
61	69	0.006718905753841141
19	22	0.006699610036324712
38	73	0.006644409763404666
43	75	0.006620924807086099
59	82	0.0066176963510065105
45	82	0.006584472117189514
63	71	0.006569316452676251
53	75	0.0065590031627563135
53	57	0.006529455774396626
61	71	0.006492036053699675
65	70	0.006489988330452241
30	51	0.006470834608183187
36	38	0.006458719087958245
25	26	0.006435112312361883
13	21	0.0063891459837817945
39	83	0.006376267359731874
34	77	0.0063488043532228325
18	22	0.006314177056057404
41	65	0.00629596103424061
4	5	0.006276047270542082
50	61	0.0062425978373907695
9	11	0.006239937633793137
55	57	0.006227640674674659
32	42	0.006200225379750596
35	70	0.006145047630690999
77	81	0.006141072803359097
33	42	0.006123561331918506
36	75	0.0061230028418405805
29	50	0.006109932596428611
42	51	0.0061026603754024454
61	81	0.00609366101264916
11	32	0.006087411181426872
39	69	0.006044747938155691
46	81	0.00603446108054967
49	76	0.006025945556540992
46	74	0.006022417598869404
42	47	0.0059778675376376735
1	7	0.005976826065596408
28	60	0.005952570827184353
2	17	0.005942422702843538
49	66	0.005937046736426821
10	11	0.005935163620048138
35	48	0.005913723702160537
5	6	0.005889469918016782
74	81	0.0058891473783748306
37	76	0.005856204136080628
31	42	0.005781663402307097
53	83	0.005772843718733328
24	26	0.005753743255629893
34	58	0.005723295717368611
12	44	0.005694147294597857
17	19	0.005596134771634379
31	72	0.005543648853825385
13	60	0.005520719427351268
24	61	0.00551478362518581
65	83	0.0055017646828039845
42	46	0.005453367767834218
3	7	0.005441354393458209
15	16	0.005419426955065847
33	77	0.0053942425817968915
38	78	0.00539295512336658
36	49	0.005390096077774064
51	64	0.0053455262375938116
4	6	0.005337810653448594
59	81	0.005329166671033738
61	62	0.0052792875609824555
8	76	0.005274330190525343
33	63	0.0052510546441852
7	9	0.005242698691194872
33	68	0.005228429539099239
45	74	0.005214108296951754
73	76	0.0051968257462478825
19	28	0.00519676686638763
9	31	0.0051728662412129905
34	42	0.005137638214692784
68	72	0.005125584594662277
31	53	0.005107044406644815
48	53	0.005027000919479763
78	80	0.00501113896055534
31	64	0.0050044154256053425
55	59	0.004999105975825077
10	35	0.004946959243885591
12	49	0.0049078525321346825
35	61	0.0048403167038160375
36	58	0.004814815259890658
58	60	0.004778431349354663
39	65	0.004753076111566883
29	51	0.0046885239119112895
1	60	0.004680147648306406
10	13	0.004631964774989536
9	13	0.004572462030769582
64	82	0.004567473359685039
18	21	0.004510465624319735
52	58	0.004493867913819552
29	71	0.004487476225996487
4	83	0.0044703587249381015
16	45	0.004457670212679481
68	74	0.004429575297548796
34	35	0.004389717117944203
33	34	0.004389717117944019
33	35	0.004389717117943981
48	49	0.004389717117943625
10	73	0.004359805660383737
32	63	0.004285040767442026
41	43	0.004257601254816615
52	66	0.004204355100919181
12	69	0.004150297708849514
68	69	0.004121141827835381
29	31	0.004062641698619234
11	13	0.0040507396484774525
41	58	0.0040388899910693
32	77	0.004026793917272164
32	43	0.00399870765022232
71	73	0.003980422308082835
49	65	0.0038754266026281847
34	54	0.0038339975771944286
9	75	0.0038241708820028314
53	61	0.003702484584019998
11	59	0.003696022205362624
75	82	0.0036849391638059544
12	14	0.003659498039011694
65	82	0.003612288006537647
46	68	0.003601509109049423
32	33	0.0035886259788928416
32	35	0.00358862597889263
32	34	0.003588625978892573
49	52	0.003576923315953497
48	52	0.0035769233159533204
18	61	0.003560008916131479
74	76	0.00355164658648156
38	41	0.0035486967473542857
8	12	0.0035414118097677185
31	33	0.0035305390833905523
31	34	0.0035305390833899053
31	35	0.0035305390833898697
11	14	0.0035271861057586257
44	46	0.0035171110017928383
47	62	0.0035027526269590017
10	12	0.0035011790062454947
30	46	0.003498947143555243
32	57	0.003452022710420083
47	83	0.003439199586833824
11	76	0.003408022559423694
40	43	0.0033912673053556226
18	62	0.0033729721937720107
61	66	0.0033670793152988715
31	83	0.0033235161685636646
53	58	0.0032916514307614105
20	27	0.0032582894891849384
38	69	0.003250347632662658
29	60	0.003223308595821042
40	66	0.003182316150613559
13	48	0.0031575194192383243
42	76	0.0031301890056463083
38	82	0.0030742960051553516
29	34	0.0030396044771934987
30	77	0.002982570326080283
51	68	0.00296080240764626
40	83	0.0029481018527446664
42	78	0.0028994685638395893
65	71	0.0028935137700928024
39	62	0.002884961174272657
7	8	0.0028778195358311696
25	59	0.0028632398804877605
70	74	0.002848743316132299
29	76	0.0028486628816021577
74	80	0.002829268319094271
51	53	0.0028055126060153057
11	12	0.002760365566173478
40	59	0.00275971472760219
40	41	0.0027451231801647437
72	74	0.0027389096470487946
11	49	0.0027346088518024614
39	61	0.00271994022493895
33	54	0.0027146261034545157
27	40	0.0027126868281925395
2	38	0.0027118625112553425
34	39	0.002704164599094148
12	65	0.0026902859558045815
41	45	0.0026833523054583842
79	82	0.0026625422376629886
32	54	0.0025513819971149055
37	64	0.0025467890666141754
65	69	0.002478969972982845
40	64	0.00242152263009684
31	32	0.0024012775401699477
1	15	0.0023968687845918515
43	50	0.0023817422102460936
10	59	0.0023777925244172354
1	55	0.0023447365108621894
48	65	0.0023135243831806577
12	16	0.002310206415623463
42	59	0.0023090988122753692
17	46	0.002306500803078466
1	11	0.0022988879468072336
13	58	0.0022976280743686357
14	15	0.002278769292821747
17	48	0.002263342606693389
32	68	0.0022551153943994504
29	45	0.0022121567705009593
49	51	0.0021974080223766566
48	51	0.0021974080223766137
28	64	0.002155973629671478
51	65	0.002128247326728518
37	74	0.0021208796020218117
1	42	0.002093000348830143
50	51	0.0020328023882382838
54	71	0.0020164252834814706
13	75	0.0019953584142434117
12	50	0.0019741387913097324
24	81	0.0019523188998776878
13	59	0.001945869257800846
14	44	0.0019447869524845422
61	63	0.0019223745222706062
67	74	0.0018728368485886118
9	12	0.0018719370972268305
9	34	0.0018556065501797094
12	64	0.001850032286280529
54	55	0.0018388584065990284
9	48	0.001837216103581357
63	69	0.0018265044062818559
40	53	0.0018030190059006778
2	44	0.00179675563983471
53	59	0.0017615391233464662
10	74	0.0017429651299084117
40	44	0.0017281463513995044
79	81	0.001715182960312039
43	76	0.0016988146439770521
9	49	0.0016783010348043622
10	31	0.0016771899904392323
26	28	0.0016544645557308429
63	72	0.0016485404000642775
64	69	0.0016168870884127572
12	52	0.0015967706733144493
72	76	0.0015846181779065219
73	74	0.001579296521558679
8	11	0.0015728229600603912
41	76	0.0015642766575737722
28	30	0.0015624451935207142
9	72	0.0015431552321714575
60	73	0.0015269087345545034
59	66	0.0014886918634880652
1	20	0.0014694912509530412
63	73	0.001468999120154556
38	42	0.0014641295682938163
10	50	0.0014437498789732926
11	19	0.0014343126547330769
65	68	0.0014332668810896542
30	34	0.0014130365127167266
30	33	0.0014130365127165956
62	65	0.0013655376002018019
58	62	0.0013655376002015903
81	82	0.0013489976688233728
9	74	0.0013456041400968458
14	32	0.0013265501198886408
33	58	0.0013016731301547279
14	49	0.0012625262406837662
9	30	0.0012540201697991509
79	83	0.0012394339935918597
26	27	0.001216065071468861
65	73	0.001138127496290926
44	47	0.001135128112096856
1	5	0.0011163739965734942
13	32	0.001108861146481048
64	67	0.001101995623947893
63	65	0.0010905589032704564
2	12	0.001071931197147761
8	9	0.0010651149121594728
32	58	0.0010495284228028545
6	9	0.0010458512287249023
17	21	0.0010348547909419855
29	61	0.0009969673364411493
2	19	0.0009867785242763261
1	9	0.000984230277373644
48	50	0.0009503893981668938
49	50	0.0009503893981668539
77	78	0.000929616962093309
5	36	0.0009196058837325771
70	71	0.0008839714921790908
6	7	0.0008745679977688933
49	68	0.0008110221128523074
29	49	0.0007816122877153412
26	29	0.0007318892213774852
35	60	0.0007246191355908226
43	61	0.0007220666508047846
73	77	0.0007203828131146948
41	71	0.0006829937333997461
40	70	0.0006756361520699359
23	46	0.000638547281773115
5	8	0.0006332142728312298
49	53	0.0006299257498882299
57	69	0.0005876256888906091
69	70	0.0005683726142947834
41	42	0.0005562591768265689
10	18	0.0005257018121848358
11	15	0.0005208964935604125
74	75	0.0004740745373791493
40	45	0.0004696957849339824
29	30	0.0004524296155928361
3	6	0.00045163417473553964
45	47	0.00044597813130235926
54	58	0.000431971420014903
35	39	0.0004278589028545042
72	75	0.0003617744187830712
38	76	0.0003428579366110276
58	61	0.0003381597673180871
61	65	0.0003381597673180097
6	10	0.00033129763439386853
29	62	0.00031852137665373814
42	50	0.0002929017698768809
10	14	0.00028951543780311945
25	29	0.0002443605451525645
29	33	0.0002240368221038693
47	64	0.00021990644994431333
60	62	0.00017809322150358722
69	73	0.00017078378984115307
70	72	0.00016729181276210498
7	11	0.00016628041218309537
32	36	0.00013184288554646435
3	5	0.0001268884609778951
4	8	0.00012492955188317043
32	39	8.107951761654637e-05
47	70	3.0068671265573357e-05
14	16	-3.339665286911618e-05
61	77	-6.237612116093832e-05
56	59	-7.073557726143195e-05
60	77	-9.567387665300811e-05
15	63	-0.0001098743269873706
8	10	-0.000122860513396072
76	77	-0.0001315213644516081
9	51	-0.00013660505561115233
44	45	-0.0001366095595955255
49	77	-0.00014961200288768003
64	65	-0.000248698550017915
60	63	-0.0002624122216265674
15	58	-0.000266951224386264
13	16	-0.00027224401549625146
55	58	-0.0002842184138708429
31	36	-0.0003054765167698585
12	73	-0.0003073261676755155
44	77	-0.0003163027768529414
2	45	-0.00035214087743854145
28	31	-0.00036156283498547286
75	76	-0.0004079088860393118
12	13	-0.00041104950963942195
73	75	-0.00041132392038218703
7	10	-0.00041614699782354086
41	44	-0.0004352554988422486
52	53	-0.0005395995038947608
48	81	-0.0005415469562361219
68	70	-0.0005454530311223293
67	75	-0.000549424007244877
49	58	-0.0005525160058446072
35	82	-0.0005814425009650313
65	66	-0.0005965833272443711
57	58	-0.0005965833272444738
29	44	-0.000638181734767861
29	32	-0.0006494746180207287
80	83	-0.0006716183874110257
72	73	-0.0006879185406765812
60	64	-0.0007046695169442756
10	30	-0.0007088384466005038
79	80	-0.0007134719121905456
46	48	-0.000741136386177023
46	49	-0.0007411363861771496
71	72	-0.00075308618943872
55	65	-0.0007531303448740506
33	56	-0.0007736379351615573
44	48	-0.0007782684393344383
8	33	-0.0007923808011760644
68	71	-0.0008532926419813989
38	40	-0.0008643577253574404
64	77	-0.0008714319288274535
50	76	-0.0009199089501253028
37	40	-0.0009219249758164374
1	10	-0.0009255537660000445
39	41	-0.0009291465984178002
62	66	-0.0009298449560674205
1	3	-0.000947462586018983
29	73	-0.0009514675143370687
77	80	-0.0009683313739937988
48	66	-0.0009844912899438672
14	50	-0.0009896205031919528
30	40	-0.0010096467436100979
54	57	-0.0010479572760963129
66	69	-0.0010588029551193649
69	71	-0.0010693298253093672
63	64	-0.001084508898582289
39	40	-0.0011085321765041596
71	74	-0.0011123082987971533
12	59	-0.0011406900969374622
25	28	-0.001182805435850292
78	82	-0.0012138673467349034
48	83	-0.0012145237783809397
53	56	-0.0012235903891752694
60	61	-0.001247999169143115
39	59	-0.001273129292824885
34	38	-0.0012795645144403596
35	38	-0.0012795645144405433
65	67	-0.001290394677723696
62	69	-0.001332515647667804
52	55	-0.0013455705803668647
67	68	-0.0013523467678883067
34	67	-0.0013574162259267684
56	58	-0.0013597017330964723
51	55	-0.001382498549785345
74	77	-0.001389619447524252
39	42	-0.0014004828628102284
66	70	-0.0014029170841758
29	52	-0.0014242304651888344
2	70	-0.001434154548642146
75	78	-0.0014610590628232395
73	83	-0.0014611467015229935
34	36	-0.0014657332792855904
35	36	-0.0014657332792856455
33	36	-0.0014657332792856863
62	68	-0.0014838305979066743
50	65	-0.0014880459471638165
36	64	-0.0014918864028149303
57	60	-0.0014948482431115322
13	17	-0.001519328792622814
52	57	-0.0015242127982981694
28	63	-0.001525227025349251
76	78	-0.001546545845647436
29	77	-0.0015482544116748537
35	68	-0.001574154064638482
1	14	-0.0015761728185506598
62	76	-0.0015953397477682825
27	60	-0.0015974566336187717
52	54	-0.0015992015912918982
37	52	-0.0016005432178751895
2	18	-0.00161895575130995
75	77	-0.0016223090820985534
47	49	-0.0016228417880407003
47	48	-0.0016228417880408627
58	59	-0.001630848666101962
47	61	-0.0016533436225495929
43	47	-0.0016559068701636204
33	39	-0.0016573061348883643
1	6	-0.0016604681229404755
19	62	-0.0016609898895497514
74	78	-0.0016832719960477146
36	40	-0.0017314626503667887
76	80	-0.0017968959197048277
58	73	-0.0018536495766540012
28	32	-0.0018556181773705706
43	73	-0.0018650773281408298
49	62	-0.001868528201244992
16	83	-0.001909685653264802
49	57	-0.001926097991542977
57	59	-0.001960042675248479
33	37	-0.0019662698066303637
35	37	-0.0019662698066303967
34	37	-0.00196626980663062
67	70	-0.001994152993432272
39	74	-0.002012732264835531
50	53	-0.002056730477620121
31	39	-0.002072241756932356
27	31	-0.0020753961694712575
62	64	-0.002137164469129735
67	69	-0.002139156563866185
77	79	-0.002142490435295923
16	19	-0.002150300485612072
49	60	-0.0021538905512769376
44	61	-0.002165903898603735
45	48	-0.0022254626955745525
45	49	-0.002225462695574603
52	60	-0.0022424032798070304
55	83	-0.002263234716865615
5	9	-0.0022772117196082353
40	42	-0.0022785314665944674
3	9	-0.0022885057642986896
59	60	-0.0023103503259198953
76	79	-0.0023203849519923122
1	39	-0.0023705593991700784
7	47	-0.002381279901554212
27	30	-0.002386022561211241
12	63	-0.0023902317426341664
24	60	-0.002425240815580761
46	50	-0.0025054507601319463
27	28	-0.0025468365386896886
1	61	-0.002557309653478583
44	76	-0.0025672135994277484
56	60	-0.002579383383845102
1	17	-0.002613398839399689
57	61	-0.0026229218351969483
54	59	-0.002636759053137808
33	55	-0.002674237477910299
52	56	-0.0026818784039328715
39	43	-0.002684230594710223
51	61	-0.0026913842807427227
69	83	-0.0027289087529827104
51	54	-0.002765923691438857
2	9	-0.002766464554869361
2	3	-0.00285124368779654
42	58	-0.002872781847278432
6	11	-0.0029467975854127436
26	59	-0.0029570252981571746
16	17	-0.002963808225202815
40	68	-0.003000133259541876
2	6	-0.0030152887602633086
50	54	-0.0030380586660262924
66	68	-0.0030526924783194054
6	12	-0.003053662715657593
62	73	-0.0030669153674925446
36	72	-0.00307345770412309
39	45	-0.0030804635951547678
30	72	-0.0031110903848453365
33	43	-0.003171245661594977
61	72	-0.0031717294436841375
11	65	-0.0031825012040673593
7	14	-0.0031925654365599875
40	69	-0.003202864682043051
61	64	-0.0032061691292995837
42	43	-0.003207881527589004
8	32	-0.0032269341883214052
28	29	-0.00323987996241076
26	30	-0.003274228007229118
31	68	-0.0032975300257466807
46	73	-0.003303937328313273
29	75	-0.003333596828229222
9	46	-0.0033347526580799545
64	68	-0.0033651011732392135
35	65	-0.0034255547522064897
2	60	-0.0034268887526816665
44	81	-0.0034414225248166203
2	14	-0.0034939071989164077
54	72	-0.0035508967394721094
14	70	-0.0035608683431416705
41	47	-0.0035899289696319646
2	4	-0.0036209453736696096
40	58	-0.0036221970068776015
8	46	-0.0036465613087155856
37	77	-0.003664687127033249
63	66	-0.003692709671612282
38	60	-0.003710178274885398
50	58	-0.003731606940825566
55	56	-0.003743746715403681
43	46	-0.0037883199270624286
47	50	-0.003845129787990168
14	58	-0.0038598249683626205
60	72	-0.0038599890788022454
35	54	-0.003936248451024685
8	49	-0.00406606466758521
1	13	-0.004071406783590428
64	66	-0.00410713268357402
15	19	-0.00412569654421951
16	51	-0.004166418467825835
26	76	-0.00417617646649948
36	71	-0.004189226199158798
45	60	-0.004210117795252681
13	64	-0.0042104279827229136
60	71	-0.004220757780500902
29	40	-0.004222464549879546
66	73	-0.00422591491103084
4	7	-0.004228348038193157
78	81	-0.0042950539358304705
15	17	-0.004336414390643979
51	60	-0.004343569247088399
47	57	-0.004406459827699587
30	58	-0.0044330250226237485
31	56	-0.004444368793918073
15	44	-0.004464055518686727
44	60	-0.004489488822105483
9	50	-0.004522371539679063
31	65	-0.004532479642294281
23	53	-0.004532851476559409
77	82	-0.004548350359823617
27	29	-0.004552465838862767
54	73	-0.004564522857703517
39	49	-0.004599314748991927
43	48	-0.004603913308818269
38	59	-0.004623180703512501
10	36	-0.004719032959483964
3	19	-0.004725329241640446
63	80	-0.004731934626236403
14	17	-0.004737661859696889
61	70	-0.004747838361562402
57	73	-0.004757263549488692
74	83	-0.0047664793821880595
54	75	-0.004770131176630207
22	26	-0.0047753906625464335
12	15	-0.004780173407731256
67	71	-0.004791398792072405
50	63	-0.004833227934961224
37	59	-0.004856954919953698
10	51	-0.0048605576564712235
6	46	-0.0048801539140307815
40	71	-0.004883266596360637
42	70	-0.005041866479796384
60	81	-0.005055250341775547
55	81	-0.005059329171310625
75	83	-0.005115049427829642
10	64	-0.005120555231960454
43	78	-0.005139710535103851
13	34	-0.005147736280848338
13	36	-0.005151009694404423
37	41	-0.005160692593397492
10	61	-0.005165096562741852
31	66	-0.005190471733096065
41	59	-0.00520141026624194
30	83	-0.005294560704886036
35	78	-0.005312498726452901
34	55	-0.005331228693860253
6	82	-0.005365742851830302
18	83	-0.005449377279493619
8	48	-0.005459782097560345
43	59	-0.005461357255410954
2	74	-0.005484467944105734
50	60	-0.005489781985181184
24	28	-0.005536980782355004
50	66	-0.005544498710582743
40	46	-0.005564181599148356
59	68	-0.005607756209222798
51	76	-0.005624169895767919
40	63	-0.005684876943974022
24	54	-0.005716383763148801
29	83	-0.005725554959665475
8	31	-0.00575782403905937
45	51	-0.005760391640009091
28	41	-0.005814039858013216
10	70	-0.005868184277882967
60	70	-0.005871105103438807
23	26	-0.005889052713232999
15	49	-0.005891227761105226
62	67	-0.005904186567742253
24	27	-0.005906218104967735
23	27	-0.005967728981739121
61	74	-0.005994737502182105
17	47	-0.005996396072542313
15	18	-0.005997210009969212
49	54	-0.006002030091274452
38	46	-0.006004833684941079
12	53	-0.006006070519970225
78	79	-0.0060293867743197345
8	72	-0.006030918455357696
41	77	-0.006049072338906071
7	70	-0.0060795196410670105
46	75	-0.006179264734966217
48	58	-0.006222484498464858
13	77	-0.006240636636860622
41	83	-0.006247105231959711
29	35	-0.006280310063821308
1	46	-0.00629177553259663
39	75	-0.006332878272288707
1	37	-0.00634623839507984
17	22	-0.0063741628512226315
2	5	-0.006409395671979042
26	82	-0.00641258721986746
5	10	-0.00642284325103315
14	73	-0.0064688865042489465
44	74	-0.006473824363422154
14	18	-0.006479345064193244
40	48	-0.0064813023899578754
61	67	-0.0064994649329600356
33	67	-0.0065171366026669526
10	69	-0.0065254163622150965
27	42	-0.006533827154455984
8	15	-0.006541694095783414
11	31	-0.006547761976497552
14	51	-0.0066559084500226115
7	31	-0.00670616670078121
80	82	-0.006717615694482615
1	62	-0.006725548117160806
42	45	-0.006732214494114828
22	48	-0.006788441585502664
30	64	-0.0068476650371657784
9	73	-0.006857033739264749
25	27	-0.006864991108129646
58	82	-0.006916892953222197
53	80	-0.00698903855081553
61	68	-0.007010799377829962
58	83	-0.007031093438852526
9	17	-0.007063795865869887
43	44	-0.007070479837214887
8	74	-0.007089757358335449
31	58	-0.007097432168221426
50	77	-0.007098137650756595
75	79	-0.0071196488676130085
50	67	-0.007208650362777104
56	82	-0.0072159715935415664
12	17	-0.007218004706830691
76	83	-0.007256847047302956
66	75	-0.007296151443035597
48	63	-0.00730776253422926
43	45	-0.007315845467471303
15	48	-0.0073600771192874875
36	69	-0.00736029819641954
11	50	-0.007406854480416788
44	75	-0.007408103228436419
27	64	-0.007486318507289267
4	9	-0.0075272227580477444
51	58	-0.007627500624047134
7	49	-0.0077495673597680476
44	80	-0.007753252799792063
15	59	-0.007802601890038487
36	60	-0.00780912628179597
66	67	-0.007809238840061519
11	43	-0.00785708003175025
58	70	-0.007858572218325463
11	30	-0.007903568057789693
12	71	-0.007907031993380505
60	69	-0.00791153124417802
30	39	-0.00796607187689079
2	10	-0.008020642951095778
42	48	-0.008051668903628737
2	53	-0.008061993130875763
25	74	-0.008070745762127034
49	67	-0.008117818002988449
17	59	-0.008133995058863565
65	81	-0.0082024169211309
2	75	-0.008206785651963276
30	36	-0.008207192166220094
17	63	-0.008211916338497799
40	61	-0.008234250749955051
45	75	-0.008293973714177456
30	53	-0.008324674420616619
11	18	-0.008357823966621209
45	69	-0.008380764738977399
51	77	-0.008398460934264475
11	54	-0.008484501079475305
57	75	-0.008505727277143015
34	43	-0.008539196227080794
1	36	-0.0085567604148791
80	81	-0.008565195208566755
16	21	-0.00861483182758965
11	53	-0.008644608946087037
9	71	-0.008646595723554714
29	74	-0.008651158015760295
41	69	-0.008659791752375393
6	36	-0.008679333518094466
31	63	-0.008707748854494025
12	41	-0.008710294451309863
75	80	-0.008764375134727397
5	38	-0.008767551494762686
38	44	-0.008782925569850103
11	74	-0.008788311084296712
11	61	-0.008807294326546979
2	20	-0.008827347737320763
24	46	-0.008831210079372091
32	67	-0.008852303227088434
1	69	-0.008866866675792685
32	56	-0.00891737560590345
36	55	-0.00891939547584802
3	12	-0.00892848011214459
2	55	-0.00896310864614807
11	58	-0.009029129708274637
29	81	-0.009031771066147502
23	47	-0.009047593403938604
63	77	-0.009088061186954792
31	46	-0.009091881976769241
38	63	-0.009104245348832378
10	71	-0.009122219183673567
35	47	-0.009141699040785845
13	33	-0.009175148434469453
1	16	-0.009190177297102253
62	81	-0.009191392777602926
31	57	-0.009229512839512127
50	57	-0.009232205168233268
32	83	-0.009239997083805303
32	55	-0.00926697165491622
29	64	-0.009312816765822409
29	68	-0.009340398706860166
69	77	-0.009432019517732395
2	11	-0.009434203160927211
16	63	-0.009444758769793058
36	70	-0.009495951221469727
31	82	-0.009513895161460652
25	76	-0.00954474912225181
56	57	-0.009562107122628836
12	70	-0.009600934619059323
8	34	-0.009623399659957376
55	70	-0.009696833267246793
17	45	-0.00975417824741258
13	76	-0.00979799909516711
34	56	-0.009807860862620485
12	54	-0.009813064146751382
25	81	-0.009826961719722312
10	63	-0.00984144842988144
29	43	-0.009851347885432293
60	74	-0.009910968096093053
10	65	-0.009947921180779355
12	74	-0.009950358773191493
29	65	-0.009992171521665379
16	20	-0.010000439113875617
12	51	-0.010034368684537923
78	83	-0.010071207339266782
74	79	-0.010084667750177814
11	73	-0.010120001752229827
24	62	-0.010167185621949388
39	60	-0.01020433403198543
51	66	-0.01024570848593798
45	59	-0.010297443966371611
30	68	-0.010303642643505192
18	36	-0.01031990639379698
9	70	-0.010337536653011448
35	46	-0.0103551156829596
11	69	-0.010401957851771042
9	35	-0.010547117573871915
43	71	-0.010561567515899189
51	57	-0.010597577811671272
4	45	-0.01060985108874072
15	50	-0.010611580090276483
7	75	-0.010618902135322579
9	76	-0.010654522369660994
12	43	-0.010662219620258557
42	80	-0.010672911169726958
12	61	-0.01069997768726499
35	57	-0.0107004182325488
1	59	-0.010719630762588387
7	83	-0.010721979923636432
35	41	-0.010723096400557009
55	72	-0.010791105615819321
41	48	-0.010823682844252641
62	71	-0.010869365784549834
59	77	-0.010872556924893702
46	70	-0.010885691688641466
35	67	-0.01096265176260124
28	34	-0.010980968240781049
48	67	-0.010997402469507696
37	51	-0.011049642361005339
2	47	-0.011101230453131813
49	83	-0.011114627573835207
60	75	-0.011125363257194557
58	81	-0.011154369028164184
47	58	-0.011173214468872688
20	83	-0.0111838541097858
4	44	-0.011188428217951393
13	69	-0.011188936486242872
46	83	-0.01123221806365925
37	73	-0.011234117970719977
41	64	-0.011359433023558926
28	65	-0.011361274724185322
12	28	-0.011371246845685808
11	52	-0.011388976343500333
51	63	-0.011402448427980421
47	66	-0.011443285179655684
77	83	-0.011445042864848213
26	43	-0.01145602384451459
41	66	-0.011579372283181216
38	77	-0.011596544759725685
39	68	-0.011607459515060555
10	52	-0.01165185997319069
27	43	-0.01165741099589445
18	35	-0.01166106337329471
62	70	-0.011737239649955294
1	30	-0.011773854291900225
19	61	-0.011793649448082037
52	76	-0.011795982254324659
68	76	-0.01179869244752676
12	68	-0.011843930532571892
10	57	-0.01193650848766582
28	43	-0.01196598493330037
54	61	-0.011970213176037432
38	64	-0.012053764495142574
8	70	-0.012065575345150363
7	80	-0.012079417487466836
43	70	-0.01208085688985562
50	62	-0.012102864001366575
45	83	-0.012121223305999317
40	77	-0.012123632026575477
58	71	-0.012265772611676048
57	62	-0.01226978058600386
42	71	-0.012281957676923166
2	59	-0.01229748113607387
58	69	-0.012299576995774351
30	66	-0.012330478089040435
30	54	-0.012354578603743095
18	47	-0.012374676949003257
22	46	-0.012433779999581049
73	82	-0.012472715718373115
49	55	-0.01248397234347336
5	45	-0.012521926231243001
14	48	-0.01255352744396684
8	16	-0.012579887870652201
67	73	-0.012588284012309273
10	72	-0.012620265072815762
37	63	-0.01266462748683365
30	45	-0.012690378708120844
14	75	-0.012734084885372133
31	55	-0.012741105327698315
40	67	-0.01275297391667155
24	59	-0.012753474701400086
29	58	-0.012807923368021341
45	50	-0.012820103038239078
36	62	-0.01284240688540405
7	32	-0.012864026583920015
15	43	-0.012892517793090665
3	17	-0.01297873518620148
8	82	-0.012997493717239053
29	59	-0.013050995745465832
52	67	-0.013067537357276896
9	18	-0.013070805809738451
3	44	-0.01308526034450791
3	45	-0.013149194993096372
64	80	-0.013156883235822567
28	48	-0.01317249269817749
8	39	-0.013177718261395254
15	51	-0.01318201895441173
45	72	-0.013290363987041686
13	56	-0.013300475042934344
41	61	-0.013302316741219712
10	29	-0.01332522196345113
11	70	-0.01352530790921088
34	83	-0.013544456291416249
30	65	-0.013559207293395121
18	48	-0.013610032673555952
6	13	-0.01373990042489051
12	20	-0.01376846765058246
58	72	-0.013773597225027856
41	57	-0.013798217813541697
14	69	-0.013802886610849122
38	74	-0.013822543639667093
38	75	-0.01384409207385485
1	51	-0.013849490811844221
9	77	-0.01385772125314871
3	70	-0.013863676237361382
14	59	-0.01400785393235886
24	40	-0.014108912233471473
33	83	-0.014191518164761805
29	72	-0.01419483526374438
36	68	-0.014196012283193652
35	55	-0.014230775002698025
13	49	-0.014242483647748487
41	63	-0.014256481213750102
10	66	-0.014270270495285387
14	34	-0.014274725422553536
44	82	-0.014285574653544585
51	83	-0.014285815167354636
13	66	-0.014295003139584333
17	81	-0.014350072412844313
8	83	-0.014368574282083428
4	43	-0.014405255504904499
27	83	-0.014406009467685292
29	53	-0.014418315826325143
52	83	-0.014429232175241986
7	36	-0.014471398989432928
28	83	-0.014503560815732251
8	38	-0.01451405377566184
12	72	-0.014530137687215536
3	10	-0.014543449366152381
41	67	-0.014560804060059013
21	36	-0.014572842964950133
71	81	-0.01461691771489973
46	59	-0.01475994832252648
58	75	-0.014819554146534457
1	50	-0.014830646486443612
30	44	-0.014880783934753693
40	82	-0.014898726500619028
17	58	-0.014909516661861095
53	77	-0.01492838535574208
10	77	-0.014973331108519214
25	70	-0.014975773181742948
53	76	-0.01499362977553875
50	83	-0.01500135233626694
44	62	-0.015021896990412929
1	40	-0.015030344836573435
59	67	-0.015057767382335857
37	58	-0.015068270954966158
29	54	-0.01507810253073312
12	19	-0.015084959035646384
40	60	-0.01509416525433071
47	63	-0.015108625560118447
8	51	-0.015159286022958043
30	82	-0.015182493650617907
45	81	-0.015200591485698974
40	76	-0.015220649371823224
25	63	-0.015258556406324952
11	77	-0.015299966979757135
42	61	-0.015356947808597384
44	49	-0.01539162600809637
53	60	-0.01546527996110959
39	77	-0.015474537353867375
13	63	-0.015517947437464557
9	36	-0.015533980158188609
48	56	-0.015570614646156798
22	44	-0.015594413975461383
56	72	-0.015619537809467565
11	51	-0.015630072652839857
25	53	-0.01566201835205524
28	75	-0.015667817213366873
37	50	-0.01567657154350606
13	35	-0.01569678629866437
30	57	-0.015713096408794435
27	76	-0.015740371222818225
16	72	-0.01581140869323167
10	53	-0.01581435090719582
55	71	-0.0158381937192741
7	74	-0.015852661281347522
35	42	-0.015856906649574655
8	50	-0.015879306304937328
10	83	-0.01596982517114841
28	49	-0.01601595164384358
17	71	-0.01606239386068097
30	78	-0.016089882063829983
70	81	-0.01609937295528963
2	27	-0.016125407614121356
45	73	-0.016139482284707247
14	52	-0.016146316591431398
46	55	-0.016155926956161942
53	79	-0.016167939916517438
30	81	-0.016224323069838027
62	77	-0.01626535612074923
2	13	-0.016363157505443364
39	47	-0.016454523033940086
15	64	-0.01650034303812177
30	63	-0.016512108117189936
49	82	-0.016523585922276613
43	62	-0.01652872797309813
7	82	-0.01655714750701635
52	77	-0.016565889609717138
13	41	-0.016627005895096632
28	33	-0.016647588895033476
44	64	-0.01664827746107236
51	67	-0.016652994472620836
8	73	-0.01665547379387354
6	37	-0.016655897016530877
46	76	-0.01665942990486987
34	45	-0.01666307789652638
1	47	-0.016696524676996432
14	72	-0.016727615946457906
31	81	-0.016743800374214482
36	43	-0.016744535523180594
22	45	-0.016844646843651945
72	77	-0.016870213990076814
33	78	-0.016929081121514165
4	12	-0.016950491536217575
7	33	-0.01695390470324724
32	78	-0.017000752996914618
2	15	-0.01701542477456558
10	68	-0.01708828044881817
25	75	-0.017124917634023525
60	68	-0.0171323194536877
8	30	-0.017254032032539505
57	71	-0.017283707694624822
34	44	-0.017287267918151977
18	37	-0.017293861443006035
6	14	-0.017310350145406047
6	80	-0.01732330074781468
31	38	-0.017333505674363675
8	28	-0.01736221206004591
48	55	-0.01736898709257858
13	61	-0.017374058564140656
41	52	-0.01741841964758435
42	81	-0.017434243027524696
57	70	-0.017498777204556674
29	67	-0.01753415616080522
37	75	-0.017565567338707205
8	71	-0.01758368837875204
32	45	-0.01759014613290405
31	67	-0.017629135440362213
45	76	-0.017642604804179583
45	70	-0.017685173917848487
11	83	-0.01768892040415192
10	58	-0.01777116922330582
10	76	-0.01786795313808852
46	51	-0.017911766625573384
14	65	-0.01792001359365336
40	47	-0.017936603989549812
64	79	-0.017950510400382237
15	32	-0.01796733203428751
45	61	-0.018021921397894474
49	56	-0.018057878186854275
41	56	-0.01810140971250671
5	14	-0.018120098662151703
30	67	-0.018133488486586545
48	54	-0.018137666032500936
64	78	-0.01819398318420538
1	49	-0.01819895441775891
33	38	-0.01820935637250889
13	50	-0.018216083001888598
25	73	-0.01823119934080661
30	37	-0.018237242586195433
1	75	-0.018239323980411774
38	80	-0.018255320390016747
13	73	-0.01826192214603164
28	59	-0.018262801833443882
11	42	-0.018275800728091943
1	32	-0.01829144178956514
12	60	-0.018310249952177043
13	62	-0.018329238513230574
2	43	-0.018344433674974618
9	59	-0.01836641912840964
26	81	-0.018384735291051023
32	82	-0.01849430694677396
13	52	-0.018644965515868535
25	72	-0.01865204967793981
1	31	-0.018720044865980022
26	75	-0.018751009502049203
27	69	-0.018773814164005292
37	62	-0.01878520600687939
24	52	-0.01885551797689282
37	69	-0.01888533932224121
27	75	-0.018898374491461128
26	64	-0.01891374196854383
51	62	-0.018965689705991412
45	71	-0.01896576369263385
47	53	-0.018969510324843408
7	46	-0.01901747493600007
26	48	-0.01903011865055238
14	33	-0.019030970770541215
46	64	-0.01905488487113559
8	77	-0.019083602669253512
40	54	-0.019090975231443687
11	62	-0.019144821004096153
11	71	-0.01915453387144638
61	79	-0.019187840377504064
33	80	-0.019189186582506235
14	39	-0.019206847099376374
25	42	-0.01928242218010426
44	51	-0.019303556651083284
59	76	-0.01930707122926996
14	83	-0.019313877477409924
28	40	-0.019328209744329725
36	63	-0.01934599108149275
6	81	-0.01936925731228727
22	47	-0.019382416725253575
38	58	-0.01938509696521059
1	25	-0.019408818355223054
28	69	-0.019413060148805776
33	79	-0.019541475366455206
32	38	-0.019548100279085934
56	71	-0.019555645183368088
57	74	-0.01958873107177482
17	83	-0.019591151968569857
43	80	-0.019610434304078012
72	81	-0.019643717200636818
12	18	-0.019674567646669826
1	52	-0.019684118873159073
12	58	-0.019771541524022225
31	37	-0.019779275835931916
70	77	-0.01980602260931014
29	82	-0.01986055731431992
19	59	-0.019890867620401053
54	74	-0.01989442616328604
27	49	-0.019919060117909258
46	61	-0.019965543284155306
1	34	-0.019971585902517283
7	37	-0.019981655667719585
33	45	-0.019993579003906276
48	77	-0.020064922097393235
46	52	-0.020108294618070774
36	61	-0.02013694820437662
32	37	-0.020152175896680512
9	38	-0.020206015520130842
23	54	-0.020213603626407575
19	36	-0.02021729603396262
45	64	-0.020250072887788906
9	64	-0.020261931886356294
1	33	-0.020293628549775115
29	39	-0.02029952147619731
56	70	-0.02031052936717422
16	52	-0.020324645729014327
32	46	-0.020329195960461444
28	73	-0.020351241889036507
44	59	-0.020379768915571993
16	70	-0.02039465811809084
11	60	-0.020404872366065807
1	74	-0.020419863315022078
51	82	-0.02043208294127399
10	62	-0.020444115129705554
3	13	-0.020532451607418054
3	46	-0.020547139450571142
15	70	-0.020638887279721473
30	80	-0.020652232784874717
44	50	-0.020661825487827433
37	61	-0.020686531911256717
69	82	-0.020696567508172364
27	59	-0.02071637952539939
27	72	-0.02071722537309285
27	65	-0.02071740971805352
70	80	-0.020741907618198246
14	71	-0.02074369448194652
5	12	-0.02077518881579635
16	50	-0.020796404908701258
38	45	-0.02082389525625514
28	35	-0.020830047086577635
66	71	-0.020834559112512807
19	35	-0.02083678741055135
42	83	-0.020897403691650485
27	34	-0.02090605623187792
66	74	-0.02094835633457083
68	83	-0.020996001229252374
39	66	-0.02103102329660153
27	32	-0.021079183537591105
60	66	-0.02109530805605046
31	45	-0.021110529954073413
32	44	-0.021152528663031727
5	43	-0.02117867843075226
22	43	-0.021198165880503526
42	53	-0.02120087928195537
7	69	-0.021254423733004405
56	73	-0.021370837170875148
12	22	-0.021418191560598102
71	77	-0.021437136815573986
12	83	-0.02147834784090822
28	47	-0.021496113929472576
5	72	-0.02152520897695516
48	82	-0.021533847285658145
55	61	-0.021534530459165136
1	26	-0.021620419680526172
38	49	-0.021642069307543782
1	73	-0.0216706882945382
36	65	-0.021682784189865863
13	20	-0.021741073322973637
62	72	-0.021760612640319924
7	50	-0.02177061899545165
46	80	-0.021775125684044203
17	72	-0.02179502005732812
44	63	-0.02182003975533049
25	30	-0.021862982645481636
8	64	-0.021895641236718125
25	46	-0.021899645523693584
61	76	-0.021948151565533133
58	74	-0.02195084472467345
50	82	-0.021986527306888867
7	71	-0.02206091922569809
54	60	-0.022079603866372276
15	34	-0.022113251932096886
28	70	-0.02223745912882069
18	28	-0.022260819039532573
52	82	-0.022265884493735552
18	59	-0.02226626119615519
30	38	-0.022288304217352495
25	69	-0.022300942889829655
11	21	-0.022331234696727126
33	82	-0.02234595678013592
33	44	-0.022380873543254697
55	73	-0.022388334741131638
39	57	-0.022394364424626792
47	67	-0.022397829877787184
46	62	-0.022417328870499922
41	53	-0.022419629921821678
27	70	-0.022421996262452348
26	34	-0.022423283129410134
1	28	-0.02242532344879475
13	54	-0.022432707736670533
34	82	-0.022436466916862702
44	83	-0.022449604783417697
34	81	-0.02251755371985883
12	42	-0.022535377261529894
4	10	-0.02256788465359114
26	72	-0.022593415526651145
10	37	-0.02259604411716357
15	52	-0.022629178048276688
14	38	-0.022695953246334083
42	64	-0.022718122544885314
12	62	-0.022741121655120364
34	78	-0.02280538622330025
16	49	-0.022880350905755874
2	69	-0.022881570904847374
26	73	-0.02288200524450067
42	60	-0.02290665999413075
56	62	-0.023144863331904048
44	55	-0.023144973802202574
34	79	-0.023218647475482565
39	58	-0.023243729816435053
39	76	-0.02324415842629527
73	81	-0.02324492228329795
36	66	-0.023249117466829113
49	80	-0.023266399882242127
14	74	-0.02329324463962755
9	69	-0.02330612880727545
31	79	-0.023314622315762985
32	81	-0.023316997821023776
27	33	-0.023350714737211804
34	46	-0.02335635059313374
31	44	-0.02337965499158958
29	36	-0.023428354021557816
16	65	-0.023454231129663126
41	62	-0.023513116616161695
38	62	-0.023539814236627963
32	80	-0.023598653828253636
35	56	-0.023683063729075006
25	35	-0.023714949448725098
15	67	-0.023730454898162508
33	46	-0.023731310829009915
1	29	-0.023757753489159303
29	66	-0.023776935932587413
15	65	-0.02377772255693806
32	79	-0.02379154847108101
18	46	-0.023795897985799924
55	75	-0.02380145414892229
28	58	-0.02381056701202659
38	61	-0.023832397496524684
25	71	-0.023834966237053834
11	68	-0.02383584001618294
47	65	-0.023842069971413703
14	67	-0.023842777436175758
18	45	-0.02389735616217735
44	78	-0.023974601710833942
36	79	-0.023979621725267665
43	83	-0.023985597585203407
7	72	-0.024003042070258693
33	81	-0.024007174099580184
56	61	-0.024024932049940856
45	68	-0.024036493834486763
27	48	-0.024061571750333008
17	36	-0.02410833278661452
42	69	-0.024109056532258758
28	50	-0.024134668551084558
7	34	-0.0241477655167647
30	56	-0.02415845829529361
34	80	-0.02416588009419486
6	75	-0.024200916000899114
28	51	-0.024238996959903673
11	20	-0.024267895854196767
25	34	-0.024325752736571785
15	71	-0.02434773294768214
21	47	-0.024371750929515303
10	60	-0.024406429518553756
5	11	-0.024461302544597358
2	62	-0.024528270830152472
50	55	-0.024609435994002456
37	68	-0.024674582070083106
6	39	-0.02471829524187158
9	61	-0.02472122684831792
63	79	-0.024758069025010272
43	64	-0.024766397385824295
13	51	-0.024787915767412825
26	39	-0.024802000674895908
49	81	-0.02482711455379622
6	74	-0.02483194064925248
15	72	-0.024847332643924767
1	78	-0.024881485808747324
13	70	-0.02489784159726111
1	27	-0.02491891710474866
46	57	-0.024941999247348662
40	62	-0.02495567911794455
3	40	-0.025091791560261513
38	68	-0.025128391046800515
12	66	-0.025185608413849654
65	79	-0.02519413200472513
51	56	-0.02523926470609689
26	33	-0.025247707144856142
14	41	-0.025298658324266823
16	71	-0.025417358613879865
26	71	-0.02545240035689176
37	49	-0.025456814104706495
45	80	-0.025470001993407262
50	56	-0.02549135999621251
45	63	-0.025533871995771243
45	79	-0.025543585726346078
27	39	-0.025544099964215874
56	75	-0.025549071190788628
19	37	-0.02558712188510758
60	67	-0.025610940644438144
11	66	-0.025621448506537733
44	72	-0.02562426582002942
43	81	-0.025625478233915283
8	18	-0.02564159545052961
65	80	-0.025647554285442
2	76	-0.025660027348133885
35	81	-0.025690518995271625
26	74	-0.025792679516397896
7	19	-0.02580111284729559
7	54	-0.025819809362801597
44	54	-0.02583354232727527
3	47	-0.02583406346043334
37	80	-0.02583604111009622
10	67	-0.02585005527171349
14	22	-0.02585752472666117
13	26	-0.025877186912818876
57	72	-0.025905147319933743
13	22	-0.025908272188488915
13	53	-0.02592454401507103
13	68	-0.025942602482250002
7	30	-0.02595072866700137
4	75	-0.02596523484483178
14	64	-0.02598937277826557
16	53	-0.02600520276374863
44	73	-0.026007126126468223
4	47	-0.026057730256390115
8	35	-0.026062817970649996
10	28	-0.026109129851967023
14	63	-0.0261791676143499
52	81	-0.02617949170630166
6	31	-0.026284525462678246
42	65	-0.026387961382392994
46	66	-0.02639387604189895
17	64	-0.02640885936323642
71	80	-0.026454210201984657
1	48	-0.0264563450638575
11	82	-0.02647677322695194
49	78	-0.026573148235639762
25	52	-0.02661525801056135
46	56	-0.026620731961346945
15	33	-0.02664055260836874
5	70	-0.026641479730277168
8	36	-0.026678877869716865
5	30	-0.026724897257935084
37	43	-0.026737388660926828
44	53	-0.02674244999700113
4	60	-0.026784883773373673
9	63	-0.026794937970155034
26	32	-0.02680886261727522
36	48	-0.02680938827720432
9	83	-0.026837290116379038
27	73	-0.02684018034195193
44	70	-0.026885274619891292
14	57	-0.02694568282180151
11	67	-0.02701935552291611
18	44	-0.027036486369351378
10	54	-0.027045808967875964
26	41	-0.027072174347072063
8	20	-0.02715191672798095
10	38	-0.027201754372204536
7	51	-0.027268123100994447
1	24	-0.02729480637986529
12	82	-0.027350382939133885
2	61	-0.027352203268209828
21	29	-0.02736266908304772
23	61	-0.027364041042929537
24	47	-0.027385790543721613
9	29	-0.027389422777876732
1	58	-0.027417632123360722
43	69	-0.02742882217763317
11	29	-0.027515191304206113
43	53	-0.02757455030199083
3	43	-0.027673335027841285
50	81	-0.02768541480236752
6	54	-0.02771295724549251
15	73	-0.027732714397628602
25	58	-0.027757476888000957
14	76	-0.0278868465903296
28	39	-0.027899417958626046
6	33	-0.027927334013867745
47	80	-0.027973140034337006
41	78	-0.027975556618291916
15	40	-0.02801028908574948
45	52	-0.028018453963916747
18	71	-0.028052888731513535
9	65	-0.02807240389902359
66	72	-0.028203058960041678
69	81	-0.02822458564658191
14	66	-0.028302882232108938
4	72	-0.02832045743735899
29	63	-0.02833765130286206
11	57	-0.028415708213800423
13	67	-0.028453765955861524
2	30	-0.028514749413107433
19	81	-0.02852635832335141
44	69	-0.02857681468973556
36	81	-0.02860456116357659
18	38	-0.028605371305494235
24	44	-0.028609674457196487
27	51	-0.02865622343156091
18	58	-0.028663833840113454
49	79	-0.02869589804945749
15	83	-0.02879140068934019
29	78	-0.02879956770525995
36	67	-0.028821972142234236
54	76	-0.028868826076088074
25	32	-0.02891514027874122
28	72	-0.028934155377441182
27	50	-0.028953041883971478
6	41	-0.02895654948781303
50	80	-0.028963467037258085
9	66	-0.028970729939074947
6	32	-0.0290356480758928
28	71	-0.029040250258761516
16	39	-0.02904161674067868
25	31	-0.02906508408412627
13	83	-0.02907487692167436
7	48	-0.029103034967886177
4	59	-0.02911168151729678
40	81	-0.029138119381640227
72	80	-0.029166807684224815
39	81	-0.02918431638369652
7	15	-0.029188610985170345
53	78	-0.029202504393542713
48	80	-0.02926104925064208
41	60	-0.029267798358000578
5	37	-0.029271207308699358
1	21	-0.029301360051781362
24	70	-0.029325994234524123
9	37	-0.029366158110446124
27	71	-0.029407834896142782
2	16	-0.02941494670091636
42	62	-0.02942642320558181
62	79	-0.02947750950647893
46	63	-0.029526038572069778
14	68	-0.029539546465824074
13	27	-0.029541503338073507
14	21	-0.029570067986665317
3	11	-0.02957568072062678
31	80	-0.02958296239814682
14	77	-0.02959504693962902
8	53	-0.02960185850550257
30	79	-0.029604758379139492
10	55	-0.02963669914943932
40	79	-0.029652983916545212
2	40	-0.029658863202570006
37	42	-0.029749780287385282
8	59	-0.029775658471257037
25	33	-0.029798988740752364
21	45	-0.02988492199254689
13	71	-0.029888865441179933
36	41	-0.029975167236777244
13	74	-0.030025222926548994
24	75	-0.03009587914237016
7	28	-0.030107676823538713
9	52	-0.030148960014241364
19	45	-0.03016154319210123
14	56	-0.030177732496682035
25	49	-0.030185766806832773
39	79	-0.030195745387702876
2	39	-0.03020039027827071
51	81	-0.030212344148788612
28	52	-0.030253163901049186
24	42	-0.030259783897485286
5	33	-0.030296146274646822
16	73	-0.030344591474700644
23	60	-0.030434550903197
6	47	-0.030462107808587855
23	83	-0.030479462650004032
2	32	-0.03050378283295405
26	58	-0.03056719022974112
43	82	-0.03059873492712497
16	43	-0.03061381886315602
28	74	-0.0306157413882439
39	56	-0.030636744941778926
27	41	-0.03065572457364549
3	39	-0.030686076516760866
24	76	-0.03071375551389723
44	71	-0.030844999133381987
67	72	-0.03084547201708262
26	70	-0.030858017227359848
16	59	-0.030939876085997894
2	34	-0.03100705334095067
16	81	-0.031017717674458288
1	35	-0.03106947701956742
25	39	-0.031098650220939394
4	70	-0.031111841565069746
27	74	-0.03112688367312397
46	58	-0.03116319278972115
2	51	-0.031170907276948406
17	51	-0.031189314532540653
8	69	-0.03119123612257462
1	41	-0.031197319968124894
11	72	-0.031198584843433942
70	78	-0.031214567959617454
39	78	-0.031232445722663836
41	54	-0.03125102580351883
4	29	-0.03128710924852244
15	31	-0.03128980815810915
58	68	-0.031378624353497184
42	67	-0.03140492062735343
17	50	-0.03140885379754327
16	64	-0.031415009466148204
45	55	-0.031448015082114374
5	54	-0.03148829531309469
65	77	-0.03152999745809875
3	14	-0.03153194375260941
6	61	-0.03155351193100245
43	58	-0.03155706210207387
37	81	-0.0315652097223766
4	14	-0.031612118972237604
19	83	-0.031642469330057064
12	67	-0.031647565370543786
28	53	-0.031676662753628064
24	74	-0.03168943410177891
21	43	-0.031703059528511886
69	78	-0.03171749724428123
6	34	-0.03175143529571574
10	56	-0.0317786313048819
3	54	-0.03178136100343096
13	42	-0.031804117250042035
16	24	-0.03180782266712496
18	82	-0.03181728565334162
2	36	-0.03183772607650713
17	39	-0.03186250898653813
2	42	-0.03191810633044996
36	46	-0.03195405720061014
52	80	-0.03199480627763112
19	76	-0.03200356947708602
8	17	-0.0320241309538666
3	38	-0.03206877832139127
16	58	-0.032082616301592495
47	55	-0.03210656046062984
1	79	-0.032116055428489484
42	52	-0.03214070471296626
16	34	-0.03217449511427117
5	41	-0.03220048346986372
3	71	-0.032211883087998355
24	73	-0.03224244181421939
24	71	-0.03224893305316007
51	80	-0.03226077159008842
47	56	-0.03226171341916266
9	53	-0.03226536589718375
26	49	-0.03233941197218827
2	37	-0.032356309843363615
15	39	-0.03238239231479892
63	78	-0.03240222753183301
43	52	-0.032445398200571685
50	78	-0.03246505074244722
5	71	-0.03246643445563478
2	33	-0.03246763983391851
1	64	-0.032501568299154904
23	82	-0.03252037385191593
20	82	-0.032528427809195626
24	34	-0.0325480720806373
29	38	-0.032624549409870376
16	32	-0.03265089021861692
1	68	-0.0326732528229703
4	48	-0.03272502434839002
59	80	-0.032740273478246026
41	68	-0.03287685517199189
9	19	-0.032896010416447886
1	76	-0.032896554828193564
15	75	-0.03292204996063334
23	59	-0.03292880750773614
13	57	-0.0329383021362343
14	54	-0.03295995223232882
13	55	-0.03298115309671263
4	38	-0.033017137927083356
26	31	-0.033092284533078185
5	44	-0.03315437945901622
25	50	-0.03318199744481619
2	52	-0.03320758218932653
8	19	-0.03329492147098875
41	82	-0.03335942189230157
73	78	-0.03341006428651877
26	35	-0.03341418675103043
7	40	-0.033448033886267284
39	80	-0.033508545860383196
46	79	-0.03354516272597807
24	35	-0.03360692367583837
10	19	-0.03360945389404063
24	53	-0.03365972971661847
6	49	-0.033670352699323544
8	65	-0.033678379251585316
14	42	-0.03368105876786419
2	50	-0.03368545727856562
9	57	-0.033698164509363256
5	32	-0.0337087722678435
5	34	-0.03373712673295348
13	72	-0.03374325738811455
17	73	-0.033747284415469
2	31	-0.03375606735183548
55	60	-0.03385195096884
4	11	-0.03390479765058803
4	64	-0.03391946778341521
21	46	-0.03392319960936755
36	57	-0.03393379569137002
3	15	-0.033937988773840876
9	58	-0.03397192964627165
27	53	-0.034000109924441635
3	34	-0.0340978108713659
3	75	-0.034136931632828146
19	73	-0.03414454255451877
17	41	-0.03423119538754713
61	78	-0.034281017492567734
42	57	-0.03428105099569212
40	78	-0.03430904565579037
40	55	-0.03431488323004866
17	44	-0.034359184767494826
73	80	-0.034412195608419
56	80	-0.034413551730452505
36	42	-0.03441530907469281
38	66	-0.03445912227643895
18	39	-0.0345028328223205
15	69	-0.034649194141426726
4	34	-0.034672292342086464
12	56	-0.03468229530988155
7	73	-0.0347465141518511
3	32	-0.03477952736910242
24	33	-0.03478788080285609
12	81	-0.034831378380500634
4	33	-0.034836364890268964
56	83	-0.034852935551752444
3	29	-0.03486056901600071
37	65	-0.034866162729878816
12	57	-0.03489818295175014
9	78	-0.034943023472474036
46	65	-0.03494774607230961
71	78	-0.03496828844790403
47	77	-0.034979225450060235
15	57	-0.034981094349947894
29	37	-0.034986410500687654
30	55	-0.03500499700622908
17	32	-0.03501392117748579
25	51	-0.03504237295844063
8	61	-0.035043567323234825
28	81	-0.035069494620126436
3	30	-0.035093146219323815
35	79	-0.03512477972853452
38	79	-0.03513006131538042
1	63	-0.035138534144552244
68	77	-0.0351440798461515
20	61	-0.035182092904252754
17	70	-0.035187853107714134
46	67	-0.03521081656965766
37	48	-0.035234182370888274
17	34	-0.035285115622792816
42	63	-0.03528593271841115
45	58	-0.035286614499415635
2	48	-0.03530939994859549
11	28	-0.03532558760736513
51	78	-0.03536168100464964
4	46	-0.03538944409678792
5	69	-0.035399370789700874
6	53	-0.03541202231071639
16	41	-0.035427590213104716
38	81	-0.03543864703157907
16	69	-0.03543946381232501
7	53	-0.035459938588856724
17	53	-0.03549739411445568
42	66	-0.035550263587654236
4	36	-0.03562734097112472
10	82	-0.03570595619879234
43	63	-0.03570956432760349
27	81	-0.03571045555110806
67	76	-0.03571561058972915
14	53	-0.03574705130831185
24	31	-0.03576658227301809
44	52	-0.03578574012625832
14	20	-0.03581981948432138
15	53	-0.03586726072258137
3	33	-0.035909197831201826
67	83	-0.03592253356790488
37	67	-0.03592485905424417
48	79	-0.0359414750255653
27	35	-0.035943352766334445
24	50	-0.0359776369168329
28	66	-0.036004867322508634
54	79	-0.03600534422120305
36	56	-0.03606571248051191
38	65	-0.03607977852427204
41	81	-0.03609282224709047
39	67	-0.03610713031484762
6	69	-0.036171883099931676
16	33	-0.036180728657593295
4	76	-0.03618257995043683
26	51	-0.036191947301416755
6	26	-0.03625831935919802
41	79	-0.036353832139820186
12	27	-0.03635796064533823
5	81	-0.036370115883457205
38	56	-0.03639060854367999
26	78	-0.03644775572768831
69	80	-0.03654318881138099
29	57	-0.036551705258269056
21	48	-0.036554178207628504
5	31	-0.03661520085222824
37	79	-0.036628793674255616
27	58	-0.03665174373927979
68	81	-0.036657392942238284
28	76	-0.03670797323920153
38	43	-0.03671528151570406
23	44	-0.03671585565104246
24	63	-0.03674484334515724
45	53	-0.03675177864122417
69	79	-0.03677523665783831
38	47	-0.03686665969156848
5	49	-0.03691524675625785
12	78	-0.03697926261382987
13	78	-0.03704493512916143
17	33	-0.03705061366320825
27	68	-0.03708326824452189
50	79	-0.03715131803091054
13	82	-0.03718225650621229
22	83	-0.037184082912691055
23	45	-0.03719900201691492
16	54	-0.0372351796114054
18	72	-0.03724492487708807
3	25	-0.037269477048400744
6	70	-0.03729667430079325
11	55	-0.03729983073786723
25	68	-0.03731411156519807
12	55	-0.03731453737954318
20	62	-0.03740002876069144
52	79	-0.03740174110371985
66	83	-0.037487217246157514
27	47	-0.0375773591972142
27	52	-0.037596523443120866
17	52	-0.037606739058818665
3	62	-0.03763915735347533
38	48	-0.037655557583141645
2	73	-0.03766086993658872
24	32	-0.03767092295352032
2	49	-0.03768811663470336
29	80	-0.03770544467731011
19	82	-0.03771570342723258
24	69	-0.03775539453903177
73	79	-0.03776270420286115
4	13	-0.03777092068613595
17	54	-0.03778463581295641
22	52	-0.03782344616606144
26	50	-0.0378842372712353
37	47	-0.03788681947806316
20	60	-0.037913946665169375
45	77	-0.03804241164837152
62	78	-0.038080791887467796
24	51	-0.03810993528518461
2	29	-0.03817823464971376
9	62	-0.03818741184179955
11	81	-0.038216205290090524
24	49	-0.03822426692838617
15	41	-0.0382540766730563
17	49	-0.03828067316267103
12	79	-0.03838173337720829
3	48	-0.03838591534472312
38	67	-0.0384080698910428
28	67	-0.0384282944847483
26	77	-0.03845836681035252
19	38	-0.03846564673363152
4	32	-0.038493261066052734
15	66	-0.038502608029158426
24	30	-0.038506853790886426
47	54	-0.03852959341121436
17	37	-0.038586070476278295
5	47	-0.038608824606083295
8	37	-0.038639422607606874
6	59	-0.03866881581120182
14	82	-0.038685654679501004
8	81	-0.0387215303456439
7	29	-0.038739334837773434
17	75	-0.03881313885861226
8	29	-0.03884353463466492
8	54	-0.038853767289754475
23	34	-0.03886906020658054
8	78	-0.03895375555477966
3	72	-0.038961133796126174
11	56	-0.038969633687472006
6	64	-0.03900243032381357
8	52	-0.03901722037789022
7	64	-0.039085880443845956
24	72	-0.039150227157570994
7	16	-0.03916174123711084
4	71	-0.0391842302603867
68	82	-0.039230590733637945
7	21	-0.0392324751795536
15	74	-0.03923927532683292
45	67	-0.03924125122119666
5	82	-0.03933854911749013
4	27	-0.0394708740070969
55	74	-0.039607982598151986
18	73	-0.03962362436242209
20	59	-0.0396651876847164
8	55	-0.03967817802387508
18	63	-0.03969533652736371
4	19	-0.03970633616549056
21	83	-0.03975307693973828
18	33	-0.03976251593047665
23	33	-0.03976309489914581
15	68	-0.03978969594126057
19	30	-0.03983801142731785
28	77	-0.0398451317744488
70	79	-0.03993290451027739
4	30	-0.039940579772536906
54	77	-0.03994995142945805
42	54	-0.03999408973789128
17	65	-0.04004669784484454
9	20	-0.04008682921823191
52	78	-0.04009722423618165
11	80	-0.0402790417286104
8	21	-0.04028297194934325
9	68	-0.04028810493359654
4	31	-0.04029635613761739
10	26	-0.040299714664139896
16	82	-0.04031874862080807
20	35	-0.04035869172157206
6	50	-0.04037367000893438
60	76	-0.040384591911918656
21	37	-0.040415403810915934
25	41	-0.040434575580922276
3	69	-0.04044818492572816
17	38	-0.04047501464113504
23	31	-0.04056897358004426
45	66	-0.04061935926186361
22	42	-0.04064020840230713
5	52	-0.04095095323436325
4	61	-0.040993787222410684
16	44	-0.04100212896205521
3	64	-0.04100936187101463
3	31	-0.04111825210814031
24	58	-0.041146640863243496
2	25	-0.04114837590864928
28	36	-0.041151802002413015
66	76	-0.04118560653318437
18	34	-0.04126145732300926
26	69	-0.04129673007775019
19	46	-0.04131936362725874
20	69	-0.04132462151117977
5	13	-0.0414412007354292
23	69	-0.04153643566638441
48	78	-0.04158901226309459
20	45	-0.04162131765935971
2	28	-0.04164476080800229
5	46	-0.04169128477485141
16	22	-0.041695522865139105
14	36	-0.04177306860550357
2	58	-0.04190198386870546
23	30	-0.041918432864036584
8	79	-0.04202104076816838
51	79	-0.042060293275048885
7	52	-0.04212347158635661
5	61	-0.04215685893277454
36	80	-0.042162051748536274
54	78	-0.04219582176135606
9	54	-0.04233088763286221
72	78	-0.0423372308891655
19	33	-0.042352422668268726
27	77	-0.042549356287918144
18	32	-0.04258875540826857
36	47	-0.04263846071416555
7	39	-0.04264219451597244
19	34	-0.04265582596296215
57	80	-0.042702881999339096
23	32	-0.042754648270273254
45	54	-0.042761368886997
5	75	-0.04279057994051725
56	74	-0.04284589864206061
17	40	-0.042889896352959936
29	56	-0.04292586775277576
40	80	-0.042937628290766874
59	79	-0.042958486175818954
6	65	-0.04299548506142585
9	56	-0.0430492400833965
23	49	-0.04307460738742965
27	67	-0.043082065232400976
5	64	-0.04309411761239943
20	47	-0.04309518598436639
10	81	-0.043162277898702126
3	52	-0.043162954311062075
10	20	-0.04317707889405228
46	54	-0.04319748423559762
22	61	-0.04321143556111213
25	78	-0.04321470754641232
3	76	-0.043358620679239374
42	82	-0.04344362614689451
28	38	-0.04354103469211125
16	31	-0.04359436119989116
3	55	-0.04367496541827044
10	27	-0.04371540974326547
3	27	-0.04379993470014006
25	77	-0.04381679730076073
8	63	-0.04389890187447196
21	59	-0.044007744337745826
21	34	-0.04401385114568808
26	56	-0.044029543249586064
2	26	-0.04412955303476518
17	35	-0.04413800479343233
2	41	-0.04414931026889134
19	63	-0.04429591427560683
25	45	-0.04431133684549306
1	67	-0.04431524281671184
58	80	-0.044318782525098674
23	35	-0.0443246793827976
43	54	-0.04436758501614811
19	69	-0.044404343365670146
20	37	-0.044405792936511174
14	35	-0.04443615723143289
26	65	-0.04444299968304182
22	33	-0.044445428397944055
1	56	-0.044447571163573965
3	18	-0.044467532624046416
3	59	-0.04447082130929998
25	55	-0.044503962152620466
3	73	-0.0445606321730355
17	69	-0.044586378436776083
19	32	-0.044588759289308784
16	35	-0.04460005415085837
21	32	-0.044601333383797806
12	23	-0.04460591646941252
26	52	-0.04467293589241654
5	27	-0.044776363631875614
3	26	-0.04479612706824258
3	63	-0.04481169079087517
46	53	-0.0448336939053299
71	79	-0.04486893792620307
2	64	-0.04489199180078177
2	21	-0.044929603566453605
18	64	-0.044999748448416255
23	73	-0.04501050785669672
20	34	-0.04503375176875606
7	59	-0.045036105529956405
16	30	-0.04509272391359465
25	47	-0.045099356356990083
3	20	-0.04515110497132717
4	74	-0.04517034823682107
17	31	-0.04519024237661682
47	79	-0.04519269420389951
4	49	-0.04527453751136701
4	82	-0.04529437432695131
23	70	-0.0453154271617366
20	46	-0.045333080489267714
20	32	-0.04533851839105718
29	55	-0.04536979581499749
57	77	-0.04538679402361172
27	82	-0.04540095061729232
6	40	-0.04540823978121407
19	72	-0.04543960141049493
16	75	-0.045445994655230304
13	18	-0.04547139311952013
15	76	-0.04548092415726003
9	21	-0.045518333265140695
9	55	-0.04558057591264303
21	31	-0.04558949040115292
21	35	-0.045606154126167184
28	68	-0.045632889815806585
16	74	-0.04567024040740371
27	66	-0.045696434862345675
1	77	-0.04570779522833168
6	52	-0.04571136835567856
21	33	-0.04575987609673065
19	47	-0.04579687693523006
7	20	-0.04593692457984254
3	74	-0.04595942742759659
19	71	-0.04596063031651023
18	41	-0.046014549747215666
18	70	-0.04604116533641582
5	29	-0.046095006729809165
10	21	-0.0461041710685995
6	63	-0.04610488577570856
41	55	-0.04612851833382296
23	62	-0.04620268674668395
12	80	-0.04631029677194937
3	49	-0.046359314261048695
17	74	-0.046392790663461664
6	73	-0.046572988153479204
61	80	-0.04666668106088733
20	33	-0.04667665856156794
65	78	-0.04668017999197574
21	82	-0.04671817067758843
22	32	-0.046722541655879454
4	37	-0.046791233059811484
57	76	-0.04686691710280068
6	48	-0.046912824748624966
22	34	-0.04696909908211136
21	61	-0.0469977945577065
24	29	-0.047130425447601855
3	56	-0.047161458597171545
35	80	-0.04720449092118528
5	50	-0.047280953118059736
6	51	-0.04730090853289849
23	50	-0.04733867090383401
9	60	-0.04734345423201644
25	64	-0.047351165268428044
21	49	-0.04740808927900885
3	53	-0.047466604918215256
6	62	-0.04750965682924376
21	30	-0.04754004657400168
17	42	-0.04757056138423287
13	23	-0.04764791969346938
45	65	-0.04765853360600768
16	38	-0.047659474650468096
18	69	-0.047682424544131505
26	47	-0.04768751013690832
19	70	-0.04772124928950027
16	40	-0.04773364256645625
15	54	-0.04781331275643777
24	64	-0.04781661966619181
3	28	-0.04785555299497323
2	63	-0.04789711984364209
17	43	-0.04792727252427217
16	66	-0.04793853114011411
6	15	-0.04795857663348021
59	78	-0.04795994661494648
6	71	-0.04797394576038844
5	19	-0.048029715373466425
5	15	-0.0480519613591025
9	28	-0.04811094914401897
23	71	-0.04814343342755845
23	75	-0.04815929114937148
5	59	-0.04818531996101609
9	67	-0.04818622742008464
21	50	-0.04819497251607008
22	59	-0.04819606708716068
20	36	-0.048215863949106
3	36	-0.048230867766603985
27	54	-0.04824817665609352
28	37	-0.048249414380464
1	22	-0.048294736961727945
55	76	-0.04840160171029892
7	35	-0.048439456685807625
20	70	-0.048454565273473894
20	49	-0.04853502839906543
27	56	-0.04854910266800653
22	82	-0.04859696071340152
19	49	-0.04862829516150354
3	16	-0.048675121312370895
5	48	-0.04877413150464739
16	56	-0.04879813579723853
5	35	-0.04881518510074536
66	77	-0.04887282775421927
29	79	-0.04887371298828834
22	31	-0.04888732557481152
23	68	-0.04906078925954884
43	65	-0.04907686371852854
3	77	-0.04912391389236731
7	81	-0.04919632780836667
28	78	-0.04934426812590962
25	43	-0.049388910270590405
3	61	-0.04940634567432612
10	79	-0.04947431400136672
23	51	-0.04950237495951122
42	56	-0.04952792490211469
19	75	-0.04960534108476391
10	80	-0.04961409504011701
25	80	-0.04961802134528353
6	30	-0.04963535188541043
44	65	-0.049675483519783875
2	35	-0.04975749726017133
22	60	-0.04978638840377318
22	62	-0.049821889833095774
28	54	-0.04987470898764097
60	79	-0.04992854448133256
20	63	-0.049932413561249556
4	63	-0.049961296908783176
13	19	-0.05001334379324369
56	81	-0.05002256855628713
4	41	-0.05007586661589689
38	57	-0.050104198834598206
4	73	-0.05011500431192423
17	30	-0.05017743190202466
5	73	-0.050184854614488086
7	61	-0.050188455637387
22	49	-0.05021849354670625
3	41	-0.05025162874065125
18	31	-0.050273205936574354
21	28	-0.05040059881106432
6	27	-0.05043529033849488
21	69	-0.05044728610595698
22	54	-0.050508919279534846
4	35	-0.050611600850482004
24	45	-0.05084261212719453
9	82	-0.05089099048984684
10	22	-0.050930248366288865
24	68	-0.05097491584308963
20	43	-0.05101853106572778
10	78	-0.05105328873284849
5	74	-0.05105649422487121
24	39	-0.05108965845807588
18	43	-0.05109288683934962
18	50	-0.051093946215252026
1	65	-0.05110606181775147
6	35	-0.05114132385469648
23	43	-0.05120153205602328
3	50	-0.051210095202733466
22	30	-0.05128747953908902
26	68	-0.05136931813116589
57	82	-0.0514066201202273
22	50	-0.05141098629025377
8	80	-0.0514206467701173
16	42	-0.0514419809805442
18	49	-0.05148097987176865
55	79	-0.05148177224100144
18	75	-0.051483862721565195
21	51	-0.051631659442112204
5	40	-0.051700225128434425
21	38	-0.05175874395336228
44	68	-0.05181044716653524
14	26	-0.05191205998009109
41	80	-0.05193674854583732
18	40	-0.05193756651614577
8	66	-0.05195351620228909
12	26	-0.052086830224315664
11	22	-0.052101225568988246
27	78	-0.05210405244725447
25	66	-0.05210654649003034
15	56	-0.05210892155448808
7	65	-0.05211182831194869
19	48	-0.05220407304425924
18	80	-0.052248562711804614
18	53	-0.05225533155244924
19	50	-0.052260909650103035
28	56	-0.05234098817941543
45	56	-0.05234590493299829
20	31	-0.052393463354515425
58	76	-0.05239599494607741
24	41	-0.05243995066478506
4	69	-0.052446232826105874
21	70	-0.05248944493509895
7	18	-0.052538217657842334
21	60	-0.05255635168121715
5	39	-0.052632676097385984
4	42	-0.05264657507826662
19	31	-0.05265330549102973
55	78	-0.052664904456948804
26	37	-0.052785744070837
13	81	-0.05280973675349847
8	58	-0.05285202320620884
22	63	-0.05288513081832663
23	42	-0.05289506535567029
27	80	-0.05291004213697858
15	38	-0.05292702258692318
3	42	-0.05295689456627149
15	22	-0.05296595820783828
20	73	-0.05303654319395256
21	52	-0.05315784834386662
21	77	-0.05319854595961197
19	64	-0.05352708292222913
7	63	-0.05360307779295581
4	50	-0.05361935850112872
22	53	-0.05362482083480305
3	60	-0.053781403819230585
57	83	-0.053788049516699424
22	69	-0.053819384541808166
18	30	-0.05382203251303083
18	42	-0.053839699074414785
20	50	-0.05388097354483495
16	37	-0.05389546165823778
45	57	-0.05391629663597283
14	55	-0.05393065152490241
16	67	-0.053930771238756434
23	63	-0.05395295819636601
22	51	-0.05396451665074682
5	42	-0.05397556589646113
20	29	-0.053984186206029676
37	66	-0.0541163414380498
1	57	-0.05411764512129632
22	75	-0.054135338354270056
11	78	-0.05418804937115111
11	79	-0.054240416850570725
58	77	-0.05428164682550719
19	29	-0.05429532937925599
22	35	-0.054432196477209045
37	56	-0.05449039684337284
68	80	-0.054512458078316936
19	43	-0.054585369594996255
26	53	-0.05464703276667171
23	81	-0.05466844249706245
6	28	-0.0548236017496578
72	79	-0.05482949156261901
23	40	-0.054831935755776745
67	77	-0.054845499389479815
6	72	-0.054977456105595075
14	19	-0.05501597726459074
42	68	-0.055135937919679634
8	22	-0.05518198690788176
27	57	-0.05520136433191151
7	26	-0.055256571270746235
27	36	-0.05530113457234329
8	26	-0.05531120937536736
5	51	-0.05532451757345032
44	66	-0.055455703490634264
18	52	-0.05547935012582692
23	74	-0.055481716552827125
26	66	-0.05550675302545851
19	44	-0.055507761823769125
18	51	-0.05553343376377583
46	77	-0.05555801760279562
23	72	-0.05560813930383668
16	57	-0.055738473399789816
21	27	-0.05576376183583635
45	78	-0.055833954628986195
67	82	-0.05585085329586118
5	63	-0.055870801679407646
15	35	-0.05587781572731055
56	76	-0.05595156946864148
24	43	-0.055998647653135114
8	62	-0.056008336839312084
60	78	-0.05608518758913207
4	54	-0.05611264191357821
22	73	-0.05621216428993395
26	57	-0.05625323486806406
21	73	-0.05629582411321871
4	39	-0.05632626734127996
21	75	-0.0563354713327836
7	17	-0.056347871085120516
22	70	-0.05636319877897887
44	67	-0.05646249531300228
13	79	-0.056554086300042904
23	80	-0.056555728798903436
5	62	-0.0565714414018703
42	55	-0.05660529723138835
28	80	-0.056696290398260185
2	24	-0.0568752494730249
3	51	-0.056918177968800304
5	26	-0.057178318806635126
68	78	-0.05722150928840223
21	78	-0.05729826321987503
27	79	-0.05732484463974291
67	81	-0.05733261325933795
22	64	-0.05738382695821401
18	54	-0.057508074246309014
16	76	-0.05759240658222002
21	64	-0.05761497832407251
27	37	-0.05765308591183339
9	81	-0.05770739389744877
20	52	-0.05773819428506546
4	52	-0.05790506166862391
28	79	-0.05792727146406557
1	23	-0.0580886789306964
8	60	-0.0582232933843559
28	82	-0.05826610621476291
19	51	-0.05838975846754075
18	74	-0.058428664503834944
23	29	-0.05847088555678495
4	25	-0.0584804194240168
44	58	-0.05850236781899086
23	38	-0.05860910039638961
24	80	-0.058669260514204416
28	57	-0.05871566809360562
6	19	-0.058718741690140096
4	15	-0.05885864210708297
15	82	-0.05891645669464312
19	41	-0.05892466665460064
20	30	-0.05904192604329686
26	67	-0.05917643342071034
6	60	-0.05925207366198147
23	64	-0.05925239973818319
17	82	-0.05932149783635591
22	29	-0.05932926595801905
9	79	-0.05941554863338765
26	54	-0.05949107785713348
47	78	-0.059517736147491174
7	56	-0.05953029321776085
5	65	-0.05959236816464922
6	29	-0.05964509211198214
12	24	-0.05974003395067076
11	27	-0.05977708182658179
5	53	-0.05979040641050016
21	62	-0.059941752691179476
8	27	-0.05996058579930428
2	56	-0.05999651097872103
25	67	-0.06005341177868721
26	36	-0.06011329515743476
37	57	-0.060142068749321556
4	28	-0.06024107493949339
3	58	-0.06024731324477178
4	62	-0.0604454303718923
4	17	-0.06045665780227032
55	77	-0.06046987860459685
21	63	-0.06054294140330785
3	35	-0.060567406638919435
11	26	-0.0606833915347352
62	80	-0.06082719721682386
14	81	-0.06085731509881704
19	77	-0.06092843864608825
25	56	-0.060969524043562255
16	55	-0.06099454419194892
20	77	-0.06103563713564644
24	66	-0.061058586361216347
21	44	-0.06111702200166928
25	65	-0.06117790197738679
21	42	-0.0611904496410724
57	81	-0.06126222798772172
15	77	-0.0612702293103361
4	65	-0.06130683406154953
21	53	-0.06131510417969639
20	75	-0.06146545240361877
9	80	-0.061608758857031876
15	21	-0.06164105276050039
23	58	-0.06166288202777422
27	38	-0.061683474660903626
15	42	-0.0618477087797734
4	40	-0.06187186012793744
19	58	-0.06190827908435011
20	51	-0.06199154685750048
4	53	-0.06212328672643401
66	81	-0.06215129954368605
2	78	-0.062190578574220605
14	37	-0.06226554665227114
20	42	-0.06244436905369134
43	55	-0.06254302925577807
5	60	-0.06266886795178495
24	65	-0.0627345377933059
4	51	-0.06274122250394151
66	82	-0.06283173290551794
22	38	-0.06295072640865895
4	58	-0.06305851121718062
6	16	-0.06323190797783294
7	62	-0.06323477387549067
21	71	-0.06353277192052054
25	57	-0.06358290141989724
18	29	-0.0635949798455495
19	52	-0.06361285170156933
43	68	-0.0637355790019198
22	71	-0.06376596678167959
6	20	-0.06389438495851922
22	36	-0.06405010697448855
20	81	-0.06405935572971361
15	36	-0.06414428721413964
16	36	-0.06418487044467369
9	27	-0.0642530835539914
66	80	-0.06427456405392902
43	57	-0.06438982495592807
20	71	-0.06472838827303315
1	66	-0.06473643991748046
20	41	-0.06494109682018172
68	79	-0.06494136729401065
22	40	-0.06495934401583031
21	81	-0.06498224024939032
43	66	-0.06501249124389852
8	68	-0.0650993817151058
19	74	-0.06512951653485805
11	23	-0.06515406555771637
26	80	-0.0652621786119579
16	23	-0.06535959285679216
10	24	-0.06547702676092845
5	17	-0.06548550406528947
20	48	-0.06561167862329946
17	29	-0.06564966277777111
13	24	-0.06567067018613702
22	74	-0.0657271975109508
57	78	-0.06573540670724203
20	64	-0.06584043049873634
60	80	-0.06587374465351044
24	55	-0.06599315175293627
4	26	-0.06625423009238257
2	65	-0.0663546399797755
20	72	-0.06639329208633436
18	68	-0.06655997808045475
16	68	-0.06671632019470433
67	80	-0.06680262837032219
8	57	-0.06687677218259298
23	39	-0.06697443408246612
3	65	-0.06704701390382185
19	40	-0.06730599858577532
23	76	-0.06734182622982188
16	77	-0.06734820846661255
4	18	-0.06757230757250414
24	77	-0.06769416179498032
19	65	-0.06786423758882759
27	55	-0.06794442850889562
5	28	-0.06800572849219436
26	79	-0.06808298423795694
17	80	-0.06825046229144321
20	58	-0.06831387141558415
13	80	-0.06848154791072629
18	65	-0.06860856787060088
21	76	-0.06882537562457733
7	55	-0.06893590359224482
17	76	-0.06903537923446189
20	76	-0.06923541496130255
14	78	-0.06976064951095076
8	25	-0.0697712235503685
9	22	-0.06978773366779507
6	21	-0.06986369886596026
8	67	-0.06990464458499829
28	55	-0.07009106293416136
12	25	-0.07011408698354613
44	56	-0.07014502230910126
26	55	-0.07019540672677929
2	68	-0.07019821324334302
46	78	-0.07032408061921866
19	53	-0.0704380769004842
21	41	-0.07071025541685888
14	24	-0.07077757243000567
17	79	-0.07097544208351737
44	57	-0.07102242035681758
21	72	-0.07107555050881471
11	24	-0.07111387673888506
20	53	-0.07120659651981742
18	67	-0.07124274498982033
15	20	-0.07125283390389847
26	38	-0.07126399998238131
24	56	-0.07130333753010656
15	24	-0.07135756757651669
21	54	-0.07136274880577345
56	77	-0.07161691326353527
23	28	-0.07182700584321453
10	25	-0.0719124383824532
17	68	-0.07195577845705381
23	41	-0.07195891430841986
16	79	-0.07198546110091074
43	67	-0.0721463241472131
2	77	-0.07224139095687912
24	67	-0.0724190050469789
7	58	-0.07245580394985165
8	56	-0.07246685845126023
57	79	-0.07256851693575729
15	55	-0.07259603210527907
66	78	-0.07291302395733416
22	41	-0.07300892599088035
21	74	-0.07316068472089267
22	58	-0.07344360939880219
19	42	-0.07349066664056779
20	68	-0.07355836577088126
66	79	-0.07368456730892634
19	54	-0.07369619527421167
21	40	-0.07386414334339322
4	16	-0.07397453561802965
17	55	-0.07414767525048636
8	24	-0.07426229700766428
19	80	-0.0742813375850363
17	67	-0.07431601968205578
22	81	-0.07452042178874857
9	26	-0.07452330339558408
22	37	-0.07459868504658004
4	20	-0.07471320611649501
20	40	-0.07490161145240523
58	79	-0.0749028487987349
18	55	-0.07536635786119118
14	79	-0.07588901961700219
17	77	-0.07595290916003175
21	58	-0.07608022511209032
20	74	-0.07638161689457931
22	27	-0.07644640818514392
3	37	-0.07654995365011218
10	23	-0.07656801272100999
24	57	-0.07673204360334061
43	56	-0.07682496908675059
13	25	-0.07693613539072439
22	80	-0.07714085825814512
23	55	-0.07715548452780055
14	23	-0.07738290281775237
23	66	-0.07780819714646141
23	67	-0.07805902147110602
15	81	-0.07814713717838305
5	20	-0.07839514356240146
25	79	-0.07842429953318125
17	66	-0.07872595315384553
19	68	-0.07877896995705197
5	16	-0.07879522309370043
56	78	-0.07882081101521365
22	72	-0.07903619962011309
18	76	-0.07945004266407418
22	68	-0.07945353531436618
7	66	-0.07961849022887668
3	24	-0.07998702634234202
18	57	-0.08031389425392045
3	21	-0.08033162143145241
6	18	-0.08033203604747007
20	65	-0.0804173423979041
67	78	-0.0804273401381086
7	60	-0.0804289834523101
23	37	-0.08062774540107377
23	65	-0.08064920236080893
6	24	-0.08090405044263091
21	65	-0.08091701945799593
22	77	-0.08106352784022122
11	25	-0.08111131269540162
6	56	-0.08118152682389954
2	22	-0.08118283463801067
18	66	-0.08133477103039453
22	65	-0.08144154680231686
14	80	-0.08170507814042849
2	23	-0.08183474443860914
22	76	-0.08193431480087313
18	79	-0.08202909416100033
20	54	-0.08211720446954776
2	67	-0.08222650294237452
7	68	-0.08266511268619578
5	68	-0.08276311555817648
24	78	-0.08294203480613518
17	57	-0.08307684094292986
67	79	-0.0831803111534738
6	17	-0.08330291575086861
15	37	-0.0836326269389893
5	56	-0.0837082535535654
22	39	-0.08372999246729448
21	80	-0.0840667481503789
23	77	-0.08432205463113843
2	66	-0.08439720113573602
22	66	-0.08461916014271491
21	68	-0.08501487037259427
19	39	-0.08521924234095914
58	78	-0.08561262441181229
7	27	-0.0858591034705695
6	55	-0.0864493441750912
23	57	-0.08645982888656022
22	28	-0.08668074751760131
8	23	-0.08681460574315106
20	44	-0.08703982840444091
20	38	-0.08719312274685682
6	68	-0.08730368039418412
20	78	-0.08770725535267515
2	57	-0.08774840246634857
22	79	-0.08787394906388478
9	24	-0.08797781846498187
21	79	-0.08813940643895983
3	67	-0.08834487572454508
56	79	-0.08863069553327563
21	39	-0.08890684251770872
7	67	-0.08909464713418074
3	57	-0.08913196274910301
16	80	-0.08937267554480943
18	56	-0.08943016886546791
5	58	-0.08963485628335552
7	22	-0.08990508172586882
3	66	-0.0900251061682652
21	66	-0.0902711390026445
20	80	-0.09034065331604334
3	68	-0.09035150521118511
7	57	-0.090354691283058
5	55	-0.09047626675592421
9	23	-0.09066950222264293
25	36	-0.09100189364877441
6	58	-0.09110645773249751
4	55	-0.09126458666395124
17	56	-0.09162637804375129
4	68	-0.09170599427227431
4	66	-0.09216620890036689
18	77	-0.09261185813452902
5	21	-0.09279377486411498
4	67	-0.09307677597328959
9	25	-0.09314384436260113
4	57	-0.09317998354342022
5	57	-0.09328458859505354
22	78	-0.0934892793396698
5	18	-0.09438252719118151
22	55	-0.09510572635033368
21	55	-0.09517307023226182
15	25	-0.09526796109306666
24	79	-0.09561724790916266
22	57	-0.09592207888845952
14	25	-0.09606884706117327
23	78	-0.0961849711345321
6	22	-0.09629304916108286
4	56	-0.09634505843747207
20	66	-0.09668285445983345
5	67	-0.09695298942984039
19	55	-0.09714435036527441
20	39	-0.09718750845907138
7	25	-0.0973131442307783
23	56	-0.09806540199105426
23	36	-0.0982077606115889
25	37	-0.09864273720849874
7	23	-0.09873268660065075
15	80	-0.09891330573074808
6	66	-0.0990244436877662
22	67	-0.09969935932435914
3	22	-0.10029583098743458
5	66	-0.10102980589216251
4	22	-0.10108480407951738
7	24	-0.1017283126688126
23	79	-0.10288686128181976
21	56	-0.10289639211648902
5	24	-0.10301774594857364
25	38	-0.10327569388228802
22	56	-0.10344962300062062
19	78	-0.10348689259941685
19	66	-0.10369652624290308
15	79	-0.10370234096083887
21	57	-0.10372036239814791
21	67	-0.10401078038631992
6	57	-0.10419899601418302
4	21	-0.10422439706948386
5	25	-0.10428277713463695
20	57	-0.1044760778808618
20	67	-0.10448896071030189
15	78	-0.10449655974029604
6	67	-0.10450348843693198
16	78	-0.10462896468916914
6	23	-0.1060343545382672
6	25	-0.10618689848167484
4	24	-0.10741869071147975
20	55	-0.10803511503480961
15	23	-0.10853962787716989
19	67	-0.1090892408952935
20	56	-0.10920504607983918
24	36	-0.10927159397407893
24	37	-0.11002277664015198
17	78	-0.11080804918637394
19	79	-0.11137029937690762
24	38	-0.11144893741091849
20	79	-0.11167458740684344
19	57	-0.11206505567512538
19	56	-0.11281500241871689
3	23	-0.1145824070041549
18	78	-0.1182066399333469
5	22	-0.11865439871307341
4	23	-0.13398310391511842
5	23	-0.13652977261126972
