#====================================================================================================
# This result is computed using convolution with a 3x3 matrix on mean-field DCA
# The first and second columns are site pairs. The third column represents interaction score
#====================================================================================================
5	44	1.0454673424672534
6	46	1.0101751337119702
6	45	0.9791776920381593
4	44	0.9132830435465747
5	45	0.9057924353488245
5	46	0.887562990263322
6	44	0.8392679243311081
7	45	0.8118373223626152
5	43	0.803956356652557
4	46	0.7975673939947356
4	45	0.7592050585518949
10	42	0.7192180367721354
6	43	0.7024523946564397
7	43	0.6726936022453245
7	44	0.6666973247217968
9	42	0.666276166952676
8	42	0.6581211785146954
8	40	0.596205174676009
4	47	0.5273319608233673
8	41	0.5048499976141259
5	47	0.47743048167801355
3	46	0.4744204451577627
7	42	0.46915689010140527
4	48	0.4586347727901831
8	44	0.43882147565794055
2	46	0.41364018002102565
3	45	0.41032294671348735
8	43	0.37982819876454843
3	47	0.3717836214070713
6	42	0.3636954561147337
9	40	0.3385263822488153
9	41	0.333249730852781
10	41	0.3117191559203787
3	48	0.30426394724061523
9	43	0.29468643985163123
2	47	0.2912574466315458
2	48	0.2731541168754495
4	42	0.23928101808385072
5	42	0.2354458305649688
8	46	0.23365211927479734
4	43	0.2289190793459172
10	40	0.20738856113263443
7	46	0.20716631611297262
7	41	0.20604455328259902
8	45	0.20330954689052466
3	42	0.2030891193515596
8	47	0.1984136347759936
6	47	0.19345930097830372
4	9	0.18485184858058995
3	43	0.1832293400726669
9	44	0.16141783506834922
7	47	0.15994669065976924
3	44	0.15931071973704888
9	46	0.15592163443738813
3	8	0.15303347400649267
42	47	0.14680857230373717
6	48	0.1372416782934293
3	9	0.12639567662657683
42	48	0.1243143193671719
7	48	0.1111987406815908
9	47	0.11078758715124529
9	48	0.09713246708301067
12	17	0.09510075828773099
13	18	0.0951007582877309
14	19	0.09510075828773082
12	18	0.09510075828773058
15	20	0.09510075828773044
17	23	0.09510075828773043
13	19	0.09510075828773039
16	23	0.09510075828773029
16	22	0.09510075828773012
12	24	0.09510075828773008
14	24	0.09510075828773008
14	20	0.09510075828773006
13	22	0.09510075828772994
15	22	0.09510075828772994
13	24	0.09510075828772989
12	19	0.09510075828772988
15	24	0.09510075828772988
30	38	0.09510075828772985
32	39	0.09510075828772985
14	22	0.09510075828772982
14	23	0.09510075828772982
15	21	0.0951007582877298
28	35	0.09510075828772979
31	38	0.09510075828772979
15	23	0.09510075828772978
18	23	0.09510075828772976
30	37	0.09510075828772976
30	39	0.09510075828772976
16	24	0.09510075828772975
17	22	0.09510075828772974
31	39	0.09510075828772974
17	24	0.09510075828772971
13	23	0.0951007582877297
16	21	0.09510075828772968
13	20	0.09510075828772965
30	36	0.09510075828772965
28	37	0.09510075828772961
31	36	0.09510075828772961
32	37	0.09510075828772961
27	34	0.09510075828772958
12	23	0.09510075828772957
28	34	0.09510075828772957
27	33	0.09510075828772956
12	20	0.09510075828772953
12	22	0.09510075828772953
32	38	0.09510075828772953
28	36	0.09510075828772949
29	36	0.09510075828772946
29	37	0.09510075828772946
14	21	0.09510075828772944
28	39	0.09510075828772944
18	24	0.09510075828772943
27	32	0.09510075828772943
28	38	0.09510075828772943
29	35	0.09510075828772943
29	38	0.09510075828772942
31	37	0.09510075828772942
28	33	0.09510075828772938
30	35	0.09510075828772935
27	38	0.0951007582877293
29	34	0.0951007582877293
29	39	0.0951007582877293
12	21	0.09510075828772929
13	21	0.09510075828772928
26	33	0.09510075828772925
27	35	0.09510075828772922
34	39	0.09510075828772918
33	38	0.09510075828772917
27	37	0.09510075828772913
26	32	0.09510075828772901
26	34	0.09510075828772901
27	36	0.09510075828772899
27	39	0.09510075828772896
26	38	0.0951007582877289
26	36	0.0951007582877288
26	31	0.09510075828772876
26	37	0.09510075828772875
33	39	0.09510075828772871
26	35	0.09510075828772863
26	39	0.09510075828772857
25	32	0.0951007582877281
25	33	0.09510075828772803
25	36	0.09510075828772802
18	25	0.09510075828772799
14	25	0.09510075828772796
25	38	0.09510075828772796
25	37	0.0951007582877279
25	34	0.09510075828772781
16	25	0.09510075828772777
13	25	0.09510075828772774
17	25	0.09510075828772771
25	31	0.0951007582877277
25	39	0.09510075828772767
21	32	0.09510075828772764
12	25	0.09510075828772763
21	28	0.09510075828772761
25	35	0.09510075828772759
19	24	0.09510075828772753
22	34	0.09510075828772752
21	29	0.09510075828772749
21	30	0.09510075828772746
25	30	0.09510075828772745
15	25	0.09510075828772743
21	31	0.09510075828772739
21	33	0.09510075828772738
19	25	0.09510075828772735
21	27	0.09510075828772735
21	39	0.09510075828772734
22	30	0.09510075828772727
22	32	0.09510075828772727
21	34	0.09510075828772724
22	28	0.09510075828772724
22	33	0.0951007582877272
23	39	0.09510075828772718
24	36	0.09510075828772718
21	37	0.09510075828772716
23	34	0.09510075828772713
22	27	0.09510075828772711
22	35	0.09510075828772711
22	31	0.095100758287727
22	36	0.095100758287727
21	38	0.09510075828772699
24	39	0.09510075828772699
24	34	0.09510075828772697
21	35	0.09510075828772696
21	36	0.09510075828772696
22	39	0.09510075828772696
22	29	0.09510075828772695
23	35	0.09510075828772693
23	36	0.09510075828772693
24	33	0.09510075828772693
23	32	0.09510075828772692
24	32	0.09510075828772692
23	37	0.09510075828772689
24	35	0.09510075828772689
24	38	0.09510075828772689
23	28	0.09510075828772686
24	37	0.09510075828772686
23	33	0.09510075828772685
23	38	0.09510075828772685
22	38	0.09510075828772674
22	37	0.0951007582877267
23	30	0.09510075828772666
24	31	0.09510075828772664
23	31	0.0951007582877266
23	29	0.09510075828772652
20	32	0.09510075828772648
24	29	0.09510075828772646
20	29	0.09510075828772636
20	28	0.09510075828772635
20	31	0.09510075828772632
20	27	0.0951007582877263
24	30	0.09510075828772624
20	30	0.0951007582877262
20	33	0.0951007582877262
20	34	0.09510075828772616
20	39	0.09510075828772606
20	26	0.09510075828772604
19	26	0.09510075828772596
20	35	0.0951007582877259
13	26	0.09510075828772588
20	25	0.09510075828772586
20	36	0.09510075828772586
20	37	0.09510075828772585
14	26	0.0951007582877258
15	26	0.09510075828772568
12	26	0.09510075828772561
18	26	0.09510075828772561
16	26	0.0951007582877256
20	38	0.0951007582877256
21	26	0.09510075828772556
17	26	0.09510075828772538
19	31	0.09510075828772532
19	39	0.09510075828772527
19	27	0.09510075828772521
19	37	0.09510075828772516
19	29	0.09510075828772512
19	30	0.09510075828772502
19	38	0.09510075828772502
19	32	0.09510075828772499
19	36	0.09510075828772496
19	35	0.0951007582877249
19	28	0.09510075828772481
19	33	0.09510075828772463
19	34	0.09510075828772453
18	27	0.09510075828772427
18	37	0.09510075828772423
17	37	0.09510075828772413
18	38	0.0951007582877241
18	30	0.09510075828772409
18	29	0.09510075828772406
18	31	0.09510075828772402
17	29	0.09510075828772399
17	36	0.09510075828772399
17	38	0.09510075828772399
18	39	0.09510075828772399
18	34	0.09510075828772398
17	30	0.09510075828772396
18	32	0.09510075828772395
18	28	0.09510075828772394
18	36	0.09510075828772392
17	39	0.09510075828772388
17	27	0.09510075828772387
18	35	0.09510075828772384
16	29	0.09510075828772378
18	33	0.09510075828772377
16	27	0.09510075828772374
17	28	0.09510075828772374
15	27	0.09510075828772369
17	31	0.09510075828772367
17	35	0.09510075828772366
16	28	0.09510075828772364
17	34	0.0951007582877236
17	32	0.09510075828772359
16	37	0.09510075828772349
15	29	0.09510075828772346
16	38	0.09510075828772346
17	33	0.09510075828772345
16	30	0.09510075828772344
16	39	0.09510075828772341
15	37	0.0951007582877234
15	28	0.09510075828772338
15	39	0.09510075828772335
16	32	0.09510075828772335
15	38	0.09510075828772334
15	36	0.09510075828772332
16	36	0.0951007582877233
15	30	0.09510075828772328
16	31	0.09510075828772328
15	35	0.09510075828772323
16	35	0.09510075828772323
14	27	0.09510075828772316
16	33	0.09510075828772316
16	34	0.09510075828772312
15	31	0.0951007582877231
15	34	0.09510075828772308
13	39	0.09510075828772302
15	33	0.09510075828772302
12	37	0.095100758287723
15	32	0.09510075828772299
13	36	0.09510075828772298
13	37	0.09510075828772298
14	29	0.09510075828772298
12	39	0.09510075828772294
14	28	0.09510075828772291
12	36	0.09510075828772288
14	39	0.09510075828772288
13	28	0.09510075828772287
13	27	0.09510075828772284
13	38	0.09510075828772284
13	29	0.09510075828772281
14	37	0.09510075828772281
12	27	0.09510075828772277
14	30	0.09510075828772277
14	36	0.09510075828772276
13	35	0.09510075828772273
13	30	0.09510075828772267
14	38	0.09510075828772267
12	38	0.09510075828772264
12	28	0.09510075828772263
12	30	0.09510075828772263
14	31	0.09510075828772262
13	32	0.0951007582877226
13	34	0.0951007582877226
14	32	0.09510075828772259
12	35	0.09510075828772258
13	31	0.09510075828772255
12	29	0.09510075828772252
14	33	0.09510075828772252
12	32	0.09510075828772244
12	31	0.09510075828772242
13	33	0.0951007582877224
14	35	0.0951007582877224
14	34	0.09510075828772233
12	34	0.0951007582877223
12	33	0.09510075828772224
10	48	0.09468445889672973
2	42	0.09015518796285486
9	45	0.08860146554028361
8	48	0.08411501609612229
5	48	0.08215792705457228
2	9	0.08043225998582333
2	7	0.0802464935477546
2	49	0.07672723348232785
5	41	0.07653598718973856
1	48	0.07423292584531033
7	8	0.06725186526710322
2	8	0.0594039628962192
1	49	0.05687944159766644
3	41	0.05679218026527021
10	47	0.05194467132002808
11	22	0.051454638135509094
11	24	0.05145463813550895
11	16	0.051454638135508254
11	23	0.051454638135508185
11	17	0.05145463813550784
11	21	0.05145463813550769
11	20	0.05145463813550759
11	18	0.05145463813550742
11	19	0.05145463813550688
11	25	0.05145463813550619
11	26	0.05145463813550519
11	30	0.05145463813550306
11	27	0.05145463813550305
11	28	0.05145463813550302
11	29	0.05145463813550291
11	31	0.05145463813550291
11	32	0.0514546381355028
11	39	0.05145463813550252
11	33	0.05145463813550251
11	37	0.05145463813550251
11	36	0.0514546381355025
11	38	0.05145463813550247
11	34	0.05145463813550245
11	35	0.051454638135502426
1	9	0.05129100079926868
41	47	0.051221725868403
3	49	0.05105601797873595
41	48	0.05014885557761281
1	47	0.04973689873078531
2	43	0.04883008074979118
2	41	0.047232336696889435
41	46	0.043599541187468636
9	49	0.042906312295849555
41	43	0.04249544457838271
5	10	0.041895138559250644
6	7	0.039780131920747225
42	43	0.03968230695077837
2	45	0.031452430872659545
5	8	0.030969579127797763
5	7	0.030105363570526025
2	44	0.030080761680750013
11	49	0.029721588515855248
43	44	0.029331176341611368
10	49	0.027107407607552557
4	6	0.02378048136596847
4	41	0.021909291205763425
1	10	0.02173423380116774
7	9	0.02098100940944063
41	42	0.020875649428372733
3	10	0.019228276634358155
4	7	0.01894951860751274
40	46	0.018888422217045397
42	44	0.01858250564478619
42	49	0.018390180022009782
4	10	0.017467928537867175
6	8	0.017327836096783195
6	41	0.017322415418439208
1	42	0.01715449870035778
1	11	0.017002354801981603
10	46	0.016972371232768013
42	46	0.016963610773253465
1	46	0.016721041189676475
45	46	0.016634069459604158
4	49	0.0161331233822562
4	8	0.0158435000801522
40	47	0.015803224838413094
4	5	0.015182140089014978
1	7	0.015003780575958938
5	9	0.014490953788170882
1	8	0.014338234890271636
8	49	0.014333005104603492
43	49	0.013652270016506745
43	46	0.013616009719390244
44	45	0.01330932732421102
44	46	0.013224117986801008
7	49	0.01312286225795527
43	48	0.012742784112453099
2	10	0.01268790869261379
44	47	0.012506060981644238
1	43	0.012457597507054117
6	9	0.012124412929776857
3	4	0.011853331950707119
44	49	0.011851255309773904
1	44	0.01177116966001794
3	6	0.010903785033140202
43	45	0.01052578186969133
48	49	0.010325805590420557
1	2	0.010325805590420454
1	45	0.009865433177479666
6	49	0.009255888977346116
1	6	0.008956566628671827
5	49	0.008944535780617133
40	48	0.008926658157761693
5	6	0.00870823407895465
1	41	0.006920624569329883
46	47	0.006824984019569005
11	13	0.006597704509583902
12	13	0.006597704509583829
13	15	0.006597704509583781
11	12	0.006597704509583774
15	17	0.00659770450958377
14	15	0.00659770450958376
15	18	0.006597704509583746
14	17	0.006597704509583739
14	18	0.006597704509583736
16	19	0.006597704509583732
11	15	0.006597704509583729
12	15	0.006597704509583722
17	18	0.006597704509583711
32	35	0.0065977045095836975
35	37	0.006597704509583687
13	16	0.00659770450958368
14	16	0.006597704509583677
16	18	0.006597704509583663
18	19	0.006597704509583659
28	30	0.006597704509583652
28	31	0.006597704509583652
37	40	0.006597704509583649
34	35	0.006597704509583642
27	30	0.0065977045095836385
15	19	0.006597704509583635
35	39	0.006597704509583635
32	34	0.006597704509583632
12	16	0.006597704509583628
32	36	0.006597704509583625
35	38	0.006597704509583625
15	16	0.006597704509583618
27	28	0.006597704509583618
33	36	0.006597704509583618
39	40	0.006597704509583618
11	14	0.006597704509583614
16	17	0.006597704509583614
30	31	0.006597704509583614
33	34	0.006597704509583614
36	39	0.006597704509583614
12	14	0.006597704509583611
13	17	0.006597704509583611
18	20	0.006597704509583611
17	20	0.006597704509583607
18	21	0.006597704509583607
26	30	0.006597704509583607
37	39	0.006597704509583607
29	32	0.006597704509583604
30	34	0.0065977045095836
19	23	0.006597704509583597
32	33	0.006597704509583597
16	20	0.0065977045095835934
30	33	0.0065977045095835934
13	14	0.0065977045095835865
31	32	0.0065977045095835865
27	29	0.006597704509583583
29	31	0.00659770450958358
34	38	0.00659770450958358
29	30	0.006597704509583576
18	22	0.006597704509583573
33	35	0.006597704509583562
17	21	0.006597704509583559
27	31	0.006597704509583555
29	33	0.006597704509583552
31	34	0.006597704509583552
34	37	0.006597704509583548
17	19	0.006597704509583545
33	37	0.006597704509583545
34	36	0.006597704509583545
38	39	0.006597704509583545
31	35	0.006597704509583541
38	40	0.006597704509583531
35	36	0.0065977045095835275
30	32	0.006597704509583524
28	29	0.006597704509583521
28	32	0.006597704509583521
26	27	0.006597704509583517
31	33	0.006597704509583503
37	38	0.006597704509583493
22	26	0.006597704509583489
26	28	0.006597704509583486
26	29	0.006597704509583486
19	21	0.006597704509583479
36	40	0.006597704509583479
36	37	0.006597704509583462
19	20	0.006597704509583458
25	26	0.006597704509583458
25	27	0.006597704509583455
25	28	0.006597704509583444
36	38	0.00659770450958343
25	29	0.006597704509583427
19	22	0.0065977045095834165
24	28	0.006597704509583389
23	27	0.006597704509583378
24	27	0.006597704509583344
23	26	0.006597704509583337
23	24	0.006597704509583319
24	26	0.006597704509583312
20	24	0.006597704509583288
20	23	0.0065977045095832534
23	25	0.006597704509583243
20	22	0.006597704509583222
24	25	0.006597704509583219
20	21	0.006597704509583156
21	22	0.006597704509583094
21	24	0.0065977045095830834
22	23	0.006597704509583066
21	25	0.006597704509583059
21	23	0.006597704509583056
22	24	0.006597704509583045
22	25	0.006597704509582993
42	45	0.005674395455053806
8	9	0.005614942384402605
45	47	0.0047739902330479495
2	40	0.0036522859755494658
41	49	0.003079470352219345
2	3	0.0026330559555404875
1	3	0.0026330559555404116
8	10	0.0026298380607584528
47	49	0.00260909380621135
47	48	0.0026090938062113267
3	7	0.0018962391812573478
2	11	0.0018059403528899523
45	49	0.0013844206182280008
45	48	0.0013844206182279963
9	10	0.001269818051169924
1	5	0.0011178333824489455
2	5	0.001117833382448781
46	48	0.000960195568322366
46	49	0.0009601955683220221
41	45	0.0009305667878165662
7	10	0.0009120210707560827
2	4	0.0009033561758850302
1	4	0.0009033561758850269
44	48	0.0008776321982171892
6	10	0.0008198712068188765
2	6	0.0008198712068183935
3	5	-0.0007754844954720105
41	44	-0.0014236821592876515
10	12	-0.00211958120869281
10	13	-0.0021195812086930504
10	11	-0.0021195812086932603
10	14	-0.002119581208693328
1	40	-0.0024633353648468095
43	47	-0.0036167644496567512
40	49	-0.007616924282377148
40	42	-0.009447128089461047
38	42	-0.009447128089461142
39	42	-0.00944712808946116
8	12	-0.011043351680114069
8	11	-0.011043351680114165
39	43	-0.012498579587694122
40	43	-0.01249857958769424
7	11	-0.01260149862123199
32	40	-0.012619534411894721
31	40	-0.012619534411894832
28	40	-0.012619534411894989
30	40	-0.012619534411895075
27	40	-0.012619534411895273
29	40	-0.012619534411895277
33	40	-0.012619534411895568
34	40	-0.012619534411895585
26	40	-0.012619534411895658
35	40	-0.01261953441189589
25	40	-0.012619534411896387
23	40	-0.012619534411896671
21	40	-0.01261953441189679
22	40	-0.012619534411896928
24	40	-0.012619534411896983
20	40	-0.01261953441189756
19	40	-0.012619534411897601
17	40	-0.012619534411897775
15	40	-0.012619534411897903
18	40	-0.012619534411898004
16	40	-0.01261953441189801
14	40	-0.012619534411898139
13	40	-0.012619534411898538
12	40	-0.012619534411898607
40	44	-0.012693197386324403
9	13	-0.014769413512073452
9	12	-0.014769413512073528
9	11	-0.014769413512073682
11	48	-0.014917599265270767
39	41	-0.01540112176576791
37	41	-0.01540112176576798
38	41	-0.015401121765767996
40	41	-0.015401121765768055
1	12	-0.01993968805683151
1	21	-0.01993968805683194
1	22	-0.019939688056832015
1	13	-0.019939688056832026
1	24	-0.01993968805683211
1	20	-0.01993968805683246
1	23	-0.019939688056832782
1	26	-0.019939688056832855
1	25	-0.019939688056832962
1	14	-0.019939688056833032
1	19	-0.01993968805683319
1	29	-0.019939688056833303
1	28	-0.01993968805683337
1	39	-0.019939688056833424
1	30	-0.019939688056833434
1	27	-0.01993968805683348
1	31	-0.019939688056833497
1	15	-0.019939688056833535
1	32	-0.01993968805683359
1	33	-0.01993968805683361
1	38	-0.01993968805683361
1	34	-0.019939688056833636
1	37	-0.019939688056833646
1	16	-0.01993968805683371
1	36	-0.019939688056833774
1	35	-0.019939688056833917
1	18	-0.01993968805683401
1	17	-0.019939688056834173
35	49	-0.02017328564331833
20	49	-0.020173285643318564
37	49	-0.02017328564331873
18	49	-0.020173285643318974
33	49	-0.020173285643318998
19	49	-0.020173285643319105
34	49	-0.02017328564331926
39	49	-0.0201732856433193
25	49	-0.020173285643319334
36	49	-0.02017328564331934
21	49	-0.02017328564331942
12	49	-0.02017328564331943
38	49	-0.020173285643319456
17	49	-0.02017328564331948
15	49	-0.02017328564331951
13	49	-0.020173285643319546
24	49	-0.020173285643319584
16	49	-0.020173285643319643
27	49	-0.02017328564331965
31	49	-0.02017328564331971
23	49	-0.020173285643319716
26	49	-0.020173285643319726
22	49	-0.02017328564331978
32	49	-0.020173285643319785
14	49	-0.020173285643319903
29	49	-0.020173285643320278
28	49	-0.02017328564332031
30	49	-0.02017328564332042
3	40	-0.020655793980002956
10	44	-0.023486140527061432
10	45	-0.026697018434100793
11	40	-0.029844250500961483
3	11	-0.04223477137259862
10	43	-0.04370656639820475
10	24	-0.048139945756786276
10	22	-0.04813994575678632
10	15	-0.04813994575678636
10	16	-0.04813994575678652
10	17	-0.04813994575678658
10	18	-0.04813994575678682
10	20	-0.04813994575678683
10	23	-0.048139945756786956
10	19	-0.048139945756787206
10	21	-0.048139945756787456
10	25	-0.04813994575678815
10	26	-0.0481399457567888
10	29	-0.04813994575678933
10	31	-0.048139945756789385
10	27	-0.0481399457567894
10	28	-0.04813994575678944
10	30	-0.04813994575678944
10	32	-0.04813994575678948
10	38	-0.04813994575678965
10	34	-0.048139945756789745
10	35	-0.0481399457567898
10	33	-0.048139945756789815
10	39	-0.048139945756789905
10	37	-0.04813994575678993
10	36	-0.04813994575678994
11	47	-0.05126927047334363
11	41	-0.056980852841610224
2	12	-0.06739165647289053
2	13	-0.06739165647289064
2	21	-0.06739165647289075
2	26	-0.06739165647289087
2	22	-0.06739165647289093
2	23	-0.0673916564728911
2	24	-0.06739165647289116
2	39	-0.0673916564728913
2	29	-0.06739165647289133
2	14	-0.06739165647289139
2	27	-0.06739165647289146
2	25	-0.06739165647289147
2	28	-0.06739165647289147
2	30	-0.06739165647289147
2	20	-0.06739165647289155
2	31	-0.06739165647289158
2	38	-0.06739165647289158
2	33	-0.06739165647289166
2	32	-0.06739165647289172
2	34	-0.06739165647289173
2	37	-0.06739165647289175
2	15	-0.06739165647289182
2	36	-0.06739165647289189
2	16	-0.06739165647289208
2	35	-0.06739165647289208
2	19	-0.06739165647289216
2	17	-0.06739165647289257
2	18	-0.06739165647289269
32	41	-0.06899758963044084
30	41	-0.06899758963044117
31	41	-0.06899758963044117
28	41	-0.06899758963044128
36	41	-0.06899758963044136
29	41	-0.06899758963044153
27	41	-0.0689975896304416
33	41	-0.06899758963044168
34	41	-0.06899758963044172
26	41	-0.06899758963044184
35	41	-0.06899758963044231
23	41	-0.06899758963044234
25	41	-0.06899758963044242
21	41	-0.06899758963044252
24	41	-0.06899758963044286
22	41	-0.06899758963044295
20	41	-0.06899758963044342
14	41	-0.0689975896304435
19	41	-0.06899758963044351
15	41	-0.06899758963044364
17	41	-0.06899758963044371
12	41	-0.06899758963044378
13	41	-0.06899758963044388
16	41	-0.06899758963044396
18	41	-0.06899758963044396
40	45	-0.07826644992606507
35	48	-0.08013110192344908
37	48	-0.0801311019234494
33	48	-0.08013110192344958
20	48	-0.08013110192344973
36	48	-0.08013110192345003
34	48	-0.08013110192345005
19	48	-0.08013110192345006
15	48	-0.08013110192345012
38	48	-0.08013110192345016
18	48	-0.08013110192345017
21	48	-0.08013110192345019
23	48	-0.0801311019234502
24	48	-0.0801311019234502
31	48	-0.08013110192345024
25	48	-0.08013110192345026
13	48	-0.0801311019234503
22	48	-0.0801311019234503
39	48	-0.0801311019234503
12	48	-0.08013110192345034
32	48	-0.08013110192345037
27	48	-0.0801311019234504
14	48	-0.08013110192345052
16	48	-0.08013110192345062
26	48	-0.08013110192345062
28	48	-0.08013110192345091
17	48	-0.08013110192345094
29	48	-0.08013110192345096
30	48	-0.08013110192345116
4	40	-0.0956438657288339
7	40	-0.10087125970101908
11	43	-0.10160090400973328
4	11	-0.1043384940894794
11	46	-0.10493352689028568
11	42	-0.1082697770513546
11	45	-0.11072667058958768
5	40	-0.11083884549497441
3	12	-0.11179903767085313
3	26	-0.11179903767085327
3	21	-0.11179903767085347
3	13	-0.11179903767085349
3	27	-0.11179903767085365
3	28	-0.1117990376708537
3	25	-0.11179903767085372
3	39	-0.11179903767085374
3	23	-0.11179903767085378
3	30	-0.11179903767085386
3	14	-0.11179903767085389
3	35	-0.1117990376708539
3	38	-0.11179903767085392
3	33	-0.11179903767085396
3	22	-0.11179903767085397
3	34	-0.111799037670854
3	32	-0.11179903767085404
3	29	-0.11179903767085406
3	37	-0.11179903767085411
3	31	-0.1117990376708542
3	24	-0.11179903767085421
3	36	-0.11179903767085433
3	20	-0.11179903767085446
3	15	-0.11179903767085454
3	16	-0.11179903767085488
3	19	-0.11179903767085508
3	17	-0.11179903767085528
3	18	-0.11179903767085536
33	47	-0.11283923464876355
21	47	-0.11283923464876357
20	47	-0.11283923464876361
34	47	-0.11283923464876364
37	47	-0.1128392346487637
39	47	-0.11283923464876386
22	47	-0.11283923464876387
19	47	-0.11283923464876389
35	47	-0.11283923464876389
16	47	-0.1128392346487639
15	47	-0.11283923464876393
38	47	-0.11283923464876394
23	47	-0.11283923464876397
36	47	-0.11283923464876397
12	47	-0.112839234648764
27	47	-0.11283923464876401
13	47	-0.11283923464876405
18	47	-0.1128392346487641
24	47	-0.11283923464876416
32	47	-0.11283923464876416
26	47	-0.11283923464876418
25	47	-0.11283923464876423
29	47	-0.11283923464876437
30	47	-0.1128392346487644
17	47	-0.11283923464876446
14	47	-0.11283923464876447
28	47	-0.1128392346487645
31	47	-0.11283923464876451
6	40	-0.11738293180266252
11	44	-0.11934736934658671
6	11	-0.12028126296488527
5	11	-0.12399219447791099
9	24	-0.12784795890124187
9	22	-0.1278479589012419
9	15	-0.12784795890124195
9	14	-0.127847958901242
9	20	-0.127847958901242
9	23	-0.12784795890124206
9	25	-0.1278479589012422
9	29	-0.12784795890124223
9	17	-0.12784795890124226
9	27	-0.12784795890124226
9	30	-0.12784795890124231
9	16	-0.12784795890124237
9	18	-0.12784795890124237
9	21	-0.12784795890124243
9	28	-0.12784795890124245
9	31	-0.1278479589012425
9	19	-0.12784795890124254
9	32	-0.12784795890124262
9	26	-0.12784795890124287
9	34	-0.1278479589012429
9	33	-0.12784795890124298
9	38	-0.12784795890124304
9	39	-0.12784795890124317
9	36	-0.1278479589012432
9	37	-0.12784795890124326
9	35	-0.12784795890124329
12	43	-0.16393200682088624
14	43	-0.16393200682088624
15	43	-0.16393200682088638
35	43	-0.16393200682088646
33	43	-0.1639320068208865
34	43	-0.1639320068208865
13	43	-0.16393200682088663
16	43	-0.16393200682088668
17	43	-0.16393200682088693
18	43	-0.16393200682088724
36	43	-0.16393200682088724
28	43	-0.16393200682088754
29	43	-0.16393200682088757
31	43	-0.16393200682088763
37	43	-0.16393200682088763
27	43	-0.16393200682088765
23	43	-0.16393200682088768
19	43	-0.1639320068208877
25	43	-0.16393200682088777
32	43	-0.16393200682088777
38	43	-0.16393200682088777
30	43	-0.1639320068208878
26	43	-0.1639320068208879
21	43	-0.16393200682088802
24	43	-0.16393200682088815
22	43	-0.16393200682088827
20	43	-0.16393200682088843
33	46	-0.17619485288330003
32	46	-0.17619485288330017
34	46	-0.17619485288330017
35	46	-0.17619485288330025
30	46	-0.17619485288330033
31	46	-0.17619485288330033
13	46	-0.17619485288330045
38	46	-0.17619485288330053
29	46	-0.17619485288330056
28	46	-0.1761948528833006
36	46	-0.1761948528833006
27	46	-0.1761948528833007
37	46	-0.17619485288330078
12	46	-0.1761948528833008
14	46	-0.1761948528833008
39	46	-0.1761948528833009
15	46	-0.1761948528833011
26	46	-0.17619485288330128
21	46	-0.1761948528833013
24	46	-0.17619485288330133
20	46	-0.17619485288330136
19	46	-0.1761948528833014
25	46	-0.17619485288330142
16	46	-0.17619485288330147
22	46	-0.17619485288330156
18	46	-0.17619485288330172
23	46	-0.17619485288330178
17	46	-0.17619485288330183
4	39	-0.1793287855954044
4	27	-0.17932878559540447
4	37	-0.17932878559540455
4	38	-0.17932878559540455
4	36	-0.17932878559540466
4	32	-0.17932878559540472
4	28	-0.17932878559540483
4	35	-0.17932878559540483
4	29	-0.17932878559540488
4	34	-0.1793287855954049
4	30	-0.17932878559540502
4	25	-0.17932878559540508
4	31	-0.17932878559540513
4	33	-0.1793287855954052
4	12	-0.17932878559540527
4	26	-0.17932878559540533
4	16	-0.17932878559540555
4	14	-0.17932878559540563
4	15	-0.1793287855954057
4	13	-0.17932878559540572
4	17	-0.17932878559540572
4	23	-0.17932878559540572
4	18	-0.17932878559540577
4	19	-0.179328785595406
4	24	-0.179328785595406
4	20	-0.1793287855954061
4	22	-0.17932878559540621
4	21	-0.17932878559540624
16	45	-0.17975387370548038
33	45	-0.17975387370548063
35	45	-0.17975387370548063
34	45	-0.17975387370548065
17	45	-0.1797538737054807
15	45	-0.1797538737054808
19	45	-0.17975387370548082
32	45	-0.17975387370548085
36	45	-0.17975387370548085
38	45	-0.17975387370548085
14	45	-0.1797538737054809
28	45	-0.1797538737054809
31	45	-0.1797538737054809
18	45	-0.17975387370548102
29	45	-0.17975387370548102
37	45	-0.17975387370548102
13	45	-0.17975387370548104
27	45	-0.17975387370548104
30	45	-0.17975387370548107
39	45	-0.17975387370548118
12	45	-0.17975387370548127
26	45	-0.17975387370548146
20	45	-0.1797538737054817
25	45	-0.17975387370548176
21	45	-0.17975387370548243
24	45	-0.17975387370548246
22	45	-0.1797538737054826
23	45	-0.1797538737054828
12	42	-0.18463300003710656
14	42	-0.1846330000371069
15	42	-0.1846330000371071
16	42	-0.18463300003710717
13	42	-0.18463300003710725
17	42	-0.184633000037108
33	42	-0.18463300003710809
18	42	-0.18463300003710836
34	42	-0.18463300003710853
19	42	-0.1846330000371087
35	42	-0.18463300003710909
21	42	-0.1846330000371091
23	42	-0.18463300003710925
29	42	-0.1846330000371093
28	42	-0.1846330000371094
20	42	-0.18463300003710947
22	42	-0.18463300003710953
36	42	-0.18463300003710964
27	42	-0.18463300003710967
32	42	-0.1846330000371097
24	42	-0.1846330000371098
37	42	-0.18463300003710986
25	42	-0.1846330000371099
30	42	-0.18463300003710992
31	42	-0.18463300003710992
26	42	-0.18463300003711
8	15	-0.1865369081422983
8	16	-0.18653690814229834
8	17	-0.1865369081422984
8	18	-0.18653690814229865
8	14	-0.1865369081422987
8	13	-0.18653690814229879
8	19	-0.18653690814229892
8	23	-0.18653690814229967
8	27	-0.18653690814229978
8	29	-0.18653690814229984
8	34	-0.18653690814229987
8	25	-0.1865369081422999
8	31	-0.1865369081422999
8	32	-0.18653690814229992
8	36	-0.18653690814229992
8	30	-0.18653690814229995
8	20	-0.1865369081423
8	35	-0.1865369081423
8	38	-0.1865369081423
8	33	-0.18653690814230003
8	37	-0.18653690814230006
8	28	-0.18653690814230012
8	22	-0.18653690814230015
8	26	-0.18653690814230017
8	39	-0.18653690814230017
8	24	-0.1865369081423002
8	21	-0.18653690814230026
7	16	-0.18832151419985232
7	18	-0.18832151419985232
7	14	-0.18832151419985244
7	15	-0.18832151419985244
7	17	-0.18832151419985246
7	19	-0.18832151419985252
7	13	-0.18832151419985305
7	39	-0.18832151419985313
7	23	-0.18832151419985316
7	27	-0.1883215141998533
7	29	-0.18832151419985332
7	32	-0.18832151419985332
7	34	-0.18832151419985338
7	28	-0.1883215141998534
7	33	-0.18832151419985346
7	20	-0.1883215141998535
7	35	-0.18832151419985352
7	38	-0.18832151419985352
7	25	-0.18832151419985355
7	37	-0.18832151419985355
7	21	-0.18832151419985366
7	24	-0.18832151419985366
7	31	-0.18832151419985366
7	30	-0.18832151419985368
7	36	-0.18832151419985368
7	26	-0.1883215141998538
7	22	-0.18832151419985382
7	12	-0.18832151419985407
12	44	-0.19040084284869682
13	44	-0.19040084284869688
14	44	-0.1904008428486969
16	44	-0.19040084284869707
15	44	-0.19040084284869724
17	44	-0.19040084284869746
35	44	-0.19040084284869752
34	44	-0.1904008428486977
18	44	-0.19040084284869796
33	44	-0.19040084284869796
19	44	-0.19040084284869874
29	44	-0.19040084284869907
30	44	-0.1904008428486991
31	44	-0.19040084284869915
36	44	-0.1904008428486992
23	44	-0.19040084284869935
28	44	-0.1904008428486995
38	44	-0.1904008428486995
20	44	-0.19040084284869963
32	44	-0.1904008428486997
27	44	-0.19040084284869974
37	44	-0.1904008428486998
22	44	-0.19040084284869982
39	44	-0.19040084284869987
24	44	-0.1904008428486999
25	44	-0.1904008428487
26	44	-0.1904008428487
21	44	-0.19040084284870012
5	27	-0.20815592539508093
5	39	-0.20815592539508096
5	32	-0.20815592539508124
5	37	-0.20815592539508124
5	38	-0.20815592539508138
5	28	-0.20815592539508146
5	36	-0.20815592539508154
5	29	-0.20815592539508163
5	34	-0.20815592539508163
5	12	-0.20815592539508168
5	35	-0.2081559253950817
5	26	-0.20815592539508174
5	30	-0.20815592539508176
5	33	-0.20815592539508176
5	13	-0.20815592539508185
5	14	-0.20815592539508188
5	25	-0.20815592539508188
5	31	-0.20815592539508188
5	18	-0.2081559253950819
5	16	-0.208155925395082
5	17	-0.2081559253950821
5	19	-0.2081559253950822
5	15	-0.2081559253950823
5	20	-0.2081559253950825
5	23	-0.2081559253950825
5	24	-0.2081559253950825
5	22	-0.20815592539508282
5	21	-0.20815592539508296
6	14	-0.21055423083233088
6	12	-0.2105542308323311
6	13	-0.21055423083233116
6	18	-0.21055423083233132
6	16	-0.21055423083233138
6	17	-0.21055423083233155
6	15	-0.21055423083233157
6	19	-0.2105542308323316
6	24	-0.2105542308323317
6	27	-0.2105542308323317
6	25	-0.21055423083233177
6	37	-0.2105542308323318
6	38	-0.2105542308323318
6	20	-0.21055423083233182
6	39	-0.21055423083233185
6	36	-0.21055423083233188
6	22	-0.21055423083233193
6	32	-0.21055423083233193
6	23	-0.210554230832332
6	28	-0.210554230832332
6	29	-0.210554230832332
6	33	-0.21055423083233205
6	34	-0.21055423083233207
6	21	-0.2105542308323321
6	31	-0.2105542308323321
6	26	-0.21055423083233216
6	30	-0.2105542308323322
6	35	-0.2105542308323324
