#====================================================================================================
# This result is computed using convolution with a 3x3 matrix on mean-field DCA
# The first and second columns are site pairs. The third column represents interaction score
#====================================================================================================
2	35	0.13729507425397214
1	35	0.07423519557784022
2	36	0.07227670871694197
3	35	0.06499308517352884
2	34	0.060464276579069325
4	35	0.044180125715537776
2	33	0.04141834997232265
3	36	0.041394302943443984
1	34	0.039349102747322645
1	36	0.036002271582639904
1	33	0.023319668604956958
3	34	0.023264191661754252
4	36	0.022769246592507682
34	36	0.014543326534644348
1	3	0.01454332653464426
3	33	0.013766158328019536
4	34	0.012324859583770728
22	31	0.006037682684166199
23	31	0.0060376826841661325
16	31	0.0060376826841661065
16	29	0.006037682684166077
18	32	0.0060376826841659886
23	32	0.006037682684165982
21	31	0.006037682684165972
22	32	0.00603768268416596
21	30	0.006037682684165893
21	29	0.006037682684165846
20	29	0.0060376826841658324
18	31	0.006037682684165808
19	29	0.006037682684165798
20	32	0.006037682684165767
21	32	0.006037682684165754
16	30	0.006037682684165741
22	29	0.00603768268416573
20	31	0.006037682684165713
17	31	0.006037682684165688
23	29	0.006037682684165654
27	32	0.00603768268416564
24	32	0.006037682684165624
20	30	0.0060376826841656
18	29	0.006037682684165588
16	24	0.006037682684165575
19	32	0.006037682684165568
22	30	0.006037682684165546
12	17	0.006037682684165517
14	19	0.006037682684165494
15	24	0.006037682684165486
16	25	0.00603768268416542
15	29	0.006037682684165403
12	18	0.0060376826841654
17	32	0.006037682684165397
5	26	0.006037682684165372
15	31	0.006037682684165371
17	24	0.006037682684165354
19	31	0.00603768268416535
17	29	0.006037682684165335
14	24	0.006037682684165291
19	30	0.006037682684165276
13	18	0.006037682684165274
14	25	0.006037682684165274
13	29	0.00603768268416526
16	32	0.006037682684165257
8	15	0.006037682684165236
15	25	0.0060376826841652236
5	24	0.006037682684165215
18	30	0.00603768268416521
16	26	0.006037682684165205
16	27	0.006037682684165205
5	20	0.006037682684165176
11	18	0.0060376826841651715
14	29	0.006037682684165164
22	27	0.006037682684165154
10	17	0.006037682684165143
17	26	0.006037682684165132
23	30	0.006037682684165126
15	23	0.006037682684165123
17	25	0.006037682684165114
14	23	0.006037682684165106
5	25	0.006037682684165098
17	30	0.006037682684165096
15	26	0.006037682684165092
9	26	0.006037682684165078
19	24	0.006037682684165078
18	24	0.006037682684165076
11	17	0.006037682684165072
11	29	0.006037682684165064
17	22	0.0060376826841650535
10	15	0.006037682684165052
10	16	0.006037682684165042
13	25	0.006037682684165038
19	28	0.006037682684165038
13	24	0.006037682684165025
20	26	0.006037682684165022
12	19	0.006037682684165018
17	27	0.006037682684165011
8	13	0.0060376826841650084
10	18	0.0060376826841650015
13	26	0.006037682684164998
13	19	0.006037682684164985
16	23	0.006037682684164985
15	20	0.006037682684164974
21	27	0.006037682684164974
20	28	0.006037682684164968
15	30	0.006037682684164965
23	28	0.00603768268416496
15	22	0.006037682684164946
22	28	0.006037682684164945
19	26	0.006037682684164943
16	21	0.0060376826841649425
9	17	0.006037682684164937
11	19	0.00603768268416493
19	27	0.0060376826841649234
21	26	0.006037682684164914
14	26	0.006037682684164911
18	27	0.006037682684164904
13	31	0.006037682684164903
12	23	0.006037682684164896
15	27	0.006037682684164892
15	21	0.00603768268416489
9	15	0.006037682684164882
10	26	0.006037682684164879
16	28	0.0060376826841648775
5	22	0.00603768268416487
9	16	0.0060376826841648645
9	21	0.006037682684164864
13	23	0.006037682684164862
11	28	0.00603768268416486
16	22	0.006037682684164851
20	27	0.006037682684164849
21	28	0.00603768268416484
5	10	0.006037682684164821
20	25	0.006037682684164819
18	26	0.006037682684164812
17	23	0.006037682684164783
8	14	0.006037682684164782
6	20	0.006037682684164781
10	24	0.006037682684164779
15	28	0.006037682684164779
14	27	0.006037682684164777
10	22	0.006037682684164776
8	16	0.006037682684164773
11	24	0.006037682684164768
11	16	0.0060376826841647665
12	24	0.006037682684164752
5	21	0.006037682684164738
6	25	0.006037682684164731
13	30	0.0060376826841647266
19	25	0.006037682684164724
6	24	0.006037682684164722
12	26	0.006037682684164715
14	28	0.0060376826841647075
10	21	0.006037682684164704
14	20	0.006037682684164704
18	25	0.006037682684164703
5	23	0.0060376826841647005
7	12	0.006037682684164698
8	25	0.006037682684164697
11	23	0.006037682684164697
11	20	0.006037682684164692
17	28	0.006037682684164681
11	26	0.00603768268416468
13	21	0.006037682684164673
9	14	0.006037682684164671
11	25	0.006037682684164669
11	30	0.006037682684164665
14	31	0.006037682684164664
11	21	0.006037682684164657
18	28	0.006037682684164656
11	31	0.006037682684164649
7	15	0.006037682684164648
9	24	0.00603768268416463
12	29	0.006037682684164624
11	22	0.006037682684164622
10	20	0.00603768268416462
6	26	0.006037682684164613
11	27	0.006037682684164613
13	27	0.006037682684164606
8	17	0.006037682684164597
12	30	0.006037682684164597
9	23	0.00603768268416458
10	25	0.006037682684164579
9	19	0.0060376826841645696
8	24	0.006037682684164566
9	30	0.006037682684164554
8	21	0.0060376826841645505
13	28	0.006037682684164549
8	26	0.006037682684164548
7	25	0.006037682684164542
13	20	0.006037682684164532
9	25	0.006037682684164513
9	20	0.006037682684164507
18	23	0.006037682684164498
8	19	0.006037682684164487
14	21	0.006037682684164471
6	21	0.006037682684164469
13	22	0.006037682684164467
7	26	0.006037682684164461
7	24	0.006037682684164454
10	23	0.006037682684164453
15	32	0.006037682684164453
9	18	0.006037682684164449
25	32	0.006037682684164444
12	27	0.006037682684164434
7	14	0.006037682684164431
12	25	0.0060376826841644195
14	22	0.006037682684164402
7	13	0.006037682684164399
6	23	0.00603768268416439
7	19	0.006037682684164387
7	21	0.006037682684164386
9	27	0.006037682684164354
12	22	0.006037682684164349
14	30	0.00603768268416434
7	20	0.006037682684164332
5	28	0.006037682684164331
6	22	0.006037682684164329
7	17	0.006037682684164303
6	27	0.0060376826841643015
10	19	0.006037682684164289
6	11	0.006037682684164286
10	28	0.006037682684164273
5	18	0.0060376826841642625
9	29	0.006037682684164257
8	22	0.006037682684164249
10	27	0.006037682684164247
12	20	0.006037682684164219
12	28	0.006037682684164209
8	20	0.006037682684164208
9	22	0.006037682684164207
12	21	0.0060376826841642
5	19	0.006037682684164193
13	32	0.006037682684164189
6	12	0.006037682684164181
7	16	0.006037682684164172
8	23	0.00603768268416417
6	28	0.006037682684164163
5	30	0.006037682684164157
8	18	0.006037682684164155
5	27	0.006037682684164152
9	32	0.006037682684164137
14	32	0.00603768268416413
11	32	0.006037682684164107
9	28	0.006037682684164106
6	14	0.0060376826841640995
6	30	0.006037682684164069
7	28	0.0060376826841640596
7	23	0.006037682684164028
10	29	0.006037682684163994
10	30	0.006037682684163991
7	27	0.006037682684163987
7	22	0.006037682684163984
9	31	0.006037682684163981
8	28	0.006037682684163979
6	15	0.006037682684163976
8	29	0.006037682684163973
12	31	0.006037682684163968
8	30	0.006037682684163967
6	19	0.006037682684163939
6	18	0.006037682684163924
24	31	0.00603768268416392
8	27	0.006037682684163917
6	17	0.006037682684163869
7	30	0.006037682684163859
6	16	0.006037682684163848
10	32	0.006037682684163846
5	14	0.006037682684163843
8	32	0.006037682684163842
7	18	0.006037682684163818
6	13	0.00603768268416378
5	12	0.006037682684163779
7	29	0.006037682684163747
8	31	0.006037682684163656
10	31	0.006037682684163612
7	32	0.006037682684163603
12	32	0.0060376826841634975
25	31	0.006037682684163496
5	11	0.006037682684163491
5	13	0.0060376826841634776
26	32	0.006037682684163401
6	32	0.006037682684163395
5	15	0.006037682684163305
5	29	0.006037682684163299
6	29	0.0060376826841632945
25	30	0.006037682684163265
5	16	0.0060376826841632295
7	31	0.006037682684163163
5	31	0.006037682684163121
6	31	0.006037682684163076
5	17	0.006037682684163043
24	29	0.006037682684162878
5	32	0.006037682684162866
26	31	0.006037682684162487
24	30	0.006037682684161846
35	36	0.0037655078401580746
1	2	0.0037655078401580295
2	3	0.0037655078401579818
34	35	0.003765507840157967
4	33	0.002929774370351498
4	5	0.0004188699121856869
25	26	0.00041886991218565914
5	7	0.0004188699121856383
4	7	0.00041886991218563485
31	33	0.00041886991218562444
5	8	0.0004188699121856071
6	7	0.0004188699121856071
25	27	0.0004188699121855932
10	13	0.00041886991218557934
5	6	0.00041886991218557587
11	13	0.00041886991218557587
11	14	0.00041886991218556893
6	9	0.00041886991218556546
25	29	0.000418869912185562
4	8	0.0004188699121855585
29	33	0.0004188699121855585
27	31	0.00041886991218555505
21	25	0.0004188699121855516
24	27	0.0004188699121855516
26	30	0.00041886991218554465
13	14	0.0004188699121855377
7	11	0.00041886991218553424
6	8	0.00041886991218553077
29	30	0.00041886991218553077
14	17	0.0004188699121855273
27	30	0.0004188699121855273
11	15	0.00041886991218552383
27	28	0.00041886991218552383
10	11	0.00041886991218552036
14	18	0.00041886991218552036
28	32	0.00041886991218552036
18	22	0.00041886991218550995
28	31	0.00041886991218550995
13	16	0.00041886991218549954
21	22	0.0004188699121854961
18	19	0.0004188699121854926
29	31	0.0004188699121854926
5	9	0.00041886991218548913
8	10	0.00041886991218548913
13	15	0.00041886991218548913
24	28	0.00041886991218548913
15	19	0.00041886991218548567
26	29	0.00041886991218548567
28	30	0.00041886991218548567
7	9	0.0004188699121854787
24	25	0.0004188699121854787
26	28	0.0004188699121854787
16	20	0.00041886991218547526
23	25	0.00041886991218547526
4	6	0.0004188699121854718
13	17	0.0004188699121854718
11	12	0.0004188699121854683
23	24	0.0004188699121854683
27	29	0.00041886991218546485
18	21	0.0004188699121854614
23	27	0.0004188699121854614
18	20	0.0004188699121854579
21	23	0.0004188699121854579
10	12	0.00041886991218545097
21	24	0.00041886991218545097
8	11	0.00041886991218544403
30	33	0.00041886991218544056
14	16	0.0004188699121854336
22	25	0.00041886991218543015
7	10	0.0004188699121854267
16	18	0.0004188699121854267
20	22	0.0004188699121854267
22	23	0.0004188699121854267
31	32	0.0004188699121854267
8	12	0.0004188699121854232
30	32	0.00041886991218541975
12	16	0.0004188699121854163
29	32	0.0004188699121854163
30	31	0.0004188699121854163
28	29	0.0004188699121854128
19	23	0.00041886991218540934
9	13	0.00041886991218540587
26	27	0.00041886991218540587
17	19	0.0004188699121854024
12	13	0.00041886991218539546
16	19	0.000418869912185392
17	21	0.000418869912185392
20	23	0.000418869912185392
32	33	0.000418869912185392
9	10	0.0004188699121853885
14	15	0.0004188699121853885
9	11	0.00041886991218538505
9	12	0.0004188699121853781
12	14	0.0004188699121853781
17	20	0.0004188699121853781
19	22	0.0004188699121853781
6	10	0.00041886991218537464
10	14	0.0004188699121853712
15	18	0.0004188699121853712
24	26	0.0004188699121853712
22	24	0.0004188699121853677
15	17	0.00041886991218536423
8	9	0.00041886991218536077
19	21	0.00041886991218536077
20	21	0.00041886991218536077
15	16	0.0004188699121853573
7	8	0.00041886991218533995
20	24	0.00041886991218533995
22	26	0.0004188699121853365
19	20	0.000418869912185333
16	17	0.0004188699121853226
23	26	0.00041886991218531913
17	18	0.00041886991218526015
12	15	0.00041886991218524974
25	28	0.0004188699121846391
2	6	-0.0008063812766126856
2	5	-0.0008063812766127259
32	35	-0.0008063812766128707
31	35	-0.0008063812766128716
2	4	-0.0008063812766129302
33	35	-0.0008063812766129319
32	36	-0.0017562009022983553
3	7	-0.0017562009022984513
32	34	-0.001756200902298458
3	4	-0.001756200902298507
1	5	-0.0017562009022985127
3	5	-0.0017562009022985138
30	34	-0.001756200902298547
31	34	-0.0017562009022985526
1	4	-0.0017562009022985573
3	6	-0.0017562009022985647
33	34	-0.001756200902298655
33	36	-0.0017562009022987109
26	33	-0.004612852114644837
24	33	-0.004612852114644898
25	33	-0.004612852114645037
23	33	-0.004612852114645255
20	33	-0.004612852114645462
22	33	-0.004612852114645486
21	33	-0.004612852114645505
28	33	-0.004612852114645624
19	33	-0.004612852114645724
27	33	-0.004612852114645774
15	33	-0.0046128521146458264
18	33	-0.004612852114645855
9	33	-0.004612852114646072
17	33	-0.004612852114646129
16	33	-0.00461285211464614
10	33	-0.004612852114646165
11	33	-0.004612852114646225
12	33	-0.004612852114646622
8	33	-0.004612852114646666
14	33	-0.004612852114646715
13	33	-0.004612852114646716
7	33	-0.004612852114646949
6	33	-0.004612852114646999
5	33	-0.0046128521146472645
4	9	-0.004852565172403102
4	26	-0.004852565172403186
4	25	-0.004852565172403274
4	20	-0.004852565172403399
4	24	-0.004852565172403424
4	28	-0.00485256517240357
4	30	-0.004852565172403583
4	19	-0.004852565172403631
4	18	-0.004852565172403672
4	23	-0.004852565172403767
4	22	-0.004852565172403794
4	10	-0.004852565172403821
4	21	-0.004852565172403914
4	27	-0.004852565172404018
4	29	-0.0048525651724040456
4	14	-0.0048525651724041635
4	12	-0.0048525651724042294
4	31	-0.004852565172404268
4	13	-0.0048525651724042815
4	32	-0.004852565172404522
4	16	-0.0048525651724045625
4	15	-0.004852565172404691
4	11	-0.0048525651724046995
4	17	-0.0048525651724047585
11	34	-0.008418720218059374
25	34	-0.008418720218059852
10	34	-0.008418720218059894
26	34	-0.008418720218059896
9	34	-0.008418720218059953
24	34	-0.008418720218060147
12	34	-0.008418720218060158
15	34	-0.008418720218060161
14	34	-0.008418720218060187
13	34	-0.0084187202180603
16	34	-0.008418720218060359
20	34	-0.008418720218060454
6	34	-0.008418720218060479
8	34	-0.008418720218060484
7	34	-0.008418720218060553
19	34	-0.008418720218060657
28	34	-0.00841872021806079
21	34	-0.008418720218060803
17	34	-0.008418720218060807
5	34	-0.00841872021806084
29	34	-0.008418720218060897
18	34	-0.008418720218060931
27	34	-0.008418720218060937
23	34	-0.008418720218061
22	34	-0.008418720218061075
3	8	-0.009143983772221247
3	9	-0.009143983772222369
3	10	-0.009143983772222565
3	12	-0.00914398377222271
3	18	-0.009143983772222732
3	13	-0.009143983772222879
3	19	-0.009143983772223
3	29	-0.009143983772223037
3	14	-0.009143983772223085
3	24	-0.009143983772223103
3	20	-0.009143983772223151
3	11	-0.009143983772223183
3	25	-0.009143983772223216
3	31	-0.009143983772223257
3	16	-0.009143983772223297
3	30	-0.00914398377222333
3	17	-0.009143983772223342
3	26	-0.009143983772223382
3	22	-0.009143983772223436
3	28	-0.009143983772223495
3	27	-0.009143983772223531
3	23	-0.009143983772223587
3	21	-0.009143983772223639
3	15	-0.009143983772223646
3	32	-0.009143983772223696
11	36	-0.01136774832456586
12	36	-0.011367748324565989
5	36	-0.011367748324566072
13	36	-0.011367748324566223
6	36	-0.011367748324566232
7	36	-0.011367748324566312
8	36	-0.011367748324566352
9	36	-0.011367748324566412
15	36	-0.011367748324566423
16	36	-0.011367748324566426
10	36	-0.011367748324566442
14	36	-0.011367748324566652
17	36	-0.011367748324566884
26	36	-0.011367748324567183
31	36	-0.011367748324567294
18	36	-0.011367748324567335
25	36	-0.011367748324567398
30	36	-0.01136774832456757
19	36	-0.011367748324567597
24	36	-0.011367748324567727
21	36	-0.011367748324567752
20	36	-0.011367748324567845
27	36	-0.01136774832456788
23	36	-0.011367748324567929
28	36	-0.011367748324567975
22	36	-0.011367748324568033
29	36	-0.011367748324568203
1	7	-0.011536621634050368
1	6	-0.011536621634050398
1	8	-0.0115366216340505
1	9	-0.011536621634050866
1	10	-0.01153662163405109
1	18	-0.011536621634051163
1	12	-0.011536621634051168
1	13	-0.011536621634051222
1	17	-0.011536621634051248
1	14	-0.011536621634051267
1	15	-0.011536621634051336
1	11	-0.011536621634051348
1	16	-0.011536621634051407
1	32	-0.011536621634051418
1	19	-0.011536621634051477
1	29	-0.011536621634051558
1	31	-0.011536621634051558
1	27	-0.011536621634051598
1	20	-0.011536621634051693
1	30	-0.011536621634051846
1	21	-0.0115366216340519
1	22	-0.011536621634051916
1	28	-0.011536621634051922
1	25	-0.01153662163405193
1	23	-0.011536621634051994
1	26	-0.011536621634051995
1	24	-0.011536621634052047
2	8	-0.021363571253219773
2	7	-0.0213635712532198
2	9	-0.02136357125322031
2	18	-0.021363571253220453
2	12	-0.021363571253220727
2	29	-0.021363571253220765
2	17	-0.02136357125322077
2	14	-0.021363571253220782
2	10	-0.02136357125322079
2	32	-0.02136357125322085
2	19	-0.02136357125322092
2	13	-0.021363571253220935
2	31	-0.021363571253220956
2	15	-0.021363571253221074
2	11	-0.021363571253221116
2	27	-0.021363571253221126
2	30	-0.021363571253221213
2	16	-0.02136357125322124
2	28	-0.02136357125322126
2	20	-0.02136357125322141
2	26	-0.021363571253221515
2	24	-0.021363571253221622
2	23	-0.021363571253221667
2	21	-0.021363571253221685
2	22	-0.021363571253221685
2	25	-0.021363571253221685
11	35	-0.021621315288313146
5	35	-0.021621315288313465
12	35	-0.021621315288313493
10	35	-0.021621315288313687
6	35	-0.02162131528831382
9	35	-0.021621315288313906
7	35	-0.021621315288314062
13	35	-0.021621315288314184
8	35	-0.021621315288314364
14	35	-0.02162131528831439
15	35	-0.021621315288314437
16	35	-0.021621315288314492
17	35	-0.02162131528831507
30	35	-0.02162131528831516
25	35	-0.021621315288315453
26	35	-0.021621315288315547
21	35	-0.021621315288315568
24	35	-0.021621315288315707
20	35	-0.021621315288315776
23	35	-0.021621315288315842
19	35	-0.021621315288315866
27	35	-0.021621315288315936
22	35	-0.021621315288315943
28	35	-0.021621315288315974
18	35	-0.021621315288316213
29	35	-0.021621315288316234
