#====================================================================================================
# This result is computed using convolution with a 3x3 matrix on mean-field DCA
# The first and second columns are site pairs. The third column represents interaction score
#====================================================================================================
43	48	0.060558062119065774
37	44	0.060558062119064525
36	48	0.06055806211906431
37	48	0.060558062119064206
36	44	0.06055806211906414
37	47	0.060558062119064116
37	45	0.060558062119064074
36	43	0.060558062119063824
36	47	0.060558062119063824
37	46	0.060558062119063824
37	43	0.06055806211906356
2	44	0.060558062119062984
36	46	0.060558062119062894
36	45	0.06055806211906253
2	37	0.06055806211906249
2	43	0.06055806211906242
3	44	0.060558062119062256
2	36	0.060558062119062235
2	48	0.060558062119062214
2	47	0.0605580621190622
2	46	0.060558062119062145
2	45	0.06055806211906211
3	43	0.06055806211906196
3	48	0.06055806211906164
3	46	0.06055806211906155
3	45	0.06055806211906145
4	44	0.06055806211906128
3	47	0.06055806211906127
4	46	0.060558062119061125
4	43	0.06055806211906111
4	45	0.060558062119061
3	37	0.06055806211906098
4	48	0.06055806211906076
3	36	0.0605580621190607
4	37	0.060558062119060646
4	36	0.06055806211906056
4	47	0.06055806211906013
45	50	0.048674885756314776
37	50	0.048674885756314366
44	50	0.04867488575631386
36	50	0.04867488575631382
3	50	0.04867488575631367
2	50	0.04867488575631354
4	50	0.04867488575631339
43	50	0.048674885756313346
42	51	0.04624572821465154
44	49	0.045592316702370635
36	49	0.04559231670236993
43	49	0.045592316702369635
2	49	0.04559231670236918
37	49	0.045592316702369115
3	49	0.04559231670236894
4	49	0.04559231670236747
42	48	0.045255480603225484
42	47	0.04525548060322509
3	42	0.04335236412629489
2	42	0.04335236412629483
37	51	0.04335236412629466
36	42	0.043352364126294306
2	51	0.04335236412629408
4	42	0.04335236412629385
4	51	0.04335236412629384
3	51	0.04335236412629383
36	51	0.043352364126293744
37	42	0.04335236412629368
46	51	0.04335236412629262
45	51	0.04335236412629239
44	51	0.0433523641262923
43	51	0.043352364126291135
42	50	0.04258865354435636
1	44	0.039522931483278075
1	47	0.03952293148327783
1	43	0.03952293148327781
1	48	0.039522931483277686
1	37	0.03952293148327764
1	45	0.039522931483277554
1	46	0.039522931483277554
1	36	0.03952293148327736
42	49	0.03711180127298272
1	50	0.03175941538010352
1	42	0.030450726647005644
1	51	0.030450726647004635
37	52	0.028621997594178463
46	52	0.02862199759417823
44	52	0.0286219975941773
47	52	0.028621997594177075
43	52	0.02862199759417683
45	52	0.028621997594176593
36	52	0.02862199759417648
2	38	0.028621997594175823
2	52	0.02862199759417571
3	38	0.028621997594175608
4	38	0.028621997594175146
4	52	0.02862199759417456
3	52	0.028621997594174556
35	47	0.027903208178939876
35	48	0.027903208178939473
35	44	0.02790320817893934
35	43	0.027903208178939255
35	46	0.02790320817893876
35	45	0.027903208178938373
1	49	0.027606614166354168
38	45	0.026330680572346405
38	47	0.02633068057234632
38	48	0.02633068057234632
38	46	0.026330680572346304
38	44	0.026330680572345826
38	43	0.026330680572345364
5	46	0.026330680572344056
5	45	0.02633068057234405
5	43	0.026330680572344046
5	44	0.026330680572343966
5	48	0.026330680572343872
5	47	0.026330680572343355
5	36	0.026330680572343255
5	37	0.026330680572343113
2	35	0.023842063951686157
4	35	0.023842063951685602
3	35	0.02384206395168527
35	42	0.02281677938264568
35	51	0.02281677938264544
7	27	0.022656669963157818
8	27	0.022656669963157443
9	27	0.022656669963157287
12	30	0.022656669963157253
12	31	0.022656669963157093
7	19	0.02265666996315707
13	30	0.02265666996315707
12	33	0.02265666996315706
13	31	0.022656669963157055
8	19	0.02265666996315704
12	29	0.022656669963157027
8	23	0.022656669963157013
11	27	0.022656669963157013
9	19	0.02265666996315699
7	26	0.022656669963156986
7	18	0.022656669963156982
7	28	0.022656669963156975
7	23	0.022656669963156958
7	25	0.02265666996315693
10	29	0.022656669963156913
8	18	0.02265666996315687
11	29	0.022656669963156864
8	17	0.02265666996315685
7	16	0.022656669963156812
9	23	0.022656669963156805
7	17	0.022656669963156798
8	28	0.022656669963156795
8	21	0.02265666996315679
10	25	0.022656669963156774
12	28	0.022656669963156757
9	28	0.02265666996315675
13	33	0.02265666996315675
9	21	0.02265666996315674
12	32	0.02265666996315674
11	25	0.022656669963156736
7	21	0.022656669963156722
13	32	0.02265666996315671
14	31	0.02265666996315669
10	33	0.02265666996315668
11	33	0.02265666996315668
10	27	0.02265666996315667
9	25	0.022656669963156663
8	16	0.022656669963156635
10	19	0.022656669963156628
14	32	0.022656669963156628
9	29	0.022656669963156583
11	32	0.022656669963156576
10	23	0.022656669963156555
7	20	0.022656669963156538
11	31	0.022656669963156535
8	20	0.022656669963156503
7	22	0.022656669963156496
7	54	0.022656669963156486
10	32	0.02265666996315648
11	16	0.022656669963156476
11	28	0.022656669963156476
10	16	0.022656669963156472
12	27	0.022656669963156472
8	26	0.022656669963156458
12	25	0.022656669963156458
11	30	0.022656669963156437
8	25	0.022656669963156434
14	33	0.022656669963156434
10	21	0.02265666996315643
11	23	0.02265666996315643
13	29	0.022656669963156423
9	26	0.02265666996315642
8	24	0.022656669963156413
10	28	0.022656669963156413
9	18	0.022656669963156406
14	30	0.022656669963156392
7	24	0.022656669963156368
10	17	0.022656669963156344
10	18	0.022656669963156316
10	30	0.022656669963156295
9	24	0.02265666996315628
11	26	0.022656669963156278
9	16	0.022656669963156274
9	22	0.022656669963156274
9	17	0.022656669963156267
8	22	0.02265666996315625
9	20	0.02265666996315624
9	33	0.022656669963156226
7	29	0.022656669963156188
18	27	0.022656669963156177
8	29	0.02265666996315615
10	24	0.022656669963156146
8	33	0.02265666996315613
11	54	0.0226566699631561
13	19	0.022656669963156052
13	23	0.022656669963156035
10	31	0.022656669963156028
11	19	0.022656669963156024
7	32	0.02265666996315602
17	27	0.022656669963156018
12	23	0.022656669963156014
19	27	0.022656669963156014
11	24	0.022656669963156004
9	32	0.022656669963155993
11	17	0.02265666996315598
7	33	0.022656669963155976
12	26	0.02265666996315597
9	30	0.022656669963155962
10	26	0.022656669963155962
8	54	0.022656669963155955
14	19	0.02265666996315592
12	18	0.022656669963155893
8	32	0.02265666996315588
10	20	0.02265666996315585
9	54	0.02265666996315583
12	54	0.022656669963155823
14	29	0.022656669963155802
12	17	0.0226566699631558
13	27	0.022656669963155785
13	28	0.022656669963155775
21	27	0.02265666996315577
19	25	0.022656669963155768
15	24	0.022656669963155757
12	19	0.02265666996315575
10	22	0.022656669963155733
18	25	0.0226566699631557
10	54	0.022656669963155684
11	18	0.02265666996315568
13	18	0.02265666996315567
15	21	0.022656669963155636
11	21	0.022656669963155622
12	24	0.022656669963155598
9	31	0.022656669963155594
7	30	0.02265666996315559
13	24	0.02265666996315558
7	31	0.022656669963155573
13	25	0.022656669963155563
18	23	0.022656669963155542
17	24	0.022656669963155535
18	24	0.02265666996315553
8	30	0.02265666996315552
18	26	0.022656669963155487
11	22	0.02265666996315547
15	23	0.022656669963155466
13	54	0.02265666996315546
15	22	0.022656669963155435
14	23	0.022656669963155403
8	31	0.0226566699631554
17	23	0.02265666996315538
16	27	0.022656669963155338
20	27	0.022656669963155265
11	20	0.02265666996315523
19	24	0.022656669963155227
12	21	0.022656669963155213
19	26	0.022656669963155195
13	26	0.022656669963155192
17	26	0.022656669963155164
16	24	0.022656669963155154
15	20	0.022656669963155147
16	23	0.022656669963155147
13	20	0.02265666996315509
17	22	0.022656669963155074
21	26	0.02265666996315506
15	27	0.022656669963155008
17	28	0.022656669963154998
22	27	0.022656669963154998
14	28	0.022656669963154994
14	25	0.022656669963154977
20	25	0.022656669963154935
17	25	0.022656669963154914
14	24	0.022656669963154883
14	21	0.022656669963154873
13	21	0.02265666996315486
15	25	0.02265666996315486
20	28	0.022656669963154852
12	22	0.02265666996315483
14	27	0.02265666996315483
13	22	0.02265666996315474
12	20	0.022656669963154737
16	22	0.022656669963154734
16	26	0.022656669963154723
14	20	0.022656669963154717
15	32	0.02265666996315471
16	28	0.02265666996315469
16	21	0.022656669963154682
18	28	0.022656669963154682
19	28	0.022656669963154682
14	54	0.02265666996315468
23	28	0.022656669963154658
15	33	0.022656669963154633
14	22	0.022656669963154605
20	29	0.022656669963154602
15	31	0.02265666996315454
20	26	0.022656669963154522
15	26	0.022656669963154515
10	15	0.02265666996315446
16	25	0.02265666996315446
16	29	0.022656669963154446
7	15	0.022656669963154318
15	28	0.022656669963154276
21	28	0.02265666996315426
14	26	0.022656669963154213
9	15	0.02265666996315417
16	33	0.02265666996315415
16	32	0.022656669963154123
15	29	0.022656669963154102
17	29	0.022656669963154068
19	29	0.022656669963154016
15	30	0.0226566699631539
22	28	0.022656669963153853
18	29	0.02265666996315377
16	30	0.02265666996315366
21	29	0.02265666996315366
8	15	0.022656669963153644
24	29	0.022656669963153624
16	31	0.022656669963153592
23	29	0.02265666996315358
26	32	0.022656669963153537
25	30	0.02265666996315347
9	14	0.022656669963153388
22	29	0.022656669963153384
20	30	0.022656669963153336
33	54	0.022656669963153214
7	14	0.0226566699631532
31	54	0.02265666996315317
20	31	0.022656669963153138
26	33	0.022656669963153103
32	54	0.02265666996315302
15	54	0.022656669963152975
20	32	0.022656669963152947
26	31	0.022656669963152933
27	32	0.022656669963152916
21	30	0.022656669963152857
20	33	0.022656669963152774
27	33	0.022656669963152735
18	33	0.022656669963152732
18	32	0.02265666996315273
28	33	0.02265666996315273
17	32	0.022656669963152715
22	32	0.022656669963152687
30	54	0.022656669963152683
29	54	0.022656669963152666
25	33	0.022656669963152635
21	31	0.02265666996315262
25	32	0.02265666996315262
17	33	0.0226566699631525
24	30	0.02265666996315247
21	32	0.022656669963152454
22	31	0.022656669963152416
24	33	0.0226566699631524
22	30	0.022656669963152354
8	14	0.02265666996315234
25	31	0.02265666996315234
22	33	0.022656669963152208
19	33	0.022656669963152205
18	31	0.0226566699631522
21	33	0.02265666996315218
16	54	0.022656669963152135
19	32	0.02265666996315213
18	30	0.0226566699631521
7	13	0.022656669963152076
17	30	0.02265666996315203
17	31	0.022656669963152003
26	54	0.022656669963151792
25	54	0.022656669963151747
24	54	0.022656669963151733
19	30	0.022656669963151722
28	54	0.022656669963151722
24	31	0.02265666996315168
19	31	0.022656669963151667
24	32	0.022656669963151608
20	54	0.022656669963151535
19	54	0.022656669963151355
21	54	0.022656669963151344
18	54	0.022656669963151244
23	33	0.022656669963151216
7	12	0.022656669963151094
27	54	0.022656669963150997
23	32	0.022656669963150994
22	54	0.022656669963150983
17	54	0.022656669963150976
23	30	0.022656669963150695
23	54	0.022656669963150584
8	13	0.022656669963150432
23	31	0.022656669963150355
38	49	0.022507326672497913
5	49	0.022507326672496178
35	50	0.02215851017022088
41	51	0.02162117614517175
38	50	0.02135745445998004
5	50	0.02135745445997913
1	35	0.020163353262001527
38	52	0.019875982908539657
5	52	0.01987598290853769
5	38	0.01987598290853762
42	52	0.017863200566174194
35	49	0.01748124725008103
41	50	0.016439569615553654
41	47	0.015190662769569032
41	48	0.015190662769568833
41	46	0.015190662769568814
38	51	0.01497220374890517
5	51	0.014972203748904978
5	42	0.014972203748904336
13	55	0.014959998049702411
12	55	0.014959998049702272
11	55	0.014959998049702255
7	55	0.014959998049702194
14	55	0.014959998049702168
8	55	0.014959998049701948
10	55	0.014959998049701839
9	55	0.014959998049701698
15	55	0.01495999804970111
33	55	0.014959998049700706
31	55	0.014959998049700482
30	55	0.014959998049700367
32	55	0.014959998049700189
16	55	0.014959998049700149
29	55	0.01495999804969983
24	55	0.01495999804969951
18	55	0.01495999804969948
25	55	0.014959998049699446
26	55	0.014959998049699438
17	55	0.014959998049699389
28	55	0.014959998049699386
21	55	0.01495999804969925
19	55	0.014959998049699167
20	55	0.014959998049699157
27	55	0.01495999804969897
22	55	0.014959998049698853
23	55	0.014959998049698803
41	49	0.014698184246613328
1	38	0.014094176139905039
1	52	0.014094176139905
35	41	0.013157885674348155
1	41	0.01239983715882776
36	41	0.011958887588938363
4	41	0.01195888758893799
3	41	0.011958887588937787
2	41	0.011958887588937551
12	40	0.0109299305536288
13	40	0.010929930553628679
11	40	0.010929930553628672
10	40	0.01092993055362855
8	40	0.010929930553628335
7	40	0.010929930553628186
9	40	0.010929930553628153
14	40	0.010929930553628042
33	40	0.010929930553627523
32	40	0.010929930553627131
30	40	0.010929930553626718
31	40	0.010929930553626512
15	40	0.0109299305536265
26	40	0.010929930553626403
16	40	0.010929930553626226
22	40	0.010929930553626196
21	40	0.010929930553626108
25	40	0.01092993055362591
20	40	0.010929930553625858
29	40	0.010929930553625816
18	40	0.010929930553625782
24	40	0.01092993055362569
28	40	0.010929930553625547
17	40	0.010929930553625442
27	40	0.010929930553625379
19	40	0.010929930553625114
23	40	0.01092993055362481
38	53	0.010320209366824366
5	39	0.010320209366823355
5	53	0.010320209366822644
40	54	0.010088572107638683
39	53	0.008968951919607407
6	53	0.008968951919606536
6	39	0.008968951919606526
40	55	0.008251365796127256
34	41	0.008230229792910007
39	52	0.007872332006473434
6	52	0.007872332006472867
6	38	0.007872332006471998
35	52	0.006358255768287723
34	40	0.004840737952790148
47	51	0.004201272489603103
44	48	0.004201272489603085
45	48	0.004201272489603082
46	48	0.0042012724896029795
47	48	0.004201272489602972
45	49	0.004201272489602883
42	45	0.004201272489602859
42	43	0.004201272489602828
4	5	0.0042012724896028225
46	49	0.004201272489602785
44	45	0.004201272489602784
46	47	0.004201272489602782
1	2	0.0042012724896027765
3	5	0.004201272489602763
42	46	0.004201272489602746
44	46	0.004201272489602726
42	44	0.004201272489602725
45	47	0.004201272489602724
35	36	0.0042012724896027115
44	47	0.004201272489602709
38	42	0.004201272489602702
43	44	0.0042012724896027
49	52	0.0042012724896026985
2	3	0.004201272489602697
35	37	0.004201272489602697
43	45	0.004201272489602697
37	38	0.004201272489602695
49	51	0.004201272489602692
43	47	0.004201272489602684
1	3	0.004201272489602675
36	38	0.0042012724896026065
2	4	0.004201272489602602
2	5	0.004201272489602576
51	52	0.004201272489602528
1	5	0.004201272489602525
3	4	0.004201272489602505
1	4	0.004201272489602441
36	37	0.004201272489602287
35	38	0.0042012724896022535
48	52	0.004201272489602142
48	49	0.004201272489602135
48	51	0.004201272489602135
43	46	0.004201272489602132
47	49	0.004201272489602127
45	46	0.004201272489602055
34	55	0.004055796957919409
1	34	0.0035964436756344663
12	34	0.003596044810495993
8	34	0.0035960448104958324
10	34	0.003596044810495613
11	34	0.003596044810495431
14	34	0.003596044810495396
9	34	0.003596044810495378
13	34	0.003596044810495312
7	34	0.0035960448104952036
16	34	0.003596044810494816
15	34	0.00359604481049471
29	34	0.003596044810494271
26	34	0.003596044810494136
27	34	0.0035960448104940127
17	34	0.0035960448104939763
24	34	0.0035960448104938635
18	34	0.00359604481049384
28	34	0.003596044810493807
25	34	0.0035960448104934706
20	34	0.0035960448104934524
19	34	0.0035960448104932997
21	34	0.003596044810493193
22	34	0.003596044810493161
23	34	0.0035960448104928825
34	42	0.0033596882641234744
34	51	0.0033596882641229835
46	53	0.0032639631953020947
43	53	0.003263963195302092
37	53	0.0032639631953019985
44	53	0.0032639631953018944
36	53	0.003263963195301008
48	53	0.0032639631953009004
45	53	0.0032639631953006766
47	53	0.003263963195300673
2	39	0.0032639631952998266
2	53	0.0032639631952996783
4	39	0.0032639631952995785
3	39	0.0032639631952994727
4	53	0.00326396319529915
3	53	0.0032639631952989844
6	16	0.003167044687552468
6	18	0.0031670446875524077
6	23	0.0031670446875523097
6	17	0.003167044687552308
6	25	0.0031670446875522603
6	27	0.0031670446875522455
6	19	0.0031670446875521714
6	26	0.0031670446875521068
6	24	0.003167044687551901
6	29	0.0031670446875518687
6	28	0.003167044687551774
6	22	0.0031670446875517616
6	21	0.0031670446875517407
6	54	0.0031670446875516852
6	20	0.0031670446875516154
6	32	0.0031670446875515456
6	30	0.00316704468755153
6	31	0.0031670446875515113
6	33	0.003167044687551433
39	54	0.0031670446875511527
6	15	0.00316704468755077
6	14	0.0031670446875497853
6	13	0.0031670446875486148
6	11	0.0031670446875484517
6	12	0.0031670446875475934
5	35	0.002986604178517039
34	54	0.0022285020180827135
39	49	0.0019929202233439987
6	49	0.0019929202233427987
14	18	0.0015718277780269602
14	15	0.001571827778026915
22	24	0.0015718277780269012
14	16	0.0015718277780268734
12	15	0.00157182777802687
22	26	0.00157182777802687
24	28	0.0015718277780268596
26	27	0.0015718277780268526
39	40	0.0015718277780268491
22	23	0.0015718277780268457
22	25	0.0015718277780268457
10	12	0.0015718277780268283
14	17	0.0015718277780268283
26	28	0.0015718277780268249
16	18	0.001571827778026811
16	19	0.001571827778026811
11	15	0.001571827778026797
19	23	0.0015718277780267936
33	34	0.0015718277780267902
19	22	0.0015718277780267867
16	20	0.0015718277780267728
17	18	0.0015718277780267624
19	20	0.0015718277780267624
20	22	0.001571827778026745
24	26	0.0015718277780267381
10	11	0.0015718277780267347
18	21	0.0015718277780267347
11	12	0.0015718277780267277
18	20	0.0015718277780267242
12	16	0.0015718277780267208
12	13	0.0015718277780267173
18	22	0.0015718277780267173
15	18	0.0015718277780267138
15	16	0.001571827778026707
12	14	0.0015718277780266965
13	16	0.001571827778026693
18	19	0.001571827778026693
20	24	0.001571827778026693
24	25	0.0015718277780266895
15	19	0.001571827778026686
27	28	0.001571827778026686
17	21	0.0015718277780266791
21	22	0.0015718277780266791
25	29	0.0015718277780266618
10	14	0.001571827778026648
20	23	0.001571827778026648
17	20	0.0015718277780266444
19	21	0.0015718277780266444
13	15	0.001571827778026634
31	33	0.001571827778026634
11	14	0.001571827778026627
23	26	0.0015718277780266236
13	17	0.0015718277780266167
16	17	0.0015718277780266167
26	29	0.0015718277780266167
29	30	0.0015718277780266132
31	34	0.0015718277780266132
23	24	0.0015718277780266098
23	25	0.0015718277780266098
32	33	0.0015718277780266098
13	14	0.0015718277780266063
30	32	0.0015718277780266063
53	55	0.0015718277780266063
21	24	0.0015718277780265993
20	21	0.0015718277780265959
24	27	0.0015718277780265924
25	27	0.0015718277780265924
11	13	0.001571827778026589
30	34	0.0015718277780265855
10	13	0.001571827778026582
30	31	0.001571827778026582
31	32	0.001571827778026575
29	32	0.0015718277780265681
29	33	0.0015718277780265646
30	33	0.0015718277780265646
15	17	0.0015718277780265577
29	31	0.0015718277780265508
23	27	0.001571827778026537
25	26	0.0015718277780265334
32	34	0.00157182777802653
8	12	0.001571827778026523
17	19	0.001571827778026523
28	29	0.0015718277780265195
21	23	0.0015718277780265091
26	30	0.0015718277780265022
21	25	0.0015718277780264987
8	11	0.0015718277780264883
27	31	0.0015718277780264883
7	10	0.0015718277780264849
28	31	0.0015718277780264849
53	54	0.0015718277780264849
25	28	0.001571827778026471
27	29	0.001571827778026457
27	30	0.0015718277780264536
28	30	0.0015718277780264502
28	32	0.0015718277780264363
7	11	0.0015718277780264259
7	8	0.0015718277780264085
6	10	0.001571827778026405
54	55	0.0015718277780263946
6	9	0.0015718277780263877
7	9	0.0015718277780263877
6	8	0.0015718277780263738
8	9	0.0015718277780263391
9	11	0.0015718277780262593
8	10	0.0015718277780262385
9	12	0.0015718277780262038
9	13	0.0015718277780261726
9	10	0.0015718277780261691
6	7	0.0015718277780259297
41	43	0.0011449418275519194
41	42	0.001144941827551781
50	52	0.0011449418275516461
41	44	0.0011449418275516412
41	45	0.0011449418275516366
50	51	0.0011449418275515642
37	41	0.0011449418275513857
46	50	0.0011449418275512604
38	41	0.0011449418275510722
48	50	0.001144941827551065
49	50	0.0011449418275510511
47	50	0.0011449418275509213
34	47	0.0007753465746419708
34	44	0.0007753465746414799
34	46	0.0007753465746414435
34	48	0.0007753465746413394
34	43	0.0007753465746413186
34	45	0.0007753465746412943
10	39	0.0007432035237090757
8	53	0.0007432035237089178
9	39	0.0007432035237088935
9	53	0.0007432035237088905
7	53	0.0007432035237088176
33	39	0.0007432035237087907
8	39	0.0007432035237087751
10	53	0.0007432035237086763
32	39	0.0007432035237086589
11	39	0.000743203523708616
12	39	0.0007432035237085423
7	39	0.000743203523708416
11	53	0.0007432035237083514
13	53	0.0007432035237083428
33	53	0.0007432035237083007
13	39	0.0007432035237082742
32	53	0.0007432035237082426
12	53	0.0007432035237082309
14	39	0.0007432035237081676
14	53	0.0007432035237081667
30	39	0.000743203523708044
31	53	0.0007432035237079026
31	39	0.0007432035237077876
30	53	0.0007432035237076627
16	39	0.0007432035237075318
20	39	0.0007432035237073223
29	39	0.0007432035237072746
28	39	0.0007432035237072442
26	39	0.0007432035237071879
18	39	0.0007432035237071094
29	53	0.0007432035237070951
17	39	0.000743203523707056
22	39	0.0007432035237068795
25	39	0.0007432035237068752
15	39	0.000743203523706857
24	53	0.0007432035237068353
19	39	0.0007432035237068097
15	53	0.0007432035237067737
21	39	0.0007432035237067303
24	39	0.0007432035237067256
27	39	0.0007432035237066744
26	53	0.000743203523706585
28	53	0.0007432035237065391
22	53	0.0007432035237063539
25	53	0.0007432035237063084
16	53	0.0007432035237062932
20	53	0.0007432035237061791
18	53	0.0007432035237060026
23	39	0.0007432035237059913
19	53	0.0007432035237059792
23	53	0.0007432035237059545
27	53	0.0007432035237058148
21	53	0.0007432035237057415
17	53	0.0007432035237055173
41	52	0.0002591655140610494
34	50	-0.0003113148729888115
39	55	-0.0006458242931815066
6	55	-0.000645824293181569
39	46	-0.0007971810319517903
39	45	-0.0007971810319520435
39	47	-0.0007971810319520496
39	48	-0.0007971810319524963
39	44	-0.000797181031953335
6	45	-0.0007971810319533585
6	46	-0.0007971810319534357
6	37	-0.0007971810319537314
6	43	-0.0007971810319537687
6	48	-0.0007971810319538511
6	36	-0.0007971810319539622
6	47	-0.0007971810319540151
6	44	-0.0007971810319541556
50	54	-0.0008230274213169443
50	53	-0.0008230274213170247
39	41	-0.0008230274213170464
40	41	-0.0008230274213170791
39	50	-0.0011123705832302398
6	50	-0.0011123705832303907
42	53	-0.001356355478670676
2	34	-0.0015159704471902971
3	34	-0.0015159704471904012
4	34	-0.0015159704471904237
5	41	-0.0019866219338478563
49	53	-0.0023207663741463295
38	40	-0.0023207663741464215
52	54	-0.002320766374146431
35	39	-0.0023207663741464826
36	40	-0.0023207663741464917
36	39	-0.002320766374146498
37	39	-0.0023207663741465255
37	40	-0.0023207663741465264
32	35	-0.002320766374146547
38	39	-0.0023207663741465485
32	36	-0.0023207663741465555
5	8	-0.00232076637414656
51	54	-0.0023207663741465633
52	55	-0.002320766374146575
33	37	-0.0023207663741465824
33	35	-0.002320766374146606
2	6	-0.0023207663741466105
52	53	-0.0023207663741466183
33	36	-0.0023207663741466253
51	55	-0.002320766374146637
5	9	-0.002320766374146642
34	35	-0.00232076637414666
31	35	-0.002320766374146661
4	6	-0.0023207663741466665
51	53	-0.0023207663741466834
34	37	-0.0023207663741467016
5	6	-0.0023207663741467185
4	8	-0.0023207663741467207
34	36	-0.002320766374146736
3	6	-0.0023207663741467385
34	38	-0.0023207663741467736
4	7	-0.002320766374146801
3	7	-0.002320766374146805
39	42	-0.00232076637414682
40	42	-0.002320766374146822
40	44	-0.002320766374146822
5	7	-0.002320766374146883
39	43	-0.00232076637414696
40	43	-0.0023207663741469835
40	49	-0.00234339662197593
41	55	-0.002427570701065522
1	53	-0.0024727334464617447
1	6	-0.0024727334464618987
1	39	-0.0024727334464619373
6	40	-0.002712367095577774
35	40	-0.002839418214677283
34	49	-0.0030331591990723186
40	51	-0.003900750614526155
40	53	-0.004300193727586407
6	51	-0.004484887369617075
39	51	-0.004484887369617766
6	42	-0.004484887369618382
35	53	-0.004961785200597401
6	34	-0.005502468350874506
34	52	-0.00564539513377907
8	41	-0.00571527972987605
32	41	-0.005715279729876211
7	41	-0.005715279729876285
31	41	-0.0057152797298762915
33	41	-0.0057152797298763505
9	41	-0.005715279729876364
10	41	-0.005715279729876371
13	41	-0.005715279729876428
15	41	-0.005715279729876534
30	41	-0.005715279729876548
14	41	-0.005715279729876622
12	41	-0.005715279729876662
11	41	-0.005715279729876781
22	41	-0.0057152797298770505
26	41	-0.005715279729877108
21	41	-0.0057152797298772665
16	41	-0.00571527972987727
24	41	-0.005715279729877314
20	41	-0.005715279729877372
18	41	-0.005715279729877416
29	41	-0.005715279729877487
28	41	-0.005715279729877586
17	41	-0.0057152797298776195
19	41	-0.0057152797298777175
23	41	-0.005715279729877725
27	41	-0.005715279729877976
25	41	-0.005715279729878011
40	50	-0.005976165747330259
34	39	-0.006313042647814234
34	53	-0.006313042647814386
41	53	-0.00640283889373584
35	55	-0.006482259389984655
5	34	-0.006569169363197773
6	35	-0.006599088264009297
6	41	-0.006914277815286295
41	54	-0.007732692903833766
1	40	-0.00831987364128914
5	40	-0.010392523263044476
40	52	-0.010542496463932663
38	55	-0.011183880641086278
5	55	-0.011183880641086637
8	35	-0.0115385685326293
30	35	-0.011538568532629365
14	35	-0.011538568532629415
10	35	-0.011538568532629445
12	35	-0.011538568532629497
29	35	-0.011538568532629665
15	35	-0.01153856853262977
28	35	-0.011538568532629799
13	35	-0.011538568532629839
26	35	-0.011538568532629951
9	35	-0.011538568532629957
16	35	-0.011538568532630016
7	35	-0.011538568532630035
24	35	-0.011538568532630071
11	35	-0.011538568532630088
17	35	-0.011538568532630161
22	35	-0.011538568532630236
18	35	-0.01153856853263031
20	35	-0.011538568532630335
27	35	-0.011538568532630394
21	35	-0.01153856853263046
25	35	-0.01153856853263063
19	35	-0.011538568532630671
23	35	-0.0115385685326308
1	55	-0.012783883473708365
5	17	-0.013023867027002041
5	23	-0.01302386702700224
5	18	-0.013023867027002246
5	16	-0.013023867027002377
5	19	-0.013023867027002383
5	22	-0.013023867027002436
5	25	-0.013023867027002613
5	21	-0.013023867027002641
5	24	-0.013023867027002672
5	27	-0.013023867027002773
5	26	-0.013023867027002778
5	20	-0.013023867027002931
5	29	-0.013023867027002948
5	15	-0.013023867027002999
5	28	-0.013023867027003169
5	30	-0.01302386702700327
38	54	-0.013023867027003417
5	54	-0.013023867027003555
5	14	-0.013023867027003613
5	31	-0.013023867027003632
5	32	-0.013023867027003814
5	33	-0.013023867027003873
5	13	-0.013023867027004555
5	12	-0.013023867027005507
5	11	-0.01302386702700567
5	10	-0.013023867027006595
35	54	-0.013962409696470673
32	38	-0.014391409819415129
33	38	-0.014391409819415285
31	52	-0.014391409819415581
32	52	-0.014391409819415717
30	38	-0.014391409819415758
31	38	-0.01439140981941582
7	52	-0.014391409819415937
30	52	-0.014391409819416036
33	52	-0.014391409819416057
8	52	-0.014391409819416065
8	38	-0.014391409819416168
9	38	-0.014391409819416345
9	52	-0.01439140981941638
28	38	-0.014391409819416393
10	52	-0.014391409819416522
29	38	-0.01439140981941657
24	52	-0.014391409819416614
20	38	-0.014391409819416622
20	52	-0.01439140981941664
7	38	-0.014391409819416702
29	52	-0.014391409819416712
28	52	-0.014391409819416723
10	38	-0.014391409819416756
24	38	-0.014391409819416803
12	38	-0.014391409819416872
22	52	-0.014391409819416907
22	38	-0.014391409819416931
26	52	-0.014391409819417025
26	38	-0.014391409819417028
21	38	-0.014391409819417061
17	38	-0.014391409819417082
16	38	-0.014391409819417098
14	52	-0.014391409819417118
25	52	-0.01439140981941716
14	38	-0.014391409819417203
18	38	-0.01439140981941724
21	52	-0.014391409819417266
13	52	-0.014391409819417299
13	38	-0.0143914098194173
25	38	-0.014391409819417323
11	38	-0.014391409819417325
19	38	-0.014391409819417339
11	52	-0.014391409819417368
23	38	-0.014391409819417375
19	52	-0.014391409819417408
12	52	-0.014391409819417555
23	52	-0.0143914098194176
27	38	-0.014391409819417644
27	52	-0.01439140981941765
15	38	-0.014391409819417743
15	52	-0.014391409819417788
18	52	-0.01439140981941809
16	52	-0.014391409819418142
17	52	-0.01439140981941816
40	47	-0.015264146272357382
40	48	-0.015264146272357577
40	45	-0.01526414627235791
40	46	-0.015264146272358038
42	55	-0.01608348759843287
4	40	-0.016481715863882748
3	40	-0.016481715863882796
2	40	-0.01648171586388337
49	55	-0.01789251289465923
50	55	-0.01803339304394834
1	25	-0.021832311667736647
1	27	-0.021832311667736918
1	26	-0.02183231166773695
1	28	-0.02183231166773695
1	23	-0.02183231166773711
1	30	-0.021832311667737123
1	29	-0.02183231166773717
1	9	-0.021832311667737237
1	24	-0.02183231166773726
1	54	-0.021832311667737303
1	11	-0.02183231166773742
1	18	-0.021832311667737442
1	13	-0.021832311667737466
1	16	-0.021832311667737466
1	22	-0.02183231166773748
1	31	-0.021832311667737504
1	7	-0.021832311667737508
1	33	-0.02183231166773753
1	32	-0.021832311667737556
1	20	-0.021832311667737574
1	21	-0.021832311667737577
1	8	-0.021832311667737647
1	14	-0.021832311667737657
1	17	-0.02183231166773766
1	19	-0.021832311667737712
1	12	-0.021832311667737764
1	15	-0.021832311667737785
1	10	-0.021832311667737858
43	55	-0.022088081732866454
44	55	-0.02208808173286657
48	55	-0.022088081732866735
45	55	-0.022088081732866895
46	55	-0.022088081732866954
47	55	-0.022088081732867183
36	55	-0.022088081732867762
37	55	-0.02208808173286798
3	55	-0.022088081732869472
2	55	-0.022088081732869486
4	55	-0.022088081732869518
31	51	-0.0250204721132642
32	51	-0.02502047211326438
30	51	-0.0250204721132644
33	51	-0.02502047211326456
26	51	-0.025020472113264903
22	51	-0.02502047211326495
20	51	-0.025020472113264965
24	51	-0.025020472113265205
28	51	-0.025020472113265274
21	51	-0.02502047211326537
19	51	-0.025020472113265416
29	51	-0.025020472113265486
8	51	-0.025020472113265566
7	51	-0.02502047211326562
23	51	-0.025020472113265663
25	51	-0.025020472113265788
27	51	-0.025020472113265826
18	51	-0.0250204721132659
13	51	-0.02502047211326595
14	51	-0.025020472113266082
15	51	-0.025020472113266082
31	42	-0.025020472113266176
22	42	-0.02502047211326619
32	42	-0.025020472113266193
17	51	-0.025020472113266218
10	51	-0.025020472113266252
9	51	-0.025020472113266263
33	42	-0.025020472113266277
23	42	-0.025020472113266447
12	51	-0.02502047211326646
30	42	-0.025020472113266475
26	42	-0.025020472113266534
24	42	-0.025020472113266613
16	51	-0.02502047211326678
21	42	-0.025020472113266856
25	42	-0.02502047211326695
8	42	-0.025020472113266974
28	42	-0.02502047211326704
20	42	-0.02502047211326707
11	51	-0.025020472113267175
15	42	-0.025020472113267175
9	42	-0.025020472113267227
10	42	-0.02502047211326726
27	42	-0.02502047211326726
29	42	-0.025020472113267293
19	42	-0.025020472113267373
17	42	-0.025020472113267557
7	42	-0.025020472113267574
13	42	-0.025020472113267706
18	42	-0.025020472113267727
14	42	-0.025020472113267862
16	42	-0.025020472113267925
12	42	-0.02502047211326805
11	42	-0.025020472113268456
49	54	-0.02559196488251666
42	54	-0.025953084449572478
31	49	-0.026118149228942587
30	49	-0.026118149228942823
32	49	-0.026118149228943004
22	49	-0.026118149228943045
24	49	-0.026118149228943052
33	49	-0.026118149228943108
25	49	-0.02611814922894323
26	49	-0.026118149228943243
23	49	-0.02611814922894335
20	49	-0.026118149228943427
21	49	-0.026118149228943434
29	49	-0.026118149228943476
28	49	-0.026118149228943534
19	49	-0.026118149228943656
18	49	-0.026118149228943944
27	49	-0.0261181492289441
17	49	-0.02611814922894412
10	49	-0.02611814922894446
7	49	-0.026118149228944596
15	49	-0.0261181492289447
8	49	-0.026118149228944735
16	49	-0.026118149228944974
13	49	-0.026118149228945
11	49	-0.026118149228945006
12	49	-0.026118149228945217
14	49	-0.026118149228945255
9	49	-0.026118149228945415
31	50	-0.027628746169321313
32	50	-0.027628746169321358
30	50	-0.027628746169321643
33	50	-0.027628746169321653
20	50	-0.02762874616932189
24	50	-0.02762874616932208
26	50	-0.027628746169322326
22	50	-0.027628746169322427
19	50	-0.027628746169322482
21	50	-0.027628746169322496
28	50	-0.027628746169322545
25	50	-0.027628746169322677
29	50	-0.02762874616932268
23	50	-0.027628746169322704
8	50	-0.027628746169323082
15	50	-0.02762874616932314
18	50	-0.027628746169323166
17	50	-0.02762874616932319
7	50	-0.027628746169323558
27	50	-0.027628746169323593
9	50	-0.02762874616932385
13	50	-0.027628746169323856
14	50	-0.027628746169323887
10	50	-0.027628746169323898
16	50	-0.02762874616932396
12	50	-0.027628746169324373
11	50	-0.02762874616932493
48	54	-0.03345203497207184
46	54	-0.0334520349720722
43	54	-0.033452034972072206
44	54	-0.03345203497207222
45	54	-0.03345203497207246
47	54	-0.03345203497207254
37	54	-0.03345203497207393
36	54	-0.03345203497207399
31	36	-0.033452034972074364
4	17	-0.03345203497207462
4	22	-0.03345203497207466
32	45	-0.03345203497207475
4	23	-0.033452034972074794
4	21	-0.0334520349720748
30	36	-0.03345203497207483
4	18	-0.03345203497207485
31	48	-0.03345203497207487
31	45	-0.03345203497207488
4	19	-0.0334520349720749
32	37	-0.033452034972074905
4	16	-0.033452034972074926
31	46	-0.033452034972074926
4	24	-0.03345203497207501
33	45	-0.03345203497207503
32	46	-0.033452034972075044
31	37	-0.03345203497207513
4	15	-0.03345203497207517
31	47	-0.03345203497207519
3	25	-0.033452034972075204
30	37	-0.03345203497207521
32	48	-0.03345203497207522
4	20	-0.033452034972075224
4	29	-0.03345203497207528
2	25	-0.0334520349720753
30	48	-0.0334520349720753
33	46	-0.033452034972075315
30	46	-0.033452034972075335
29	36	-0.03345203497207534
3	27	-0.033452034972075356
30	45	-0.03345203497207537
31	43	-0.03345203497207537
32	43	-0.03345203497207537
4	25	-0.033452034972075384
3	17	-0.03345203497207548
3	21	-0.03345203497207549
30	47	-0.03345203497207549
3	15	-0.0334520349720755
28	36	-0.03345203497207551
32	47	-0.033452034972075516
2	27	-0.03345203497207559
22	45	-0.0334520349720756
3	22	-0.033452034972075606
4	14	-0.033452034972075606
3	23	-0.03345203497207561
3	13	-0.03345203497207563
3	24	-0.03345203497207564
4	27	-0.03345203497207566
31	44	-0.03345203497207566
4	33	-0.03345203497207567
22	47	-0.03345203497207567
4	28	-0.0334520349720757
32	44	-0.03345203497207571
3	20	-0.033452034972075724
3	26	-0.033452034972075724
24	36	-0.033452034972075724
28	37	-0.03345203497207573
2	26	-0.03345203497207574
22	36	-0.03345203497207574
33	47	-0.03345203497207574
3	16	-0.033452034972075745
3	28	-0.03345203497207575
2	23	-0.03345203497207576
4	30	-0.03345203497207576
33	43	-0.03345203497207578
3	14	-0.033452034972075786
3	54	-0.03345203497207579
30	43	-0.03345203497207579
20	45	-0.0334520349720758
22	48	-0.033452034972075814
33	48	-0.033452034972075814
3	18	-0.03345203497207583
4	31	-0.03345203497207583
22	46	-0.03345203497207583
29	37	-0.03345203497207583
20	46	-0.033452034972075835
33	44	-0.033452034972075835
2	30	-0.03345203497207584
2	29	-0.03345203497207585
4	13	-0.03345203497207586
22	44	-0.03345203497207586
4	26	-0.033452034972075884
23	48	-0.033452034972075884
28	47	-0.0334520349720759
2	22	-0.033452034972075904
4	32	-0.033452034972075904
20	48	-0.033452034972075904
3	19	-0.03345203497207592
29	47	-0.03345203497207592
2	28	-0.03345203497207594
21	47	-0.03345203497207594
24	48	-0.03345203497207596
3	30	-0.03345203497207597
4	9	-0.03345203497207597
22	43	-0.03345203497207597
2	24	-0.033452034972075974
3	29	-0.03345203497207598
23	36	-0.03345203497207602
2	18	-0.033452034972076036
2	21	-0.033452034972076036
24	37	-0.03345203497207604
24	46	-0.03345203497207604
2	54	-0.03345203497207605
17	36	-0.03345203497207605
4	54	-0.03345203497207606
21	45	-0.03345203497207606
3	33	-0.033452034972076064
21	48	-0.033452034972076064
2	17	-0.03345203497207607
2	31	-0.03345203497207607
30	44	-0.03345203497207607
2	16	-0.03345203497207608
3	9	-0.03345203497207608
28	45	-0.03345203497207608
21	46	-0.033452034972076085
2	20	-0.0334520349720761
23	47	-0.033452034972076106
28	46	-0.033452034972076106
29	48	-0.033452034972076126
24	47	-0.03345203497207615
3	11	-0.03345203497207616
23	43	-0.03345203497207616
22	37	-0.03345203497207617
17	37	-0.03345203497207618
24	43	-0.03345203497207623
24	45	-0.033452034972076244
2	32	-0.03345203497207625
2	33	-0.03345203497207625
20	47	-0.03345203497207626
28	48	-0.03345203497207626
2	19	-0.033452034972076265
29	45	-0.033452034972076265
26	36	-0.03345203497207627
23	44	-0.033452034972076286
29	46	-0.033452034972076286
21	36	-0.03345203497207629
21	43	-0.03345203497207631
24	44	-0.03345203497207631
18	36	-0.033452034972076314
3	12	-0.03345203497207632
3	32	-0.03345203497207633
20	43	-0.03345203497207635
20	44	-0.03345203497207635
23	45	-0.03345203497207637
3	10	-0.03345203497207638
23	46	-0.03345203497207639
21	44	-0.03345203497207642
29	44	-0.03345203497207644
19	36	-0.033452034972076446
3	31	-0.033452034972076466
20	36	-0.03345203497207647
18	37	-0.03345203497207649
23	37	-0.03345203497207649
20	37	-0.033452034972076494
26	47	-0.033452034972076494
4	12	-0.0334520349720765
2	9	-0.03345203497207651
29	43	-0.03345203497207651
19	37	-0.03345203497207653
2	15	-0.033452034972076564
19	48	-0.033452034972076564
26	37	-0.033452034972076564
4	11	-0.03345203497207658
28	43	-0.03345203497207658
2	7	-0.0334520349720766
17	47	-0.0334520349720766
26	45	-0.0334520349720766
28	44	-0.033452034972076605
21	37	-0.03345203497207663
4	10	-0.03345203497207666
2	13	-0.033452034972076675
2	11	-0.033452034972076695
26	46	-0.03345203497207671
26	44	-0.03345203497207672
16	36	-0.03345203497207673
3	8	-0.03345203497207674
19	45	-0.033452034972076744
2	14	-0.03345203497207675
27	47	-0.03345203497207675
19	46	-0.03345203497207676
25	48	-0.03345203497207676
8	36	-0.03345203497207677
25	47	-0.03345203497207677
18	45	-0.033452034972076786
26	48	-0.03345203497207679
2	8	-0.0334520349720768
16	37	-0.0334520349720768
18	46	-0.0334520349720768
17	45	-0.033452034972076806
27	36	-0.03345203497207683
8	37	-0.03345203497207685
19	47	-0.033452034972076855
25	36	-0.03345203497207688
18	47	-0.0334520349720769
19	44	-0.03345203497207694
27	37	-0.03345203497207698
25	44	-0.033452034972076994
17	43	-0.033452034972077015
19	43	-0.033452034972077015
18	48	-0.03345203497207702
26	43	-0.033452034972077084
25	37	-0.0334520349720771
17	48	-0.033452034972077105
25	45	-0.03345203497207712
27	44	-0.033452034972077146
8	43	-0.03345203497207715
27	46	-0.033452034972077174
15	36	-0.03345203497207718
15	37	-0.03345203497207719
25	43	-0.03345203497207719
2	10	-0.033452034972077195
8	45	-0.03345203497207724
27	45	-0.03345203497207724
25	46	-0.03345203497207728
27	48	-0.03345203497207731
2	12	-0.03345203497207732
17	46	-0.033452034972077334
8	46	-0.03345203497207735
18	43	-0.033452034972077355
7	36	-0.033452034972077396
16	45	-0.0334520349720774
18	44	-0.03345203497207745
17	44	-0.0334520349720775
27	43	-0.033452034972077514
8	44	-0.03345203497207752
9	43	-0.033452034972077535
15	48	-0.03345203497207754
9	37	-0.03345203497207755
7	37	-0.03345203497207758
15	43	-0.033452034972077584
16	48	-0.0334520349720776
16	43	-0.03345203497207762
7	45	-0.03345203497207763
16	47	-0.03345203497207765
16	46	-0.033452034972077674
14	36	-0.0334520349720777
9	45	-0.033452034972077715
10	36	-0.033452034972077715
9	36	-0.03345203497207774
7	46	-0.033452034972077764
8	48	-0.03345203497207777
10	47	-0.0334520349720778
9	47	-0.03345203497207783
9	46	-0.033452034972077854
7	44	-0.03345203497207788
15	46	-0.03345203497207789
7	43	-0.0334520349720779
10	43	-0.0334520349720779
10	45	-0.0334520349720779
14	37	-0.03345203497207792
15	47	-0.03345203497207792
10	37	-0.03345203497207793
9	44	-0.03345203497207794
10	44	-0.03345203497207795
12	37	-0.03345203497207795
7	48	-0.03345203497207799
8	47	-0.03345203497207801
15	45	-0.03345203497207803
16	44	-0.033452034972078194
12	36	-0.0334520349720782
9	48	-0.033452034972078215
10	48	-0.03345203497207822
13	46	-0.033452034972078236
10	46	-0.03345203497207827
14	46	-0.03345203497207827
14	47	-0.03345203497207837
13	36	-0.033452034972078375
11	44	-0.03345203497207838
13	37	-0.033452034972078395
7	47	-0.03345203497207842
15	44	-0.033452034972078465
14	48	-0.03345203497207855
13	44	-0.03345203497207862
12	44	-0.033452034972078624
13	45	-0.03345203497207863
12	46	-0.03345203497207865
14	44	-0.03345203497207871
14	43	-0.033452034972078715
12	45	-0.033452034972078756
14	45	-0.033452034972078756
11	45	-0.03345203497207876
11	37	-0.03345203497207877
11	47	-0.03345203497207882
11	36	-0.03345203497207891
13	47	-0.033452034972078916
13	48	-0.03345203497207897
13	43	-0.033452034972079006
12	47	-0.03345203497207903
11	43	-0.033452034972079096
11	48	-0.033452034972079124
11	46	-0.03345203497207917
12	48	-0.033452034972079325
12	43	-0.0334520349720794
