#====================================================================================================
# This result is computed using convolution with a 3x3 matrix on mean-field DCA
# The first and second columns are site pairs. The third column represents interaction score
#====================================================================================================
4	42	1.2512680410512869
4	43	1.2413595376675952
5	43	1.1951273506606799
5	42	1.1886550206283302
3	43	1.1743061197152964
4	41	1.1570464103013864
3	42	1.1471378569247999
5	41	1.1139604813885107
3	41	1.0511839771750986
4	44	0.9692359161975386
6	42	0.9429382842336994
3	44	0.9290496527015211
2	44	0.9068043595309933
5	40	0.8989553417006695
6	41	0.8977197399297111
2	43	0.8446474122699438
4	40	0.844316949715594
2	42	0.7923699460974081
2	45	0.6921544940847585
15	52	0.6888852089363021
3	45	0.6785381360663324
22	31	0.6736407598725945
22	32	0.6663186542038871
7	41	0.6637347671987387
21	31	0.6606249310013553
21	32	0.6489350061989471
6	40	0.6486739778006262
1	44	0.646859161884069
14	57	0.6447988177806314
21	33	0.6434559827348802
17	54	0.6375080195006633
5	39	0.626426579838325
20	32	0.6136559856302342
22	33	0.604255807879207
12	55	0.5901526112191551
17	53	0.5828960295085454
20	31	0.5583737260126154
23	31	0.5559383267419133
1	43	0.5537186175651638
22	30	0.5488275212457401
2	46	0.547038589930498
1	45	0.5424201110128981
16	52	0.5183481438763726
23	32	0.5156452811841922
20	33	0.4957078469323503
21	34	0.48025888307464104
21	30	0.47238472982927576
15	53	0.4676124111003011
16	53	0.45036053923678343
19	32	0.43670856499442373
16	54	0.4265695006008558
13	57	0.4194577479531716
6	39	0.3993772016292202
23	30	0.39106055943719387
17	52	0.3857502339635936
1	46	0.383208895944313
12	56	0.375656272653646
7	40	0.36922052275269124
13	55	0.3597757417488669
20	34	0.3381554408916727
14	56	0.336046534637738
24	31	0.33370140201859766
12	57	0.3102493041834573
19	33	0.30961757227729964
22	29	0.30495283749176055
15	54	0.29978506463277976
7	39	0.2859363665425372
19	34	0.27271000389775624
13	56	0.2684415679228406
14	55	0.2637778743672627
15	51	0.22481142471492568
49	63	0.20606130286850424
23	29	0.19592062493023737
24	30	0.18844559323184557
48	63	0.18135383312341005
16	51	0.1656463388597011
47	61	0.143108481864
48	62	0.1293081845999449
47	62	0.1266631363168753
24	29	0.12632492033690373
47	63	0.12604964336572844
49	62	0.12563948859322085
48	61	0.12464341630969486
18	46	0.10722397892087768
46	63	0.10705484913186122
49	61	0.10629205077562968
46	64	0.10412692464722716
48	64	0.09297590217258858
17	51	0.09274980987545675
18	48	0.0917501639594465
24	32	0.09024040698076857
47	64	0.08880963415131522
18	45	0.08774290759344784
18	47	0.07952936823598464
19	48	0.07771640492489994
26	34	0.0773280149258917
36	47	0.07610191272343168
26	63	0.07476787954739568
18	53	0.07054653257271683
28	34	0.06850201080319636
8	36	0.06569052734640597
14	37	0.06390983661826974
17	64	0.0627427516938879
8	18	0.06244837063740862
27	34	0.0604275966849048
18	64	0.057798476969212045
38	55	0.057372235526128204
45	63	0.05650481194651772
36	46	0.056453394206686644
11	58	0.05613885051693037
11	60	0.05613885051692986
11	59	0.05613885051692964
19	46	0.055886438309341736
38	46	0.05348405748438679
25	36	0.053200500383740336
10	38	0.05186116355683248
37	54	0.05105509434364556
19	47	0.05066493991734876
2	47	0.04996823023620115
8	38	0.049421185994991075
9	18	0.049091790961832665
26	33	0.04898120126917825
35	47	0.04782786978339702
17	63	0.047451205827248724
10	58	0.046933596595048394
10	59	0.046933596595048394
10	60	0.04693359659504746
8	39	0.045108561486853285
38	47	0.045032062040379996
50	59	0.04496496724872156
50	58	0.04496496724872105
50	60	0.04496496724871937
9	38	0.04474936724903356
28	35	0.04445505426053373
25	61	0.04431898707847081
46	62	0.044193274836851267
18	25	0.04352559290318105
18	54	0.04333759240292671
50	63	0.0429201505204129
37	53	0.04242334637851149
10	39	0.0423546380400221
50	61	0.04234985805333728
15	55	0.04211383667628207
8	35	0.04200970955534916
13	59	0.041152489436887485
13	58	0.04115248943688692
13	60	0.041152489436886354
10	37	0.04052844997657523
38	48	0.04039857913850697
26	64	0.039980079161530166
10	36	0.03994506077804692
9	37	0.039603466936525215
8	46	0.039324245315777356
1	47	0.039005253769540026
39	55	0.0388952773432885
18	44	0.03884460673082695
18	26	0.038748188395731624
26	46	0.03865280270916417
50	62	0.03825424927676045
26	51	0.0381237015557035
11	61	0.03785869896958975
27	35	0.03785087164318034
9	36	0.03780795739527133
37	55	0.03730527394627145
25	37	0.03688735529165298
11	50	0.036794471287417654
9	35	0.03617117992167479
14	36	0.036045109482585165
11	56	0.03603895611342575
27	51	0.03595236406953651
15	37	0.035669126588041306
26	27	0.03566148824476155
26	38	0.03554960483392279
27	38	0.03538897344230666
15	62	0.035279194052760046
25	51	0.03516152404475622
52	61	0.03515685408029124
34	47	0.03472261682286616
29	60	0.034460923276959515
29	58	0.034460923276958676
29	59	0.034460923276958474
7	18	0.034226882871686286
25	63	0.03387273905409681
52	53	0.03377343112355832
8	40	0.03361818243039609
19	20	0.033477825936747245
27	53	0.03305181543076079
37	59	0.03261798320378284
37	60	0.03261798320378278
37	58	0.0326179832037827
38	54	0.03255570725343425
30	31	0.03255453981429378
22	23	0.032554539814293564
16	64	0.032444314147048126
49	60	0.0313650487205488
49	58	0.031365048720548475
49	59	0.031365048720548044
44	63	0.031183989864353553
11	29	0.031072325925421213
8	37	0.030832725382874376
19	26	0.030823346456542496
24	61	0.030779209460777043
14	59	0.030519908484749406
14	60	0.030519908484748594
14	58	0.030519908484747723
11	37	0.030429009160804404
19	64	0.03028757004196932
37	61	0.03026601968879688
34	46	0.030264495390794607
16	63	0.0300040776525774
9	59	0.029628712877926594
9	58	0.029628712877926393
9	60	0.029628712877926358
10	56	0.02956602121969015
10	61	0.029554665155547513
48	49	0.029326657712047153
11	39	0.0291991340336682
18	27	0.029129551201073314
27	36	0.028891201095107677
28	53	0.02882506909695523
55	60	0.028682326051894625
12	59	0.02865650091687259
12	58	0.02865650091687176
12	60	0.02865650091687105
25	38	0.028418968007104767
20	48	0.02834373834534636
7	38	0.028288766398963355
10	62	0.027965580985229038
14	53	0.027847883966672062
37	47	0.027464386408026075
10	50	0.027432840994414367
18	63	0.02738502482889972
11	57	0.02704841626445404
7	16	0.026899726207072046
35	58	0.02689945593909385
35	59	0.026899455939093105
35	60	0.02689945593909307
28	51	0.026833674266973365
63	64	0.026830791217669146
27	46	0.026608113990663932
11	62	0.026457553413038598
21	29	0.026388992158523958
45	64	0.026383026299736295
51	58	0.026199897321428533
51	59	0.026199897321428522
51	60	0.0261998973214276
36	61	0.026117225705890576
18	52	0.025943151651010347
8	47	0.025897228461619445
8	48	0.025555866556562567
11	55	0.025318766107169186
25	62	0.025227192839950723
51	61	0.025090749296564026
29	38	0.024952163442361938
6	38	0.024813112624221763
7	46	0.024586154275869784
19	27	0.024577201775284652
28	47	0.024472406024219708
36	45	0.024465690199878015
52	62	0.024453682768660355
37	46	0.024313870202954196
17	47	0.024305352170741677
50	56	0.024204975015481276
11	49	0.023848134302218098
9	55	0.023551042260545656
28	60	0.02337209003546974
28	58	0.02337209003546932
28	59	0.023372090035469036
35	64	0.02337170698628335
49	54	0.02330947125283592
26	36	0.02321241320796321
10	57	0.023154488212829376
29	50	0.023025652635188507
11	51	0.022981198436825435
24	62	0.02256121239279634
13	61	0.022500798741642618
56	61	0.022401781018268084
8	34	0.02236904084759949
50	64	0.022358188642996827
28	36	0.022322227994408667
16	55	0.0222048704807276
35	57	0.022032434361036097
10	35	0.021928195146241586
25	34	0.0216541923901602
37	48	0.021407636640332968
18	51	0.021352821396827155
35	48	0.021214865593579657
27	63	0.021066925736168907
13	50	0.02099727441741978
35	56	0.020959191221494942
8	50	0.020854127804086894
37	49	0.020821642451587023
54	59	0.02061234926439197
54	60	0.02061234926439185
54	61	0.02060536849598027
44	64	0.020313606041784386
9	39	0.020147749678602552
11	35	0.01981822527641159
51	56	0.01943038821692907
51	62	0.01941806184007921
14	54	0.019324302373638937
24	59	0.01917048447510919
24	58	0.019170484475108485
24	60	0.019170484475108367
20	46	0.019097111918723486
29	61	0.01879185306128614
15	59	0.018656325239321703
15	60	0.01865632523932128
15	58	0.01865632523932107
20	35	0.01860952384079891
16	62	0.018599995714278138
24	63	0.01849651239816352
37	50	0.01848046428970876
8	45	0.018379125001658263
34	48	0.01816312760448304
8	16	0.01815553056563942
34	35	0.01809816119344271
20	27	0.01765158796543983
23	59	0.017560262427339185
23	58	0.017560262427338963
23	60	0.017560262427338807
9	56	0.017451388762575962
8	9	0.01729562980459289
26	62	0.017268208027659944
13	29	0.017196038725469414
11	24	0.017171797504209236
26	53	0.017163022313673715
10	29	0.016977378950201648
14	38	0.016921591526449675
11	28	0.016642099278783455
33	46	0.016416368672175545
30	60	0.016184547063658412
30	59	0.016184547063657767
30	58	0.016184547063657496
29	37	0.015865487471872282
29	36	0.015745701105530537
1	18	0.015709430639047096
13	35	0.01568856246233421
24	36	0.015655148385225016
13	51	0.01561249772644837
9	16	0.01558986391744127
1	27	0.01556743398970476
9	57	0.015528464081751793
2	27	0.015511652834236608
13	36	0.015454187631742224
27	28	0.015424131607822616
7	17	0.015337762363274238
13	28	0.015333214038000548
10	49	0.01510909561992715
10	55	0.015011326200814913
50	57	0.014591521654050253
33	34	0.014545763177944962
28	64	0.014536168611510598
27	37	0.014464004434101813
11	38	0.0144547812682101
29	56	0.014366812163052025
35	46	0.014334406785860107
38	49	0.014313229892622466
10	51	0.01419298848526911
15	61	0.014081704732319698
13	37	0.014054689466236146
49	53	0.01392743930944748
27	32	0.013887140271317076
27	33	0.013850005031768994
17	19	0.013686925681314339
11	30	0.013683374487419946
24	37	0.01345584009590713
7	47	0.013096473712355117
18	19	0.013095225120465542
25	52	0.012942615702289963
36	58	0.012821250624974983
36	59	0.012821250624974707
36	60	0.012821250624974093
36	57	0.012814932228075808
14	51	0.012785456404345176
14	28	0.012680076892774358
10	24	0.01243082769297121
26	32	0.012416898193034796
27	47	0.012254700830749289
35	61	0.012176669048179213
16	38	0.01207325825523831
9	14	0.01200105467040747
28	50	0.01199725706676152
10	40	0.01176762349351047
15	56	0.011765830418982841
9	47	0.011746738982831321
26	35	0.011645576442774846
37	56	0.01155258327848041
17	46	0.011532436167814495
55	61	0.011517099764773333
28	61	0.01137750596210262
12	61	0.011365048204272086
14	61	0.011294835574037616
50	55	0.011259187232740792
9	61	0.011258012950603248
25	26	0.011207798477198116
37	51	0.01118821591242463
33	64	0.011153570863531758
11	54	0.01101610821735048
49	56	0.010944206932156544
20	47	0.010941821374329178
2	17	0.01088673213050365
27	48	0.010748337861868214
16	39	0.010732446024759224
34	64	0.010677626159353944
11	25	0.010489829335911072
9	50	0.010434712564703477
28	46	0.010413098873683599
51	63	0.010352078276820456
8	17	0.010314953578311921
12	35	0.010269909544241637
49	64	0.010120635041369595
54	62	0.010090851490663456
24	51	0.010062885411538297
19	63	0.010008090632327535
11	23	0.0095649747881677
19	35	0.009531303117683113
25	33	0.009449938623923808
35	62	0.009442454626565313
11	36	0.009408712624379496
31	32	0.009329190862971654
21	22	0.009329190862971643
14	50	0.009285174160601609
29	51	0.009234594578413014
12	39	0.009117150927466556
54	63	0.009054114046586377
35	55	0.008935815185241624
13	49	0.008915785291790781
20	26	0.008802094445582592
12	51	0.00865710908331084
46	49	0.008651589557841153
35	50	0.008564641401923201
28	37	0.008549881561484394
53	63	0.00848855490476264
12	50	0.00842231606510496
25	59	0.008379153730873543
25	58	0.008379153730872637
25	60	0.008379153730872332
9	54	0.008361402397479515
51	57	0.00834023423083632
39	60	0.008199393827781017
39	58	0.008199393827779898
39	59	0.008199393827779329
35	39	0.008030246840204104
10	15	0.007978669487306576
38	60	0.007721795495000363
38	59	0.007721795494999157
38	58	0.007721795494999002
53	61	0.007579463194149466
1	2	0.0075637874526664275
12	29	0.0074446410709528964
8	58	0.007427787771563192
8	59	0.007427787771562549
8	60	0.007427787771561772
14	29	0.0073045730600865165
1	17	0.007162041160292169
25	46	0.007154716342413742
14	39	0.007085680477489555
28	56	0.007068326430790399
17	62	0.007026268624651532
36	56	0.007022635471398149
18	20	0.0070195470307473605
29	57	0.0069356861777720175
39	40	0.006868349244678091
6	9	0.006866848626290284
10	28	0.006857744452741144
10	25	0.006835441826033572
39	41	0.0067631809827102575
8	19	0.006722888000808556
8	54	0.006706877839358831
26	52	0.006689515656523485
33	37	0.006510148190089136
16	25	0.006501698788894705
15	25	0.00628986253427651
17	20	0.006085045428390374
16	37	0.006039938121091321
16	17	0.006019190858674233
15	39	0.005962953500950337
11	16	0.005913457601962584
33	47	0.0058710701392951994
35	37	0.0057617534957143885
25	27	0.005693937069436309
9	24	0.005668521457022539
12	62	0.005660176264644903
14	35	0.005537873950091097
29	47	0.005535330478774195
2	9	0.005491432270052684
17	45	0.005428499675470279
36	62	0.005268684410421892
38	56	0.00515467397207502
25	64	0.005150326826320248
37	38	0.005146672929082446
10	16	0.0051146834519812025
36	54	0.0050315367521564895
26	37	0.004968369405419043
10	30	0.004941025459973873
38	53	0.00480246068258416
36	48	0.004644095136390594
7	36	0.004626425152225156
20	64	0.004604757624166055
38	45	0.004516152318130547
15	38	0.004466082865496551
29	49	0.0044386758061131185
12	25	0.0043696006518907805
51	55	0.004300587814883397
55	58	0.004300587814883277
10	12	0.004300587814883105
55	57	0.004300587814883085
57	58	0.004300587814883076
58	61	0.004300587814883058
57	60	0.004300587814883029
57	61	0.004300587814883028
57	59	0.004300587814883026
58	59	0.004300587814883
59	60	0.004300587814882969
59	61	0.004300587814882968
58	60	0.004300587814882956
55	59	0.004300587814882938
50	51	0.00430058781488293
60	61	0.004300587814882882
10	14	0.004300587814882809
12	14	0.004300587814882709
12	28	0.004237180583774152
18	35	0.004180687125070096
7	37	0.004159363233327667
13	30	0.0041417356078051176
18	38	0.004019591986111341
35	51	0.0039617333423357225
19	25	0.003947012606393116
29	35	0.0038699963080935113
27	62	0.0038174048528223127
26	28	0.003810340899464534
62	63	0.0038042645973227363
13	25	0.003755343102186324
25	35	0.0037520619121519565
56	62	0.003692992930253803
9	48	0.003632294711899909
9	25	0.003548290772265989
37	62	0.003454322768854696
6	46	0.003412449702451182
9	19	0.0033794312058978114
9	51	0.003335692914127791
1	64	0.0033255590945757063
18	33	0.0033203610316869265
9	15	0.003285275904880477
45	47	0.0032383407966380846
36	50	0.003220117944465953
12	37	0.003205709814757602
48	54	0.0031794046587230894
8	49	0.0031285962921959263
12	15	0.003083494392330253
14	15	0.0030834943923302182
50	54	0.0030834943923301675
54	55	0.0030834943923301276
54	57	0.0030834943923300925
54	58	0.0030834943923300513
36	38	0.0030834943923299628
51	54	0.0030834943923299515
17	48	0.002981639848052561
62	64	0.0029698599931291354
11	12	0.002893956000510387
11	14	0.0028939560005103375
10	11	0.0028939560005102763
28	29	0.0027994071745485695
24	28	0.0027994071745483843
9	29	0.002787834563723296
39	50	0.0027692553078302808
9	12	0.0027678719343230914
9	10	0.0027678719343228616
13	24	0.002702929893725932
36	49	0.0026206179629522253
13	62	0.002605600375153859
27	52	0.0025213021407978105
11	15	0.0024697979216683472
23	25	0.0023608687010957816
28	52	0.0023012027525945037
37	57	0.002264649237009325
12	36	0.002229177730049107
38	50	0.0021875912172514477
28	33	0.0021692822313685344
9	17	0.002019899213513773
29	34	0.0020142946779283396
38	61	0.0018741006909175108
49	52	0.001865394469691039
7	8	0.0018170168721186796
49	57	0.001809902065728633
27	61	0.0018019635378998212
41	45	0.0016739426697291136
22	26	0.0015663642169685722
17	21	0.001465340721025105
48	52	0.0014583412985931287
28	48	0.0014509640489894957
7	9	0.0014420850181589137
28	57	0.0014419791559181876
23	56	0.001354870971349972
25	28	0.0013315898888463097
11	40	0.0012932927091076143
1	48	0.00119068898957813
18	34	0.0011618462706619852
10	23	0.0011536222539758932
52	56	0.001121527706427556
8	33	0.0010725565946636331
48	51	0.0010088113608498384
48	50	0.001008811360849653
21	35	0.001006419736959655
49	50	0.000900314938870542
49	51	0.0009003149388704475
25	30	0.0008912497639041042
24	38	0.0008722516906024512
13	23	0.0008631765367585267
25	53	0.0008164291357204852
9	34	0.0007834173783520888
34	36	0.0006386044637233627
9	11	0.0006138427988557217
30	56	0.0005915394788126842
29	30	0.0004871975791417636
23	24	0.00048719757914128655
15	57	0.00047379897659621025
8	55	0.00046530974662772396
52	54	0.00045855595919300825
6	8	0.00034250162434839443
8	63	0.00033194674148873723
61	62	0.00032701530403101537
60	62	0.00032701530403099173
59	62	0.0003270153040309486
58	62	0.00032701530403076015
35	36	0.0002723363032694978
34	53	0.00022067942642269153
36	39	0.00019646876783941183
10	54	0.00019500392234125374
9	49	0.00016649469707580994
28	62	0.0001533886277377541
20	50	0.00010241899371840266
12	64	-4.8482752965295015e-05
8	25	-9.210949547549304e-05
48	60	-0.0001129421110750979
48	58	-0.0001129421110756465
48	59	-0.00011294211107615391
52	63	-0.00020598082742213572
24	25	-0.00022042212175209502
25	29	-0.00022042212175217525
37	52	-0.0002219652926662343
26	45	-0.00024386203731592906
24	56	-0.00024739540178228645
9	13	-0.00027716501355893805
44	46	-0.00031736870509805823
24	50	-0.0003266740391522878
26	47	-0.00034956739716951804
36	55	-0.0003901212195352964
15	18	-0.00046936683228203033
36	52	-0.0005080793865041185
25	32	-0.0005183821528152266
24	64	-0.0006091822932973688
23	27	-0.0006158438530982297
27	30	-0.0006158438530982722
32	35	-0.0006214177459276868
7	10	-0.000678733794037062
16	47	-0.0006965767399863786
13	14	-0.0007090419362947066
10	13	-0.0007090419362948933
12	13	-0.0007090419362949054
35	63	-0.0007319673017905917
7	45	-0.0007838744797609744
53	62	-0.0008693719517977178
56	58	-0.0008849512724620093
56	57	-0.000884951272462282
56	60	-0.000884951272462286
55	56	-0.0008849512724622868
56	59	-0.0008849512724623176
8	12	-0.000889444796429115
8	10	-0.000889444796429305
16	20	-0.0009433171094319105
29	32	-0.0010652084225575688
21	24	-0.0010652084225577817
32	36	-0.0010652084225579266
17	27	-0.0010831522573066634
17	26	-0.0010866678220215926
37	39	-0.0010920914298676726
35	38	-0.0012088947531299068
36	37	-0.0012252809450219613
29	39	-0.0012414451731443104
29	55	-0.0012467251738349696
51	64	-0.0012565900960216456
13	54	-0.0012593809763775665
14	18	-0.001320236227009373
6	10	-0.0013923315118547087
32	64	-0.0013926081190715261
9	28	-0.0013987370195213053
29	31	-0.0014051746975028666
22	24	-0.001405174697502923
7	11	-0.001462290263152817
16	18	-0.0015092509973583974
36	40	-0.0015351472701632001
18	22	-0.0015809392390635372
38	39	-0.0016134855449368133
27	64	-0.0016339617742112825
15	50	-0.0016592778826880136
36	53	-0.0016604219599623705
2	48	-0.0016690551365857887
18	21	-0.0017066439867087927
8	24	-0.001721653722046756
47	48	-0.0017588845161540922
60	63	-0.0017637532609264582
61	63	-0.00176375326092647
59	63	-0.0017637532609265682
48	53	-0.0017642500333981898
11	13	-0.0017916388530165462
47	50	-0.0018042931949021745
47	51	-0.0018042931949022152
8	11	-0.0018851307266547592
23	61	-0.0019189869507648268
34	38	-0.0019266920025942187
7	28	-0.0019271943451998992
49	55	-0.0019534161264793287
14	17	-0.0019726078038637537
45	48	-0.0019788028411676746
46	50	-0.0020277047084688044
34	37	-0.002065246965563398
60	64	-0.0020684852647024354
61	64	-0.0020684852647024497
13	16	-0.0021531417982810965
24	27	-0.002165255769070863
27	29	-0.002165255769070973
13	15	-0.002200770370329972
3	7	-0.0023018517940711324
24	26	-0.0023316513345094355
26	29	-0.0023316513345096245
19	23	-0.0023388922742447063
54	56	-0.0023713042261699715
14	49	-0.002384074740918992
28	38	-0.0023892798109863694
21	25	-0.0024883618316427526
50	52	-0.002519154710583789
51	52	-0.0025191547105838565
52	55	-0.00251915471058398
28	30	-0.002542468543775504
9	64	-0.0025943721696239934
15	19	-0.0025981651554079148
28	32	-0.002651009947939577
14	25	-0.0026788372557369792
57	62	-0.002696430508419342
55	62	-0.002751887034978126
28	49	-0.002764858157701163
4	8	-0.002771611951823927
53	55	-0.002952453143693669
50	53	-0.0029524531436937768
53	57	-0.0029524531436938162
51	53	-0.0029524531436938947
43	47	-0.002961619422728084
14	16	-0.0029919436775806825
12	16	-0.002991943677580754
26	61	-0.0030086838733453317
20	21	-0.0030110245939774637
30	61	-0.003139540694668784
15	36	-0.0032028647425609907
38	40	-0.003228442446715104
29	33	-0.0032857931945012644
33	36	-0.0032857931945013625
45	62	-0.0032993253613951175
29	62	-0.0033259249202855206
15	17	-0.003357281549576113
12	24	-0.003362448742411237
8	13	-0.0034228427168118275
43	45	-0.00342429598576785
39	56	-0.003425166252620492
20	24	-0.003432622408423486
1	25	-0.0034327936854103716
53	64	-0.003453147200568455
23	57	-0.0035208403098032845
6	7	-0.003528781607957783
15	16	-0.00359955257308217
46	48	-0.0036360520345479503
33	35	-0.0036862205919518014
47	49	-0.00369702463392346
46	47	-0.0037173052911156045
28	31	-0.003850502895417836
53	56	-0.0038910567359515553
30	38	-0.0039404998186049235
19	53	-0.003982654264971195
42	46	-0.00398607773577726
25	50	-0.0040072825519301795
20	36	-0.004043059761434429
7	48	-0.004056984313239296
38	41	-0.0040883497814396385
23	50	-0.004122295102075612
39	57	-0.004181925356774348
8	56	-0.004188749768184402
31	35	-0.0041931795260955656
17	18	-0.004211245381931894
22	25	-0.004216388561064699
30	34	-0.0042171021879967175
4	7	-0.004245647375049798
12	30	-0.004275417454991007
1	26	-0.00428721469259316
11	64	-0.004299064171599816
38	42	-0.004327012251159644
26	30	-0.004328204770596124
23	26	-0.004328204770596311
8	61	-0.004358470301065827
52	59	-0.004440168826013018
52	58	-0.004440168826013089
52	60	-0.00444016882601335
19	21	-0.00446539982012235
43	46	-0.004534568431163233
30	50	-0.004565133558212191
40	44	-0.004589333733475882
8	14	-0.004713068830184561
30	62	-0.004724110082586743
12	49	-0.004728186369578736
8	64	-0.004814072606841625
53	54	-0.004816818224895436
19	22	-0.004874011002708182
32	33	-0.004877257884367176
32	34	-0.004947220826580839
5	9	-0.005000553923252457
45	46	-0.005036454981841627
28	63	-0.0050484293192614525
35	45	-0.0052095394093833024
13	39	-0.005265692403163753
31	34	-0.005292669271021542
5	7	-0.0053519547379482476
7	35	-0.005433728330334108
27	31	-0.005452815872088956
24	35	-0.005494785926094092
44	47	-0.005546013115215405
37	40	-0.005594577216094116
44	48	-0.005613782617458238
42	44	-0.005615988112910097
27	45	-0.005675129688158843
39	51	-0.005694425823982319
33	51	-0.005744622900304447
35	49	-0.005877518713958141
14	23	-0.005928480765436037
25	48	-0.005981132171983594
27	59	-0.005989249061084662
27	60	-0.005989249061085216
27	58	-0.005989249061085462
11	52	-0.006045253237813823
6	34	-0.006046699920194156
28	55	-0.006138685686517524
1	9	-0.006184404578991461
32	51	-0.006338435876147654
16	46	-0.006388688131734148
34	51	-0.006492765137595167
20	23	-0.0064941035250433215
30	33	-0.006505672402281705
30	32	-0.006535984881626529
21	23	-0.006535984881626752
43	44	-0.00658326205658584
5	8	-0.006596234649897742
13	27	-0.006605954375505852
38	62	-0.006743455861268988
2	26	-0.006995211112831399
11	48	-0.007038937585790137
37	41	-0.007056234190244964
24	39	-0.007086052762058093
25	39	-0.0071039995021888
9	26	-0.007116427165906204
39	42	-0.007121988635470889
25	56	-0.007159250733277655
7	63	-0.007226084511986329
20	49	-0.007228757433896923
1	3	-0.007278099914672279
16	60	-0.007358308644580421
16	59	-0.007358308644581012
16	58	-0.007358308644581431
45	49	-0.007416537869782527
38	57	-0.007538463235159951
2	64	-0.0075814497942622095
21	64	-0.007711833326722045
27	50	-0.007741095251350957
25	47	-0.007751759418230671
33	63	-0.00778978468074284
20	22	-0.007815809120006054
8	26	-0.007834700741491184
14	27	-0.00803569311481333
8	29	-0.008043695378110718
2	6	-0.008104261103968976
41	43	-0.008151952907096147
13	17	-0.008267760218307166
15	49	-0.0083167171549649
14	30	-0.008332657462705808
7	25	-0.00846912800429149
30	55	-0.008492943705776756
12	26	-0.008532790676587073
16	19	-0.008598343096226233
14	24	-0.008603962280558465
11	63	-0.008604126324988234
22	58	-0.008621247729870203
22	60	-0.008621247729870468
22	59	-0.00862124772987065
24	34	-0.008642423003085037
31	33	-0.008652421449394251
39	43	-0.008677078766300915
53	60	-0.008711452281332667
53	58	-0.008711452281332854
53	59	-0.008711452281333097
34	63	-0.008805490596715648
7	12	-0.00881487909203366
19	49	-0.008969049852690538
9	30	-0.008970094705845557
31	60	-0.008995548059156628
31	58	-0.008995548059156921
31	59	-0.008995548059157575
2	8	-0.009100957878225008
24	49	-0.009189779412631424
1	51	-0.009264103105133049
19	28	-0.009290633346505988
10	48	-0.00933283272517121
10	63	-0.00934499812516831
44	45	-0.009358641476969335
22	64	-0.009410464889676982
39	54	-0.00942117084014345
34	62	-0.009545068465403667
16	45	-0.00958856353674388
25	49	-0.009677196994245737
7	64	-0.009727829610416665
11	27	-0.009744783748794898
8	57	-0.009800183389650052
23	37	-0.009847405557103672
30	57	-0.009875221868628142
12	38	-0.009888195967913155
2	18	-0.009906384370604569
38	51	-0.009986634259725619
10	64	-0.01009658405329821
14	62	-0.010151595750996844
19	52	-0.010169069478721485
9	62	-0.010220667403617264
24	55	-0.010232787229507814
40	50	-0.010314977842089991
26	48	-0.010331723361283554
39	49	-0.010373773580984569
1	63	-0.01043209161379273
13	38	-0.010447243805724316
41	44	-0.010638106701914934
1	19	-0.010689385982617225
24	57	-0.010754604845205823
20	25	-0.010764610035096994
9	53	-0.010832334852327201
4	6	-0.010883585450653578
35	40	-0.010915569224758902
7	50	-0.01112866423701207
22	38	-0.011181399377982855
19	45	-0.01123253314812378
12	27	-0.011234386290614717
30	37	-0.011420804789837657
39	61	-0.011486230806222256
10	41	-0.011663893405444044
40	41	-0.011849529568779715
39	48	-0.01189792325320795
23	39	-0.01201726738560597
23	28	-0.012043769322869319
3	5	-0.012137982332074658
34	45	-0.012181883837118108
40	42	-0.012352959574779263
47	60	-0.012363012165617627
47	59	-0.012363012165618751
47	58	-0.012363012165619166
34	60	-0.012366035599599642
34	58	-0.012366035599600084
34	59	-0.012366035599600601
13	52	-0.012387642569119003
15	29	-0.01238793329487937
9	23	-0.012458646983561493
23	55	-0.012491407378564415
2	3	-0.012501334156726183
18	28	-0.012503910871158215
12	23	-0.012526634543509576
28	39	-0.012650296177085149
28	45	-0.012743040571248462
17	25	-0.012765228088824368
15	64	-0.012981410420061665
19	50	-0.01309837680194121
25	54	-0.01317413011886288
30	39	-0.013231063712395352
4	5	-0.01326946673957458
25	55	-0.013299236401211828
52	57	-0.013312744589482298
2	5	-0.013399851596797609
1	5	-0.01341826606241991
40	43	-0.013497265538392108
1	28	-0.013512248874389121
23	38	-0.013534342919587635
5	6	-0.013581003468149772
52	64	-0.013600955572206289
36	51	-0.01361174668552522
3	6	-0.01375243083287542
23	49	-0.013796886344525016
11	18	-0.01383469985771853
34	40	-0.013903516985331427
11	31	-0.01393774776297229
18	62	-0.01403759538546774
36	64	-0.014101616939670204
12	40	-0.014143309895120724
33	62	-0.014216347353387403
12	54	-0.014223631441406736
6	50	-0.014226365290526453
42	43	-0.014329449563371746
57	64	-0.014411976228044281
7	58	-0.014462094901492861
7	60	-0.014462094901493389
7	59	-0.014462094901493546
38	63	-0.014537035915724972
42	45	-0.014611852760410758
8	51	-0.014776753006558348
34	56	-0.014792445982497434
7	26	-0.014814322255294039
15	35	-0.014869465154791619
30	51	-0.014992106485597739
10	34	-0.015086138681004438
11	22	-0.015102110964258987
25	31	-0.015119502082047506
58	63	-0.015145248825416
2	25	-0.015167939898892861
26	39	-0.01518273549316883
11	53	-0.015212492907309874
7	24	-0.015234109021766242
56	64	-0.015241171501798247
36	63	-0.015260566987115545
10	52	-0.015289443810714686
34	55	-0.015289764077449555
9	63	-0.015313773715348259
24	52	-0.0153411260219658
37	63	-0.01534837428863518
23	51	-0.015386175133104626
10	27	-0.015451387680664196
3	47	-0.015511786495958337
20	53	-0.015637459304938726
33	58	-0.015648942300111858
33	59	-0.015648942300111903
33	60	-0.015648942300112125
18	39	-0.01582726516248095
7	19	-0.015836078533204005
25	57	-0.01584765396250283
30	49	-0.01587785842996146
16	27	-0.015977375268776836
2	4	-0.015988646533057742
12	34	-0.01604125048101066
47	53	-0.016049336151458305
21	54	-0.016118628043089545
37	45	-0.01618604934354788
16	26	-0.016192566792181576
16	61	-0.01636301116971747
55	64	-0.016400293111063325
5	10	-0.016408863071563244
11	47	-0.016570183351113304
19	51	-0.016592352438733683
15	63	-0.016617416710135398
15	28	-0.01663032375581726
6	48	-0.016653928617572113
19	38	-0.016700896712914682
33	48	-0.01678913529497374
18	49	-0.01679917624554569
8	15	-0.01683351548485803
13	26	-0.01695047399600165
33	38	-0.01703704209190895
7	27	-0.017101917988784174
29	48	-0.017258416640156045
23	35	-0.017316728352854003
7	54	-0.017353382921549913
10	47	-0.017389016978621413
14	52	-0.01740705498788995
5	38	-0.017418537521503057
23	62	-0.017524595911783496
12	63	-0.0175250668204187
23	64	-0.01754300221311319
41	42	-0.017577605812500334
6	49	-0.017628729581330337
9	52	-0.017656474435713346
8	62	-0.01774657487187764
1	8	-0.017857528574983062
58	64	-0.017971478618941668
59	64	-0.017971478618941696
31	62	-0.017995901016869206
27	49	-0.018008226543385814
29	63	-0.018010292553509694
11	34	-0.018026661841561552
20	63	-0.01812950889784326
8	20	-0.01816970975969648
30	35	-0.01817175938838154
10	18	-0.01819150117595306
56	63	-0.01821558467784248
9	27	-0.018421216233963957
18	50	-0.01845176140070899
55	63	-0.018470711511015515
48	56	-0.018480478855477652
24	40	-0.018728602525097462
6	11	-0.01876291920162474
29	54	-0.01883081799014121
3	4	-0.018973659514209824
13	34	-0.019024876963955044
1	4	-0.019159124528983343
28	54	-0.01921093754927418
27	39	-0.019226296627691722
11	26	-0.019263677069043104
8	28	-0.019271299895078947
29	53	-0.01929485337856294
24	33	-0.019439560670331965
1	7	-0.019467674651159773
31	64	-0.01947575361161754
27	56	-0.019500322003592974
39	53	-0.019544213988846416
47	54	-0.019617766973109293
24	47	-0.019742962820820727
8	22	-0.020003902607739172
12	52	-0.02018309935755242
13	48	-0.020411151808326415
16	48	-0.020433863344726067
13	53	-0.020604426818302254
23	33	-0.02069476197049344
6	45	-0.021137274398458562
20	52	-0.021145219090705367
32	40	-0.021203564681992124
1	50	-0.0213121173168775
40	57	-0.021317032978340207
13	64	-0.021317742510949974
18	36	-0.021541739843705675
16	56	-0.021587873149265704
40	60	-0.021653450475670955
40	59	-0.021653450475672163
40	58	-0.021653450475672235
34	52	-0.02167110597901558
14	26	-0.021706885342779467
29	52	-0.021964420690356874
20	28	-0.022034431983823877
11	33	-0.02212225942528686
8	23	-0.02215697786865802
26	59	-0.022165093658177294
26	58	-0.02216509365817827
26	60	-0.02216509365817842
8	27	-0.022244449641135616
8	53	-0.02226614168752412
10	22	-0.02233883155014132
15	27	-0.022434018962869763
15	24	-0.02244576817015107
10	31	-0.022450962662043945
1	36	-0.022464058998434743
10	26	-0.0225039159687303
34	61	-0.022768706337287257
29	64	-0.022911718922021557
7	61	-0.023026919586988288
6	36	-0.02306186723897552
3	18	-0.023125398453522062
32	52	-0.0233343200018942
24	54	-0.023352145699579642
9	45	-0.023361899730566838
14	64	-0.023433640136073814
47	52	-0.023439096545285358
35	54	-0.0234948812139439
1	62	-0.023550906857242287
57	63	-0.023620484293552534
16	36	-0.023767380657451972
30	64	-0.02380153453204719
9	46	-0.023832736349468607
1	16	-0.023852460790590668
13	31	-0.023873776687641533
35	52	-0.024010328029261882
1	37	-0.024258107147103546
7	34	-0.024316851403651335
10	53	-0.02452049751525789
44	62	-0.024526866551595302
27	57	-0.024552838740842103
16	57	-0.02462938841867334
10	17	-0.024638735001734566
21	26	-0.024740227429267493
39	62	-0.02478477872394983
44	49	-0.024866524529164793
1	29	-0.024898991419092978
13	22	-0.0249161641484744
11	17	-0.02494061567074667
21	28	-0.025012629125778632
48	57	-0.025051537365555553
23	36	-0.025138756598132264
7	55	-0.025152987973286255
8	30	-0.025157450359312727
27	55	-0.025205343404135893
1	38	-0.025314040183911157
9	33	-0.02533327072163539
38	43	-0.02543200752788335
28	43	-0.025456788452657007
18	37	-0.025587542675054333
7	33	-0.025611540396188362
40	49	-0.02574854584940848
7	49	-0.02584065763139091
16	24	-0.025985646120581095
48	55	-0.025999017446232342
7	14	-0.026009437518009073
32	37	-0.026024114614043387
1	15	-0.0260324778132167
21	49	-0.026106341103106265
40	48	-0.026121308359356086
9	20	-0.026204359666161546
13	63	-0.026226899758378185
23	40	-0.026287407963774913
16	50	-0.02630795623158811
6	35	-0.026326464096761936
6	59	-0.026367441722229427
6	58	-0.026367441722229802
6	60	-0.026367441722230274
34	57	-0.026402753485014134
39	47	-0.02642397972207172
25	45	-0.026479274855940076
40	56	-0.026568914959512538
1	49	-0.026610945366947157
22	56	-0.02667754249978068
27	54	-0.026782522908684894
31	56	-0.02692931923180301
24	48	-0.026935838601745084
54	64	-0.026983336825875125
14	48	-0.026997997256132975
7	56	-0.027076827585457746
24	46	-0.02708604703323769
19	36	-0.027092764466616646
11	41	-0.027213779116666153
20	30	-0.027276693625293582
1	35	-0.027301262568412834
9	40	-0.02745319138312109
15	26	-0.027497192102432177
15	47	-0.02757938876102996
37	64	-0.027582113000129922
1	11	-0.027591614985089677
7	51	-0.027694809794391734
45	50	-0.027718592877552774
1	58	-0.02774084206444366
1	59	-0.027740842064443987
1	60	-0.027740842064444493
8	52	-0.027880021063771493
34	42	-0.028004383227537382
22	61	-0.02809861774315088
32	47	-0.02822339832827779
34	50	-0.028240082428954292
31	61	-0.028283970742918066
11	46	-0.028300308569258352
20	38	-0.028410595196808327
7	53	-0.028448408365413614
21	62	-0.028466755622911424
22	37	-0.02863588610942674
44	61	-0.028668324159137178
30	36	-0.028686970738884817
16	49	-0.02870001269091153
17	28	-0.028705522953648612
32	60	-0.02870984096196469
32	58	-0.028709840961965223
32	59	-0.028709840961965823
31	37	-0.028840926175938083
19	24	-0.028859776930051262
21	60	-0.028991556859270785
21	59	-0.028991556859271343
21	58	-0.028991556859271742
25	40	-0.029068413052270252
18	60	-0.02922642569623296
18	59	-0.02922642569623374
18	58	-0.02922642569623419
33	54	-0.029245011276307787
47	56	-0.02925014316141563
4	9	-0.029257350737540173
2	28	-0.02935945700874279
23	47	-0.029396314401010166
39	46	-0.02939770400450057
10	33	-0.029465130455004526
35	53	-0.02947893387946944
20	45	-0.029500164327311253
26	44	-0.02950065841604127
38	52	-0.02954228616649879
10	45	-0.02961057821933665
7	13	-0.029621211963150738
16	28	-0.029637652217115097
8	21	-0.029872278142788464
39	52	-0.029916146185386086
1	24	-0.029994472621676524
10	46	-0.0300171370136384
15	30	-0.030058667338181876
17	59	-0.03011364213981476
17	60	-0.03011364213981506
17	58	-0.03011364213981557
15	48	-0.03017845089203855
22	62	-0.03025302815706847
36	41	-0.030311865208905626
7	52	-0.030357762329773597
5	11	-0.030358084532344287
22	50	-0.03038013861759868
10	20	-0.0306226228314124
18	32	-0.030839662487300558
31	50	-0.03088518811446179
7	29	-0.030928596821369145
38	44	-0.030932308419254272
26	50	-0.030937397918019846
9	31	-0.03101450033774031
34	39	-0.031037719872372773
1	10	-0.031079577311176443
6	61	-0.03128183757253837
3	19	-0.031380775040957
11	45	-0.03160216013173017
32	63	-0.03163511635699983
3	48	-0.031907239888876546
33	53	-0.03196741600892432
16	35	-0.032008576498073704
31	36	-0.03204453901862346
19	62	-0.03210642728806897
14	63	-0.0321074815618785
1	53	-0.0322424072276132
26	54	-0.0323197657622751
18	43	-0.03244582312523543
11	32	-0.03247959666039937
15	23	-0.03250038577122625
3	8	-0.03251558616166452
46	58	-0.03261635165838036
46	59	-0.03261635165838036
46	60	-0.032616351658380574
3	46	-0.0326999869147338
20	37	-0.032715834487928294
36	44	-0.032718523510048524
20	62	-0.032870296474434686
12	48	-0.032960953202394616
45	61	-0.0329676237885516
28	40	-0.032983805271553084
20	60	-0.03308962946232163
20	59	-0.03308962946232204
20	58	-0.03308962946232256
6	24	-0.033137474399082614
19	44	-0.03314168788127887
33	52	-0.0332744254655671
39	64	-0.03329563274428807
7	15	-0.03333160089543596
22	57	-0.03333423672968955
38	64	-0.0334296836751692
10	19	-0.03343435868181038
17	38	-0.03346228965712938
12	53	-0.033604003311300645
7	62	-0.03367719573136131
41	50	-0.033769805939522404
8	32	-0.03379377844888229
6	12	-0.033811432132527186
8	31	-0.03386035685187374
33	56	-0.03396134835794059
11	20	-0.03400628227898836
19	39	-0.034016687687769186
9	22	-0.03402590587095315
12	31	-0.034029630082852605
11	21	-0.03404104668025845
33	61	-0.034063640716823
11	19	-0.03425041060859006
14	22	-0.03426033105712666
13	47	-0.03426186510961084
2	62	-0.03430369331331129
14	31	-0.0343600237399376
24	53	-0.03449226006955163
1	61	-0.03453253226298841
30	63	-0.03458747195163059
31	57	-0.03470465096815527
17	39	-0.03477769630671043
34	49	-0.03478669132902983
10	44	-0.034851305620688895
37	44	-0.0348555894597772
34	54	-0.03498739183733339
29	46	-0.03498873298515014
18	29	-0.035101359992892295
2	50	-0.035104766280289676
2	49	-0.0351713324094565
4	35	-0.035229946792094596
26	56	-0.0352395515610743
17	61	-0.03525402500218743
12	18	-0.03528942273297695
6	25	-0.035390341959888626
33	50	-0.035481228812487386
30	54	-0.03558614406027912
19	60	-0.035608392378243724
19	59	-0.03560839237824393
19	58	-0.03560839237824492
39	45	-0.035653528918259625
22	36	-0.035672893764858646
12	22	-0.035835656166218345
47	55	-0.03584751236061878
47	57	-0.035914213914188614
2	7	-0.035997218829631875
3	36	-0.03604906767492956
18	61	-0.03607033997096243
21	50	-0.03638088490103525
16	29	-0.03638701060729526
17	57	-0.03641195893598145
45	60	-0.03645897325293902
45	58	-0.036458973252939474
45	59	-0.03645897325293952
13	21	-0.036485870069115765
1	52	-0.03648638205869592
7	57	-0.036537941201005904
30	40	-0.036610610500348695
3	37	-0.03665068591469365
5	37	-0.03665268087974046
18	24	-0.036724044728188306
22	35	-0.036813727200199826
26	49	-0.03682266370857844
6	44	-0.03691880845952222
19	37	-0.03705869742934499
45	51	-0.03714654502874881
12	41	-0.03720813713291448
23	54	-0.03720862435785575
6	18	-0.03722547674990947
23	63	-0.03734733098409741
24	45	-0.037418458200983724
17	56	-0.03745455406183795
6	37	-0.03759369592974489
13	40	-0.03770575085568812
31	55	-0.03773452645055505
7	20	-0.03778630419937451
11	44	-0.037811349340357306
10	32	-0.03792389276353973
17	37	-0.03793105866475787
2	35	-0.03799181305492717
46	61	-0.03804615639468363
31	38	-0.03819395056714127
6	19	-0.03822093943615662
23	48	-0.03823755794605523
16	43	-0.038240639636991584
17	35	-0.038247628562636936
29	40	-0.03826755369672333
6	47	-0.03855840057887769
30	47	-0.038616355806042175
20	54	-0.03866525986015515
14	34	-0.03874275734045089
25	44	-0.03889275854737345
3	64	-0.03897855182705086
28	41	-0.03898612308509414
22	39	-0.03900953848772806
1	20	-0.03905676768339433
22	55	-0.0390646868935168
9	21	-0.039069858451123436
6	16	-0.039102853100834
17	49	-0.03913509185005932
13	33	-0.03918010862987888
26	31	-0.03925483636845395
10	21	-0.03926805546406814
43	62	-0.03935326139920276
42	49	-0.03949547410104895
6	17	-0.03952114397704687
32	46	-0.03955987267712985
22	54	-0.03977899043381658
44	50	-0.039856798725796116
26	55	-0.040054777290955926
40	45	-0.040273621897522496
20	51	-0.040365377646213306
6	28	-0.0405686997127667
27	40	-0.04066732789490731
40	64	-0.04068119049958085
12	47	-0.04080675930779219
21	63	-0.040813769866666176
37	43	-0.04090256035674117
1	13	-0.04092450099803029
3	17	-0.04097212844167039
12	17	-0.04098998498615841
22	27	-0.041163373754998324
40	47	-0.041204047939250386
32	62	-0.04120672002032927
33	40	-0.04120711037212155
32	38	-0.04128229814640785
35	44	-0.04132109099058927
19	54	-0.041414215577551955
14	47	-0.04142701969669719
18	40	-0.04146893938675911
2	63	-0.04147251730462535
6	56	-0.04157308997468537
31	49	-0.04159910166613789
26	57	-0.04161927508342919
40	61	-0.04167172607522301
21	56	-0.04178124480226596
8	44	-0.041782316169214254
3	9	-0.041821524898727876
1	14	-0.0418370622287302
43	61	-0.04187391519971679
41	60	-0.04192248595441283
41	58	-0.041922485954413405
41	59	-0.041922485954413835
19	61	-0.04203821233490003
21	36	-0.04207604602107458
2	19	-0.04208914796833125
1	57	-0.04209272987232746
3	35	-0.04219633340676733
1	56	-0.042216701849527555
22	51	-0.04227820065862317
14	21	-0.042455288577292735
46	51	-0.04251867002317286
22	49	-0.0425382047940869
31	63	-0.042705797540828205
1	54	-0.04272806262047352
42	50	-0.04275190427789499
1	34	-0.04276373024421791
9	41	-0.04291866069944217
31	51	-0.042953846733936596
5	59	-0.04300562815243444
5	58	-0.043005628152435416
5	60	-0.043005628152435624
13	32	-0.0431169136978244
36	42	-0.0431543464561361
26	40	-0.043185554459842325
42	62	-0.04318839242145805
6	13	-0.043244519114871975
30	48	-0.04347204561134477
27	41	-0.043686903364438825
22	28	-0.043772345286700154
27	44	-0.043777872789602074
12	21	-0.04377908118358761
21	48	-0.043939888421516096
31	39	-0.04394489298457815
22	63	-0.04401074847893271
17	36	-0.04413390523142764
2	11	-0.044290892001919394
33	57	-0.04436371901900881
28	44	-0.04439036794043045
17	50	-0.044393237630655516
44	60	-0.04447250205595474
44	58	-0.044472502055955
44	59	-0.044472502055956056
6	30	-0.04456886641414585
2	16	-0.04463762852420078
6	23	-0.04468143800117524
5	36	-0.044724378251643895
40	55	-0.0452898005684185
14	40	-0.04539684171485597
32	61	-0.04547088870839108
29	45	-0.04547501638154259
33	55	-0.0456576454321409
32	56	-0.04570403342621094
21	61	-0.045868107306169775
7	30	-0.04588646053703892
21	27	-0.04588975893472533
20	61	-0.04602916797926588
2	58	-0.046512266807686324
2	59	-0.04651226680768639
2	60	-0.04651226680768689
33	49	-0.04655248189468266
4	18	-0.04666098804808061
6	57	-0.04707224797941011
19	40	-0.04708950014471945
13	19	-0.04713868130243353
16	21	-0.04714100977163954
6	31	-0.0473186228286788
2	10	-0.0473691724298275
21	55	-0.047433181603328566
1	23	-0.047500658985688164
5	28	-0.047597331703868095
18	30	-0.047633016598271335
6	26	-0.047671048465748884
3	26	-0.04769633403658975
14	32	-0.047772053184549815
19	29	-0.04779490062694769
17	55	-0.04781737578322639
3	27	-0.04790208042799726
21	37	-0.04802634292224654
12	19	-0.048202939102187814
43	49	-0.048319328569009036
6	29	-0.048400046210494256
2	24	-0.04840430690049148
23	52	-0.04842900252491698
40	51	-0.04843540913111739
3	28	-0.04851442847495738
5	50	-0.04860909382057786
4	49	-0.04893319018283489
22	47	-0.048986920765766474
1	12	-0.04900546415094534
10	43	-0.04903208478149969
20	29	-0.049049693733536646
32	50	-0.04911364327468489
32	53	-0.0491514084491354
15	34	-0.04917724048778917
43	60	-0.04937494457243534
43	58	-0.04937494457243595
43	59	-0.04937494457243663
2	61	-0.04943792459544592
9	32	-0.049438080315078486
11	43	-0.049637517046338994
37	42	-0.04965912055702431
2	51	-0.04967179088163418
21	57	-0.04975899910116587
16	30	-0.049828485568308385
11	42	-0.049863013103406184
32	57	-0.04986617739620784
21	38	-0.05000232495192576
13	20	-0.05026173850474929
7	23	-0.05028833595877268
33	45	-0.05032595078575722
12	46	-0.05046262831207821
6	62	-0.05050411325355757
4	45	-0.050558862516778866
1	55	-0.050591642385771025
14	19	-0.05059960062745128
46	52	-0.050715754817425504
26	41	-0.05088574378553766
2	37	-0.05094397914711019
12	20	-0.05101293975546478
42	58	-0.051042998388263205
42	60	-0.051042998388263316
42	59	-0.05104299838826398
14	33	-0.05107766541436796
21	47	-0.05109246641976834
4	37	-0.05125643880042119
45	52	-0.051282645503195515
40	46	-0.051631649750667086
18	23	-0.051723016707684095
6	51	-0.05175041944553817
31	47	-0.05186531958228508
43	50	-0.0519837621814863
17	24	-0.05201832421908472
42	61	-0.0520249663098581
3	11	-0.05209268598902062
18	56	-0.05245196447093245
13	18	-0.052596322563965264
39	63	-0.052617501192770116
19	56	-0.052642604533831114
30	52	-0.052769741079930016
2	29	-0.05296602676856946
35	41	-0.0529696372538427
46	54	-0.053040164356568636
24	44	-0.05315177991693113
5	56	-0.05319212015253552
43	64	-0.05325087495631497
1	33	-0.05330693722580387
3	59	-0.05334089705362166
3	58	-0.05334089705362168
3	60	-0.05334089705362234
6	55	-0.053378434140104375
1	30	-0.05344135146976488
5	57	-0.053572785125555224
41	61	-0.05360997708560186
17	29	-0.05362444437667684
21	51	-0.05366757597215791
4	11	-0.05371521629846917
31	54	-0.05389616933690903
32	54	-0.05390143904133509
46	56	-0.05396068799757574
21	53	-0.05402888954498118
20	56	-0.05404670995024589
6	32	-0.0541827405490446
36	43	-0.054263862250155726
3	61	-0.054315386849721224
12	33	-0.054321009318539004
23	34	-0.05438145180509561
32	48	-0.054392326341998504
4	59	-0.05449845386754135
4	58	-0.05449845386754142
4	60	-0.05449845386754189
15	46	-0.0545028685675784
2	38	-0.05450812251583474
45	54	-0.054575676154325334
10	42	-0.05468180886288132
6	33	-0.05468994481123679
6	15	-0.05477939903005532
19	55	-0.05481582938100592
41	49	-0.05490905008857025
6	52	-0.055167584200498415
13	41	-0.055294312347385244
41	56	-0.0553465202027061
46	55	-0.05541558116126351
4	50	-0.05546499449313734
16	33	-0.055570879020373616
46	53	-0.05579688564201443
13	46	-0.05584115361827931
17	43	-0.05590086303788118
17	44	-0.05593382580113977
33	39	-0.05610564358081014
18	31	-0.05611812071817773
9	44	-0.05622507099107714
4	36	-0.056379893611030366
12	32	-0.05642816094208006
17	33	-0.05647842060555747
16	23	-0.056529482433358744
1	39	-0.05654325714058808
1	31	-0.05655865449786293
5	12	-0.05665478929935343
4	19	-0.05676224730273417
32	49	-0.05678236855018087
3	10	-0.05694782871627538
20	39	-0.05700736938457617
5	55	-0.05705459540334264
21	52	-0.05725518640592972
16	34	-0.057291446670923604
31	52	-0.057346935752537166
14	20	-0.05738424961149457
6	27	-0.05746986664819311
23	53	-0.05758289940150995
30	46	-0.05761513242139982
6	14	-0.05772956017659023
6	20	-0.05785540117339412
4	10	-0.057937146090019896
5	13	-0.058357439664273376
8	43	-0.05856891982035538
7	22	-0.0587846316611039
5	61	-0.05887784908334018
28	42	-0.05887827134394531
7	31	-0.058937052017152027
19	30	-0.05901317807153612
16	44	-0.05923023634063537
3	25	-0.05925504434542041
3	62	-0.05926943134076723
20	55	-0.059408628059216206
1	22	-0.05955385397971341
23	46	-0.05956196362343187
43	48	-0.059619608857852724
32	55	-0.05974804937718014
19	31	-0.05987798026475982
18	55	-0.05990810041381611
4	47	-0.06005466888634152
9	43	-0.06016970605559318
41	55	-0.06033511718512512
17	40	-0.06034573483808238
17	30	-0.060351571900074306
15	45	-0.0603685305321547
5	35	-0.06067067429308454
19	57	-0.060724688709209725
42	47	-0.060766113308323266
5	26	-0.060838685313122774
4	38	-0.060969275375781326
30	53	-0.061155049739289535
31	40	-0.0612933317716033
8	41	-0.06137783332324845
15	40	-0.06143965655358401
14	46	-0.061573739146102195
42	64	-0.06158938913986693
34	41	-0.06175118276945031
6	54	-0.061898413227716886
5	45	-0.061910774295417415
42	48	-0.062006231167811315
40	62	-0.062008830804052395
18	57	-0.0623976190802815
16	31	-0.062454681406016
3	49	-0.06247697654940184
35	42	-0.06260906018408764
4	64	-0.06263043964360514
45	53	-0.0627618260355176
3	38	-0.06285103600591863
19	43	-0.06307696029521971
15	22	-0.06313740916561535
2	36	-0.06313941946455048
30	45	-0.06324839789041965
4	61	-0.06335437515393987
26	42	-0.06360602735424843
45	56	-0.06386437093428958
14	41	-0.06391997236284364
6	64	-0.06400451917936764
20	57	-0.06406951879011619
15	31	-0.06408690930874315
22	48	-0.06411635047157295
5	49	-0.0641817180980866
1	6	-0.06423052137364728
5	14	-0.0642576535028211
35	43	-0.06432621214696556
7	32	-0.06452422765582265
1	21	-0.06475136823136697
22	34	-0.06477416655630443
31	48	-0.06483450583357891
2	15	-0.06488601091011639
15	20	-0.06508339715915555
12	45	-0.06532456078325631
5	51	-0.06537431370685834
7	44	-0.06571471625604625
13	45	-0.06586113385660357
4	56	-0.06595544142597551
3	50	-0.0659879404037312
4	28	-0.06608279143436076
4	55	-0.06663565752366363
21	39	-0.06675522974275233
2	56	-0.06676650979813754
41	51	-0.0669505659418298
17	34	-0.06725731905074503
46	57	-0.06741118027605052
15	21	-0.0676015852922393
42	56	-0.06782043408654595
3	51	-0.06825817951299619
41	64	-0.06828884298581335
41	57	-0.06835458005080655
2	13	-0.06860223432048519
40	54	-0.06919174163042474
40	63	-0.0693943621241493
27	42	-0.0694697246659034
27	43	-0.06972075378641183
43	56	-0.06974166133701784
3	56	-0.06978137867162285
7	21	-0.06995520524425607
42	57	-0.07124420476159286
22	52	-0.07131086315000476
18	41	-0.07163844398916082
43	57	-0.07167948220911352
3	12	-0.07171219460177693
15	33	-0.07171636596685173
23	45	-0.07181317628194617
5	27	-0.07185049416982321
6	53	-0.07190958274020616
4	12	-0.07201524296291141
3	55	-0.07215876150213099
43	63	-0.07228060134690613
6	63	-0.07239639950020456
45	55	-0.07272525730516133
5	29	-0.07292456604227295
4	13	-0.07297133728534597
13	43	-0.07297802413511739
2	53	-0.07298519906120904
17	23	-0.07298668501291239
4	57	-0.07300596593872234
26	43	-0.07302551652895115
3	13	-0.07326781634368028
24	41	-0.0737340485691587
29	44	-0.07375635394902161
32	39	-0.07376010318335194
3	63	-0.07378329452842215
5	46	-0.07386285469081916
2	57	-0.07395054226536225
29	43	-0.07413719451259536
17	31	-0.07425830918668697
3	29	-0.07455159264338374
5	47	-0.07455385851503193
4	48	-0.07460936838816398
5	25	-0.07475124347467589
44	51	-0.07475615499391722
1	32	-0.07479646572459998
5	18	-0.07480113151813994
22	40	-0.07485559330034294
6	22	-0.07486155117382264
29	41	-0.07498111746080924
2	34	-0.07504298078905246
16	22	-0.0752625598483912
5	19	-0.07542348196254527
9	42	-0.07546913022415863
5	24	-0.07550143617753745
2	55	-0.07555864021967083
31	53	-0.07572112488859369
4	17	-0.07598040782184581
14	45	-0.07638091738269653
13	42	-0.07642926524537193
41	48	-0.07646711543898631
22	53	-0.07662305699704011
4	25	-0.07667160475386398
25	42	-0.07696964514159747
25	41	-0.07697579424014139
20	40	-0.07698306850600822
13	44	-0.07709887461784876
25	43	-0.07715756757094525
2	14	-0.07722674058105525
44	56	-0.07726566518537936
42	55	-0.07733651736727416
43	51	-0.07735889870931612
4	46	-0.07743325249751334
4	29	-0.0774701541584217
2	12	-0.07751338261223463
4	27	-0.07756771513087007
5	64	-0.07768027542489003
12	44	-0.07813117877355183
31	46	-0.0782490249856271
2	33	-0.0782821119385431
5	15	-0.07831631309167944
14	43	-0.07893852979641433
4	51	-0.07909802763983086
15	32	-0.0792917945674994
41	62	-0.07941948115067746
5	30	-0.07980227494583873
16	32	-0.07981726754536428
4	26	-0.07986774274510218
22	46	-0.08011211967069053
39	44	-0.08011821727974941
5	62	-0.08028942728050531
24	43	-0.08030717257397302
33	42	-0.08036757707004259
45	57	-0.08040968142466752
16	40	-0.08049738195858394
17	32	-0.08073485940557182
6	21	-0.08087187683241762
21	45	-0.08113920088380934
29	42	-0.08163341799922841
3	24	-0.08191685600243721
41	47	-0.0819279979033776
17	22	-0.08198761897001977
12	42	-0.08227426196540845
4	24	-0.08243088477160633
1	40	-0.08244878872622713
22	45	-0.08248934655913115
42	63	-0.08251372440331489
18	42	-0.08309472439390152
17	41	-0.08313996970833948
20	44	-0.08319056360617634
15	41	-0.083282657103432
40	52	-0.08332607965528577
15	43	-0.08334295834103181
4	14	-0.0834221086227734
2	54	-0.0834935767763326
3	57	-0.08388039046958602
14	42	-0.08394617756703553
40	53	-0.08432437782956528
12	43	-0.08482448120158387
21	46	-0.08492909297826223
32	45	-0.08507518942761028
4	15	-0.08520650542147784
4	30	-0.08530193316852815
4	62	-0.08549739334608566
43	55	-0.08563307693360099
7	43	-0.08586615050200007
3	14	-0.08626889792652505
31	45	-0.08653780768100933
5	23	-0.08702083919719347
44	54	-0.08732847348325211
34	44	-0.08736414035291351
5	48	-0.08738067552765123
14	44	-0.08743850855021845
8	42	-0.08746709005172192
3	16	-0.08763455637207215
42	51	-0.08777121481954687
2	30	-0.08876386943159177
2	52	-0.0888968260600515
23	44	-0.08948624900422518
2	23	-0.09021174860395423
30	44	-0.09022058838557022
3	53	-0.0906547907546215
44	55	-0.09098849953653422
24	42	-0.09100226255279426
15	44	-0.09118133122192087
44	57	-0.09127566497421347
4	34	-0.09197046164621493
19	41	-0.09212912393639634
23	41	-0.09245251039194786
4	63	-0.09272583316574042
2	39	-0.09328921101235262
2	20	-0.09375151972451795
41	54	-0.09473565963438385
5	63	-0.09476676123236454
5	34	-0.09512280603990607
41	63	-0.0972132643655508
30	41	-0.0972359263844523
5	16	-0.09841855138978212
17	42	-0.09846619046347063
41	46	-0.09977238669977481
33	44	-0.09992677160363489
4	16	-0.10004313047301559
23	42	-0.1001096195384043
19	42	-0.10025321328570856
21	40	-0.10097454043506718
4	23	-0.10124583773517948
3	15	-0.1028285931245443
5	52	-0.10284193663294644
30	42	-0.10297689604854948
44	52	-0.10307810343644329
15	42	-0.10378617572130718
33	41	-0.1040039297698051
43	52	-0.10406843622133524
30	43	-0.10459865033893208
5	54	-0.10473729778943731
3	39	-0.10524568449943562
3	34	-0.10531345615450578
16	41	-0.10634756641421184
1	42	-0.10687223794079853
20	43	-0.10690330085501033
23	43	-0.1071387499443309
4	39	-0.10727439731393831
3	54	-0.10746341701953648
2	31	-0.1086506668050197
16	42	-0.10911349021751224
3	30	-0.1098008239579559
5	17	-0.11046411776862185
5	53	-0.11123179434601414
5	44	-0.1117177145750324
3	23	-0.11207703956056989
41	53	-0.11221171420487729
3	33	-0.11259116033927007
43	54	-0.11303828435066109
6	43	-0.11307870714969369
3	20	-0.1134189565924614
44	53	-0.11423329847246212
32	41	-0.11554367977513386
3	52	-0.11585570986799773
2	22	-0.11745696792187793
41	52	-0.11928777275207905
31	44	-0.11943983793614454
43	53	-0.11992326968022946
4	33	-0.12206587240250297
22	44	-0.12244712160709548
2	21	-0.12245128784669304
5	31	-0.12296402269843043
4	54	-0.12376542705816401
1	41	-0.12419750212807898
42	54	-0.12616467084943203
34	43	-0.1269623364481698
21	44	-0.12701038481330867
5	22	-0.1277371355054931
7	42	-0.12839925600545699
31	41	-0.1305617241889027
5	20	-0.1308232142385219
4	53	-0.13123861009199214
31	43	-0.13190248337490865
4	52	-0.13193286126749298
5	32	-0.13232108800138326
32	42	-0.13304058472399083
22	41	-0.1332416170876235
5	33	-0.1335955701396574
4	22	-0.1346142000871418
32	44	-0.1346287071829336
22	43	-0.13516377987643124
2	40	-0.1359375844968687
33	43	-0.13654076334644583
3	22	-0.13772461883578513
20	41	-0.13807742528289108
4	32	-0.13885038057912466
4	31	-0.13893217376767594
5	21	-0.14025480024063397
42	52	-0.140786064638996
22	42	-0.14142457596067776
3	31	-0.14229457872983292
31	42	-0.14249399767661386
42	53	-0.14345755390221382
2	32	-0.14764911023699007
20	42	-0.14800761254226188
3	40	-0.1481358054005323
21	43	-0.15058492208910726
21	41	-0.15194493575311876
4	21	-0.15762194311563377
21	42	-0.1606433911319797
4	20	-0.16296731881663445
3	21	-0.16438821287151045
32	43	-0.17127046572081567
3	32	-0.17791818067304777
2	41	-0.18777960525040036
