#====================================================================================================
# This result is computed using convolution with a 3x3 matrix on mean-field DCA
# The first and second columns are site pairs. The third column represents interaction score
#====================================================================================================
10	59	0.13500410219839554
48	66	0.1238935371630965
48	53	0.12251098063646211
52	67	0.12052993852887259
15	59	0.11942930413176586
16	61	0.11929734011913817
46	65	0.11617509929111783
50	66	0.11365506727257785
9	59	0.10999020152803322
8	57	0.10892504851369539
9	37	0.10824219155865687
12	68	0.10821160926520379
18	49	0.10640592074891245
39	54	0.1053365110252522
50	65	0.1051938420369439
12	63	0.10410950009058191
26	33	0.10267902773168464
8	47	0.1024825348136798
6	17	0.10163720833214612
51	62	0.0991839603563465
10	65	0.09772636362833823
6	16	0.09761483688138706
53	58	0.09670485720371287
3	40	0.09250326132330272
6	45	0.09109300116076013
46	62	0.09057078785716516
9	58	0.08983646429736392
53	64	0.08906554113481412
50	67	0.08879848214340494
27	35	0.08862571168211476
37	52	0.08664076719599126
52	66	0.08559580339122473
52	62	0.08416573420994712
48	65	0.08403799623095555
44	63	0.08378071003687891
46	64	0.0829755594795633
8	18	0.08123604734573742
48	67	0.08054554963389284
45	62	0.07872693117410882
49	55	0.07864676647761343
4	42	0.07863395843648092
37	55	0.07832654510910818
26	34	0.07718339538909415
8	59	0.07653396840565713
52	58	0.07614045155482846
25	33	0.0755729905971047
37	54	0.07548350627670575
8	56	0.07361689939831136
27	33	0.07329912234360195
5	21	0.0732423332827489
27	34	0.07245546260860256
7	23	0.07152844802295144
8	46	0.0713533804559232
4	41	0.07128385545653333
48	68	0.07113860980543486
12	61	0.07070008828613436
3	41	0.07033709705750733
51	60	0.07026007423525589
63	68	0.07011118881025681
11	61	0.06953976325716765
39	53	0.06950285732654787
47	66	0.06930931184106552
14	59	0.06887928399072149
7	50	0.06881725747472969
15	60	0.06874004918169718
3	42	0.06858643277539916
52	57	0.06839295938548048
44	60	0.06770918710888359
21	53	0.06760310893331957
39	56	0.06746162353067912
7	16	0.0672878307445251
11	59	0.06724254282783304
12	62	0.06690072624744159
2	18	0.0665590985653331
1	18	0.06616564575036958
15	61	0.0660786665673919
38	54	0.06599906743262832
7	47	0.06566478811865152
39	52	0.06561620491096172
10	61	0.06500249265964311
20	51	0.06490546840680635
16	59	0.06428195067042367
5	42	0.06363091846756658
51	66	0.06249201017142154
46	66	0.06231281324455207
26	35	0.06211703055974933
47	65	0.062015720619903014
12	51	0.0615201650477198
10	64	0.061511917905369196
16	23	0.061177986485341215
59	64	0.0600471560923802
44	50	0.059948238528210775
9	35	0.059941708458361456
7	57	0.059818523709139655
4	40	0.05974210129493683
38	55	0.05970588517502397
10	66	0.05944546925462006
25	34	0.058940164879441925
9	36	0.05862264236582325
14	64	0.057769069958167794
9	57	0.05757240674954952
7	37	0.05746183544061287
39	57	0.05737136945339199
51	67	0.057329548823030124
43	50	0.057207281851251617
8	58	0.05663259023221298
7	62	0.056515688511354675
44	52	0.056044541918830446
7	35	0.055823111468874656
8	63	0.05580014503592048
46	67	0.05576519827120647
12	18	0.055536482296987225
10	68	0.05549271715558312
50	64	0.05516748348927232
8	37	0.05467240179189642
23	53	0.054359974507765314
2	56	0.05425901029989682
1	11	0.05393598010986385
15	21	0.053846742346348765
17	47	0.053493276152079085
28	35	0.05346778547863556
5	41	0.05324170405669664
16	60	0.05271153610862273
2	19	0.052473017063980346
6	18	0.052453658380181796
25	47	0.052253088057351016
11	18	0.05195663951591572
3	56	0.051803649077404666
16	69	0.051355339948234005
30	45	0.05041055745310393
13	42	0.05032929813415787
37	53	0.05004722746870409
61	66	0.05003880919502979
7	61	0.050022785758852197
10	60	0.050019819370172566
65	66	0.04991239667907277
50	60	0.04989693809560968
1	17	0.04974053325275738
45	60	0.04968900923868426
5	60	0.04913027782676167
51	65	0.04909276970340008
23	54	0.049078540811556846
44	53	0.04830727398632818
7	17	0.04800154373938873
19	49	0.04766460679016402
51	64	0.04760150899216598
5	35	0.047183042634144676
52	64	0.047148971951901354
5	61	0.047033296447610215
28	34	0.04698949491198334
39	55	0.04686678438154657
52	60	0.04672731070459615
27	47	0.04669581065973513
6	47	0.04637703863763121
39	46	0.04609390957266783
10	58	0.04594410349870061
15	69	0.04585533780729721
14	49	0.04555728535968526
15	16	0.04538029640698361
44	61	0.04510309064382772
44	62	0.045074106759985764
48	62	0.04503070402142457
6	23	0.0449148198240802
45	63	0.04464263061059216
47	64	0.04446971102454055
41	69	0.044424719443849736
2	13	0.04423241256240994
1	19	0.043885862617797436
24	34	0.04380348190994716
3	18	0.04337730680240301
14	21	0.04337078853909728
50	58	0.0433571638532801
22	53	0.04327312680549877
24	33	0.04281225512638389
3	26	0.04244782572197267
11	60	0.04235309797451748
58	64	0.042342505589732606
42	52	0.04222952884676105
6	21	0.04194600537176036
5	22	0.04093953812155078
44	51	0.04067195523111364
7	60	0.04059348172554047
10	69	0.04025553762143021
5	15	0.040225190254583404
5	23	0.03987711340402258
5	27	0.03974714551476933
13	18	0.03969915918092954
41	53	0.03956582327597745
40	56	0.03954378395085947
52	63	0.03953118403326208
15	23	0.039327447845795144
6	55	0.03932275755039307
1	13	0.039273964210897794
43	48	0.03922404151477258
28	33	0.03914140646663729
38	56	0.03904218747311556
20	46	0.03901490250780207
46	53	0.0389641874964305
24	31	0.0388883472148073
14	20	0.03881155244704954
52	68	0.03878898296791994
12	49	0.03876501322820685
11	68	0.03871278901226419
7	36	0.03861000670992383
21	52	0.038241775836349606
13	19	0.03822996075405135
8	45	0.038170975115809226
18	47	0.03810598441829404
42	48	0.03807222669866076
20	30	0.03796420590804891
23	50	0.0377087028381695
18	46	0.03767603304770967
3	39	0.03751314864934086
14	69	0.03726008752554546
13	43	0.03720226649229767
59	61	0.03718679693962412
11	19	0.03716662979185719
7	59	0.03716320648329707
2	11	0.03686172389772232
13	51	0.03682784061339409
8	19	0.036748343564185465
13	20	0.03671343005607636
3	19	0.03628344607030305
21	48	0.035920634835139256
26	47	0.035731738343926324
44	49	0.035575977486158816
49	54	0.03547242405736263
14	50	0.03536860927231268
45	65	0.0351720228054178
51	68	0.03505905467386815
4	27	0.03504119792660262
54	57	0.03501523671767283
24	32	0.034975336031564164
53	63	0.03490782476943656
47	53	0.034707800833855926
6	46	0.03462320761401989
13	63	0.03459166563381187
11	66	0.03458658511573459
7	18	0.034562157702717256
48	69	0.034522374902519304
3	33	0.03450516557161856
9	14	0.03446488315333493
4	26	0.03444851252978092
4	55	0.0341801121802358
37	56	0.034101079117797035
23	55	0.03402724169594816
11	37	0.03401951730322288
8	35	0.03399785692021611
10	15	0.03396394537681696
10	57	0.03395671320113576
2	55	0.03394964697809407
24	29	0.03385286981890426
52	65	0.033819620351027146
64	69	0.03369926639961711
47	67	0.03364134907436876
14	44	0.03362219439665841
24	36	0.0334631075386232
58	66	0.033445515017405544
16	47	0.033351132257611965
31	36	0.033248498173603334
43	66	0.033224354992125615
6	37	0.03305118869360078
23	68	0.03297871518289163
15	67	0.03291810819321037
2	40	0.03255184476077034
49	52	0.03235336917511221
53	57	0.031854553821383566
50	62	0.031664599870128964
31	38	0.031571649930091705
5	62	0.03153735040675988
12	19	0.03150969582093916
25	35	0.03150205715082785
4	33	0.03130142700337102
18	27	0.03106662425114927
30	46	0.030972726557922322
15	68	0.030807209922856196
22	54	0.030710300184283338
20	38	0.030595034636740247
45	67	0.03050378302316522
8	17	0.03046384952983338
44	54	0.030223166962024553
43	52	0.030060760611387453
22	32	0.02998473328951691
5	14	0.02996951839435652
15	22	0.02987461562266726
8	65	0.029678425524491257
21	54	0.029565005072338644
49	62	0.0295010193386395
8	39	0.029270195305649116
46	60	0.029196163018774403
17	18	0.029191029714601673
29	34	0.029131000516558696
20	45	0.028770204473195088
28	44	0.028734311511965847
44	64	0.028664551179266713
18	45	0.028548251082237512
19	51	0.028498070739003782
41	54	0.028484359576109872
21	66	0.028428026413029737
62	68	0.028269082531787497
50	61	0.02805087604651107
27	41	0.028021187265305017
30	66	0.028013255973606238
39	51	0.027983992892686594
4	56	0.027906055803442104
40	54	0.027845907741887728
38	52	0.02784389529436013
4	34	0.0275946352881759
62	65	0.0275929150443492
9	65	0.02748228836827716
3	13	0.027480983446020645
28	41	0.027404259629253525
17	61	0.027202357378744487
7	58	0.027155620021432993
2	41	0.027028523717483748
61	68	0.026982248152128085
30	38	0.026908877662469924
8	64	0.02677241195040459
11	17	0.02672738343653731
9	52	0.02672671292572366
4	35	0.02669775031019505
17	25	0.026645142109597734
32	38	0.026443764530155085
20	32	0.026357551977987455
57	64	0.026175103493373066
41	43	0.0261064344074731
20	31	0.025865952770398506
16	48	0.025842261457439744
44	67	0.025613464102707255
50	68	0.025254384542465334
20	50	0.025062756633862687
14	43	0.02489505030043839
32	37	0.024780219309518306
25	31	0.024694121613737036
63	69	0.024421081398297313
12	52	0.02437664185826363
14	60	0.02428870795145869
24	35	0.024256882786649503
7	45	0.024211076328635055
13	50	0.02417014044371232
14	22	0.024082521775617823
10	16	0.02402375032988617
10	37	0.024011079254182346
38	57	0.02390919865372092
14	51	0.02383998216332719
28	43	0.023786648684880056
15	39	0.023728890058300714
2	20	0.023621479484681913
53	69	0.02339171112390928
12	50	0.02337327268016559
13	44	0.023326084190507607
16	22	0.023214299370639152
49	64	0.023132563035793665
5	34	0.023110821138574537
12	66	0.02302375123122593
6	60	0.023009653693825773
25	45	0.022952879402391338
17	69	0.022866283992184905
6	61	0.022845012598913146
7	56	0.022812394257697242
49	63	0.02275241234619966
35	41	0.022641751664257408
26	31	0.022632001828263457
7	22	0.022616603539754334
10	67	0.022463013453654153
51	56	0.02246271873182844
11	20	0.022447451457811834
6	22	0.022330066874520445
26	41	0.02232351939945025
33	40	0.022318154914850685
8	55	0.022316524684198313
5	26	0.022276811007785856
2	57	0.02226992923590127
2	54	0.022256425203112738
3	55	0.02220790790764788
19	46	0.022059001698726828
9	64	0.02199213703088427
42	50	0.02197338416817171
18	55	0.021898691716101322
26	40	0.021831182317298296
34	41	0.02153896203319579
48	64	0.021537159928488078
50	63	0.021522799210435522
3	34	0.021466387247339975
3	27	0.02140042006642348
43	61	0.02130671107341779
50	55	0.021273506470266684
24	38	0.021222772782632952
2	51	0.02112267926969954
20	56	0.021072864744634046
12	42	0.021056232605654115
43	67	0.021054521591206046
16	41	0.021024521366676298
57	62	0.020915761157665167
25	32	0.020866868051189504
45	61	0.020786653449377926
9	63	0.020762499585075554
4	28	0.02065806448641391
13	64	0.020553709137674334
20	55	0.02046004033864907
55	56	0.020430484926033995
13	56	0.020428104240358468
9	60	0.020299014636116806
33	41	0.020167765669872453
22	31	0.020091188138876587
31	37	0.02003451072698293
3	25	0.0199642553307926
27	49	0.01995170897993089
6	15	0.019939141293074933
7	55	0.019700505474131668
6	62	0.019694599374144757
1	12	0.019667927805865435
40	67	0.019640485605226358
8	36	0.019620629672436652
37	46	0.01956434195791726
6	38	0.01933931986000771
13	49	0.019170501002398848
4	25	0.01915296139683102
33	42	0.01910116459054024
5	28	0.019037860179121555
29	36	0.019017786509168435
22	48	0.018878180019358627
38	46	0.01883335477871862
14	63	0.018817438908157492
19	27	0.01870887963234237
26	27	0.018686075888858657
4	32	0.01866891268585282
9	69	0.018582034728625168
53	56	0.018536278295282333
17	45	0.018532607303666564
26	32	0.01846276342311863
32	40	0.01843852440643723
3	43	0.018332054912309517
38	45	0.01804823187415514
53	54	0.017984924168508012
30	36	0.01786156234151187
25	36	0.017676883253313735
2	39	0.017621660451678137
34	42	0.0175618668705022
40	53	0.01753721001063452
1	56	0.01753530321951314
12	64	0.017498574245117412
22	52	0.01742086348172715
23	34	0.017376182750093172
5	33	0.017344931642312402
3	11	0.017293317028162877
11	16	0.01728480046855977
2	17	0.01711116823838901
40	45	0.017091548048756625
65	67	0.01708762002388496
30	35	0.017083377007480235
27	32	0.01699407407277638
33	38	0.016846011734098977
24	30	0.016681932460614324
64	68	0.01664698143498171
12	20	0.01659702548676032
35	44	0.016554688611953257
20	36	0.01654522695202316
49	65	0.01642708755755743
23	33	0.016424793472147915
1	55	0.016353496269734827
5	37	0.016347322041886783
22	50	0.016251485612863614
22	68	0.016243662698504694
24	69	0.01622993490443344
12	69	0.01617938992559515
67	69	0.016161372762397368
12	43	0.016157723120138003
12	67	0.016068360191813076
11	36	0.015941874482127714
21	32	0.015936497150975792
7	15	0.01578186025632689
38	53	0.01576147763774522
46	51	0.01571926607174014
40	69	0.015374204768520739
37	45	0.015319188922199078
4	54	0.015204636122886616
26	36	0.015179237308054622
5	40	0.015055149661483571
31	43	0.014972079389079806
28	58	0.01496140767409908
65	69	0.014953719514077079
10	41	0.014726591390226165
17	46	0.014725702799123415
42	54	0.014668382386440068
14	68	0.014628686402776314
39	67	0.014606750318285538
32	45	0.014583134865264106
41	56	0.01445708816784902
22	36	0.014429379079159678
22	37	0.014354925972119292
11	15	0.01433540968817384
33	43	0.014326431410918116
22	55	0.01429293123886971
30	64	0.01427799462280681
30	43	0.014088195181137353
22	66	0.014063718495654704
41	61	0.013988486470944392
14	42	0.013940327313103199
4	31	0.01388703855293083
27	36	0.013869706258812578
40	52	0.01378053916228402
40	41	0.013764424046284479
62	63	0.013749761821434552
1	16	0.013735403665521846
20	35	0.013709633444432275
5	43	0.01359798423392909
4	24	0.01359290451942281
32	47	0.013577991248991325
51	63	0.013555181627256104
1	9	0.013510010627657358
29	43	0.013496231990222022
30	58	0.013491537400145996
22	67	0.013480942504044148
27	42	0.013461513941960374
50	59	0.013441124363806876
16	68	0.013336631999651962
3	57	0.013270954567828746
21	38	0.013265493470900933
26	42	0.013180883132499339
46	48	0.013161516805477037
19	24	0.013078848836082669
21	31	0.013074897796966875
16	25	0.013060950718167187
23	31	0.013043163898696
34	43	0.01293669959603457
18	50	0.012922052118315649
6	19	0.012891960219136986
35	40	0.012868948154937408
42	67	0.012787487047403887
46	68	0.012765369127956266
40	46	0.012715840086123658
16	21	0.01259796460387023
33	69	0.012597096829831587
17	48	0.012513033395772548
29	64	0.012425875809016839
33	39	0.012389429857009703
34	69	0.01237601441956326
28	64	0.012301695595853146
30	49	0.012284298098703784
57	59	0.012281593536219366
6	25	0.012258410144853087
3	20	0.012255758226000123
13	62	0.012160186567761603
57	58	0.012091488186173711
1	2	0.012073094876800703
3	6	0.012061118612226846
48	55	0.012029040924453324
10	63	0.011979561432005958
19	56	0.01186094158797334
57	66	0.01182341384330875
23	66	0.01178998931695054
10	13	0.011788105876844066
10	35	0.011711153943060782
6	48	0.011698686511098086
24	43	0.01165030630613637
45	57	0.011644350656756527
11	58	0.011609275703219152
20	29	0.011550608435404845
46	61	0.011449928712583922
8	10	0.011275976302194575
31	40	0.011265058659511856
29	45	0.011238496421609345
13	69	0.011201772706357836
29	49	0.011138056192238097
26	39	0.011102361630560857
5	36	0.010968151581178592
23	29	0.010948689113207524
7	12	0.010859226458587843
28	42	0.010793621079142326
20	39	0.010785399131742287
22	38	0.010778150356524642
21	49	0.010768898005583316
51	61	0.01076706571150618
4	53	0.010737929624307313
41	48	0.010694013700946144
20	37	0.010688582628681819
22	34	0.010685749503217212
43	49	0.010683297481590298
54	65	0.010655093096443607
1	39	0.010634277174053477
19	55	0.010613941729644048
31	45	0.010521086935112915
48	63	0.010459626296549212
61	62	0.010430284609814709
19	25	0.010337571868359367
61	69	0.010297155989328913
41	44	0.010279178367106054
3	4	0.010264842666462992
47	68	0.0102249706846431
7	49	0.01020527554147539
1	20	0.010186616171281831
10	14	0.010106159383445761
45	48	0.01009904562083286
18	25	0.010091763467747228
29	35	0.010031843553920734
6	56	0.010025068437656976
21	67	0.010005295937716341
19	26	0.009976903756073598
4	39	0.009969586221287253
4	19	0.009948522205800017
10	36	0.00993561806138539
5	13	0.009921642374834842
1	24	0.00992007165258223
19	31	0.009915752268038919
29	58	0.00987011311197684
34	40	0.009868240985503653
7	63	0.009842175123202188
23	36	0.009837710587603422
9	68	0.009815213886237677
4	43	0.009753252525046186
9	15	0.009744872241319867
4	58	0.009709558991009653
19	32	0.009692901692777114
22	33	0.00962599741898719
28	36	0.009608399625423456
7	21	0.009579232228459753
32	43	0.009579142775505926
23	32	0.009547907096938453
32	39	0.009496430146083527
28	40	0.009408641689592158
14	23	0.009403177131662997
21	50	0.00940225547013007
43	62	0.009355294156027904
30	60	0.009348932701942227
23	67	0.009308162414664905
20	40	0.009270076003048258
5	24	0.008966155636276387
21	43	0.008932744231774188
17	27	0.008893509699911126
19	29	0.008777391494432815
29	38	0.00874728055972249
13	24	0.008746609424635994
21	36	0.008690717618748282
43	54	0.008654732283878466
21	37	0.008651608604248805
13	36	0.008639929032401166
5	48	0.008635260943914591
5	59	0.008629160802581411
30	44	0.008531888911889957
25	38	0.00846626522832048
40	47	0.008438360928971373
60	63	0.0083337741298109
3	35	0.008255335098707068
6	57	0.008207262932728408
37	57	0.008193168511922776
60	62	0.008141613554886289
17	49	0.008107305214300154
45	47	0.008096904499075653
51	58	0.008078720184566117
38	43	0.008027322637002128
18	54	0.00795093105402051
19	34	0.007922129217958648
48	52	0.007846757064667935
20	34	0.007838420177722565
55	69	0.007833403184659408
43	63	0.007825015822664715
6	49	0.007799146041352177
44	48	0.007793291391410447
36	46	0.0077846463515763055
51	69	0.007779271485222207
21	51	0.0077743516660365546
43	65	0.0077646692268502834
20	49	0.007745853453869024
24	37	0.007726097284255155
4	22	0.007715500134220114
32	46	0.007605586569138155
25	48	0.007512634732106296
4	20	0.007472519037258557
7	19	0.007392158642893078
6	54	0.0073877315083232045
23	49	0.007377772587601056
45	64	0.007329957911391765
4	36	0.007170111886842259
19	33	0.007113254574303331
3	54	0.007103814548367842
15	44	0.007084936335992475
36	38	0.007071373988526143
5	11	0.007063498172613069
31	69	0.007054792976854865
29	69	0.007030171413542549
20	33	0.006982343845385346
49	51	0.006981458207546904
1	41	0.0069774740406907875
46	69	0.0069745091382985205
27	40	0.0069159783144611044
35	43	0.006915455352596566
15	43	0.006892489724051498
21	34	0.006803127141440534
2	38	0.00679241849192122
15	41	0.00679212215875151
26	38	0.006703658393133563
10	51	0.006691707630369553
32	41	0.006639630832961157
10	12	0.006623276038389041
22	45	0.006613111108650312
18	26	0.006547063758638383
11	63	0.0065393289293434595
30	53	0.006522087263145194
1	63	0.006407861704786131
35	45	0.006391567570906675
36	39	0.006342322432064934
18	56	0.006319066648334696
66	67	0.006296034626866627
15	20	0.006286659938391665
49	59	0.006239193955675182
42	49	0.006232519111096299
5	25	0.006148935302780222
13	68	0.006064512694751217
13	55	0.0060572133166768094
28	51	0.0060337795652743095
52	54	0.00602549460962952
15	29	0.0060093924215353905
35	42	0.00600599138125584
14	19	0.005978976678476343
11	51	0.005908228911502677
22	47	0.005878540093197247
27	38	0.005854099173819639
21	33	0.005730295822800546
15	28	0.005720593791633276
2	4	0.005714886208579057
1	4	0.005714886208578838
2	31	0.005681711337032453
19	45	0.005633259124883494
30	51	0.005627961486251436
31	47	0.005614146667408739
1	34	0.0055893805513517955
31	39	0.005579862707867205
36	45	0.005577072006738808
54	58	0.005540499781809887
61	63	0.005496017096385541
12	53	0.005433260201062717
15	46	0.0054126361504077715
3	17	0.005411420580656767
19	30	0.005233630402983944
13	35	0.0052002725401129185
12	54	0.005196585070943468
13	31	0.00510480921295797
5	38	0.005092759982830983
21	35	0.005092542711342511
2	33	0.005079281156641104
17	23	0.005065792607874528
7	13	0.005027503248466006
21	45	0.005018389655266175
28	45	0.0050122234310572234
28	56	0.004967390632711816
16	19	0.004896460719039462
17	41	0.004831566174418006
28	49	0.004825277346804689
28	69	0.004800275526372683
8	40	0.004714211824149288
38	44	0.00463915920089886
12	56	0.004631112739460873
1	31	0.004623556334319574
17	26	0.004600987405930409
6	24	0.004587362164795801
31	46	0.004507157078202841
17	59	0.0044523124961465405
10	17	0.004434887973581959
1	6	0.00436356641358151
52	56	0.004346204717459461
18	51	0.004341487015384098
13	32	0.004339741063546117
32	67	0.0042988310040972325
2	24	0.004224873491754098
41	45	0.004184932297648708
6	10	0.004167427704791057
19	50	0.004130411145390653
23	52	0.004060426768477677
19	38	0.00397354984357581
8	38	0.0039051908164324405
57	61	0.0038836383792512225
6	26	0.0038649444003647417
21	42	0.003808434118013522
15	30	0.003804717283214176
16	49	0.0037795391235008963
30	37	0.003751781494088869
23	43	0.0037334056631165074
1	32	0.003730727643095188
41	65	0.0036289552036596925
18	59	0.0035879946526844488
66	69	0.0034933322410273873
1	61	0.003468191709579526
15	19	0.0034667550506446623
41	67	0.00343712382983675
36	43	0.0034064691857300967
22	29	0.003341542775225451
6	36	0.0033199419368333642
35	37	0.0033040027987732167
33	37	0.0033040027987730697
20	23	0.0033040027987730246
20	24	0.003304002798772997
28	30	0.003304002798772875
23	24	0.00330400279877286
23	25	0.0033040027987728455
28	32	0.0033040027987727783
24	25	0.00330400279877276
30	33	0.0033040027987727583
33	35	0.003304002798772714
25	28	0.0033040027987726937
30	32	0.003304002798772664
24	28	0.0033040027987726603
32	33	0.003304002798772631
32	35	0.003304002798772478
2	34	0.0033031735215626407
22	39	0.0032901651806104366
4	13	0.003279020865638759
1	33	0.0032728400788955103
29	51	0.0031813302698928307
2	53	0.0031765031522165907
13	34	0.0031429346946051286
32	42	0.0031274745904007386
58	60	0.0030805867746112247
9	56	0.003070320447385982
26	49	0.0030559649803479534
11	64	0.003055158425653891
5	10	0.002927838878966641
20	54	0.0029091972616066934
22	35	0.002898600427449066
30	65	0.0028447363212122725
19	36	0.0028133985097336077
5	16	0.0028119983827347914
3	24	0.0027900186816527104
23	38	0.0027770126536935374
34	39	0.002776228112052825
17	63	0.002692924515753512
7	14	0.0026700400893762966
30	40	0.0026169460946644614
62	66	0.0025865573218547683
40	57	0.0025534906852907498
14	61	0.0025425586287681507
32	69	0.002504642463302158
31	41	0.0024928131939539345
1	38	0.0024594715425983143
12	27	0.002395347886583279
50	54	0.002358889251405958
24	27	0.002321213197426243
34	35	0.002321213197426235
25	27	0.0023212131974261743
27	30	0.002321213197426069
23	27	0.0023212131974260685
32	34	0.0023212131974260637
27	28	0.002321213197426012
33	34	0.002321213197425848
30	34	0.0023212131974257675
34	37	0.0023212131974256938
25	46	0.002269677376018105
6	59	0.0022419741007262267
60	64	0.00222256054660506
60	61	0.0021775667649584288
40	65	0.0021517246091644175
45	66	0.0021283197602655632
47	69	0.0021273228119423806
22	43	0.002120897952963443
29	60	0.0020796850505387585
44	65	0.002026471051112373
53	62	0.001982558805353128
19	47	0.0019208256405087605
58	61	0.0019151723082544841
13	33	0.0018942942788314075
3	32	0.0018577696862459307
15	40	0.0018110028328801268
7	38	0.0017961935584296738
6	34	0.0017845144804340017
32	48	0.001783043841667
39	41	0.0017226276101711432
28	38	0.001691776448110179
36	52	0.0016697087233408904
38	39	0.0016528803862233183
6	31	0.0016420605049873704
23	61	0.0016321660915736363
26	43	0.0016252279805845779
32	68	0.0016211045895455256
19	28	0.0015744824019686603
6	9	0.0015569727362901107
25	69	0.0014877916964589726
17	65	0.0014830417483684653
19	21	0.0014692324616570407
6	33	0.0014329986251999695
1	3	0.0014007579549780084
2	3	0.0014007579549777309
3	31	0.001353464064308359
15	31	0.0012948664154878715
4	23	0.0012723783932940338
21	55	0.001224674325208364
3	7	0.0012136751716026947
5	31	0.001193108486387481
41	68	0.0011828428157077378
10	42	0.0011703561832495891
24	68	0.0011413199138095168
29	44	0.001113440265594171
14	67	0.0011018366647435676
57	63	0.001078390790616295
28	62	0.0010597853865008215
21	24	0.0010570497769487497
35	39	0.0010570497769487066
28	31	0.001057049776948698
20	21	0.0010570497769486786
31	35	0.001057049776948667
31	33	0.0010570497769486536
21	23	0.001057049776948634
21	25	0.0010570497769486018
30	31	0.0010570497769485814
37	39	0.0010570497769485496
39	42	0.0010570497769485142
31	32	0.0010570497769484951
1	5	0.001054499819845412
2	5	0.0010544998198452043
12	13	0.0010139743840219591
37	44	0.0009984211535118727
15	24	0.0009285159306146882
25	49	0.0007817665953885975
21	29	0.0007675493088188943
43	46	0.0007476068393505349
6	35	0.0007200579281660506
26	28	0.0007055398504910108
26	30	0.0007055398504909264
23	26	0.0007055398504909251
24	26	0.0007055398504908458
25	26	0.0007055398504907733
23	28	0.0006653950082703914
1	36	0.0005829194887772174
2	32	0.0005796186426796908
10	52	0.0005216778270119961
11	14	0.00045724578098739043
44	46	0.0004281459592521686
6	11	0.00039778857625778676
18	20	0.00037633169510735507
4	5	0.0003473109869590904
8	9	0.0003410204526480389
11	35	0.0003128012224177211
22	40	0.0002878785781461851
18	65	0.00025296545422922624
12	14	0.00022092604446562344
13	38	0.00015554929609592073
10	25	0.0001512246502298649
8	30	0.00014360079347232378
27	31	0.00013045141090337747
31	34	0.00013045141090314177
9	11	8.163139526441189e-05
39	40	7.586963418114521e-05
31	42	7.344490651524415e-05
1	37	3.5954410186273336e-05
5	8	8.550013813495884e-07
18	19	-1.6246012357759923e-06
45	46	-5.143317606396379e-05
22	27	-6.754170937270376e-05
8	11	-0.00010412884838994184
15	36	-0.00014073709964277205
1	29	-0.0001479221257122171
39	69	-0.00015299416305231822
25	30	-0.00022964155507780408
28	29	-0.0002380655603450325
29	33	-0.00023806556034523547
29	30	-0.000238065560345245
25	29	-0.00023806556034527797
29	32	-0.00023806556034529879
50	53	-0.00026436117668448764
6	63	-0.0002818045274149937
2	43	-0.00032074813567126853
36	69	-0.00032328327001209705
23	48	-0.0003382021358671457
35	36	-0.00033831168745556296
36	37	-0.0003383116874556011
33	36	-0.0003383116874556256
32	36	-0.0003383116874556933
58	62	-0.00034175403426192673
26	45	-0.00034176918869228967
56	58	-0.000356267527004617
23	35	-0.00035932799958227903
59	63	-0.00036633044556872926
21	26	-0.00037707134046724693
42	46	-0.00041074820549547703
35	46	-0.00042423626589569883
17	20	-0.00046383305553235376
9	43	-0.0004950812786151445
15	17	-0.0005325820972825763
42	44	-0.0005329094657439708
20	43	-0.0005339945130008669
1	57	-0.0005481176307536428
14	18	-0.0006387173354170037
52	55	-0.0006398564637798152
30	39	-0.0006487990625572658
38	42	-0.0006566763590827934
35	38	-0.0006566763590828135
37	38	-0.0006566763590830456
4	29	-0.000662475036715229
67	68	-0.0006650024061634341
29	66	-0.0006730917510471826
8	15	-0.000714284611184425
24	42	-0.0007782687953303154
22	42	-0.0007859622438424882
18	44	-0.0008331325788751703
62	69	-0.0008647783482972904
45	53	-0.000868810406680136
47	63	-0.0009213362971737943
63	65	-0.0009265469840382089
15	18	-0.0009293019850917178
9	42	-0.0009366643921988778
3	5	-0.001036774420368286
9	10	-0.0010505472964430964
11	13	-0.0010556270887337512
24	41	-0.0011001264977959033
42	43	-0.0011162923226759216
16	20	-0.0011464518229950525
27	29	-0.0011617560318960413
21	30	-0.001169864355003391
14	39	-0.001177017940959823
20	25	-0.0011776003770753484
44	45	-0.0011865533334657228
34	38	-0.0012154306811086996
44	47	-0.001227184895790768
5	6	-0.0012415295233744452
55	58	-0.001270971542364102
5	7	-0.0012940730900663348
58	59	-0.0013274134520088478
3	28	-0.0013589093974179945
24	48	-0.0013599933216219126
22	30	-0.001375718320725122
2	36	-0.0013912117937980814
3	51	-0.0014055473589145683
12	65	-0.0014280151625949422
41	42	-0.001449202935098432
37	41	-0.0014492029350986388
19	20	-0.0014772878579346342
19	23	-0.0014772878579347717
42	45	-0.0015150794468536347
9	62	-0.001515920046114897
31	68	-0.001542639535963688
9	12	-0.0015497105688492161
22	51	-0.001552763325196149
56	59	-0.0015696657237426921
6	7	-0.0015726078397727394
20	28	-0.001592669774247788
22	26	-0.0016609987693255472
21	56	-0.0016708238809424996
18	21	-0.0016768852462010263
29	46	-0.0016967399715595768
6	29	-0.0017005063352875521
4	57	-0.0017436038230046426
9	30	-0.0017523693829399525
14	17	-0.0017553525746807634
21	68	-0.0017652287466243931
15	32	-0.0017742918005814268
4	21	-0.0018357252548380299
5	9	-0.0018626650651014046
41	52	-0.001882388097154809
42	58	-0.0018847126749630475
51	57	-0.001890478185219104
34	36	-0.001893883346851409
45	51	-0.0018953174829816517
31	48	-0.0019093676301972515
22	24	-0.001943601027889753
22	23	-0.0019436010278897787
20	22	-0.0019436010278898706
22	25	-0.0019436010278898752
15	49	-0.0019447226095038496
28	60	-0.00195039117129869
27	43	-0.001964884637880655
11	67	-0.0019730179993991824
64	67	-0.0019830503633188213
17	19	-0.001999595468949235
43	47	-0.0020463168547220044
6	14	-0.0020569415464778886
37	40	-0.0020683892650907414
40	42	-0.0020683892650910016
26	69	-0.002077917746335021
13	29	-0.0021253257619735988
11	25	-0.0021285874221945635
25	41	-0.0021318819292633
6	8	-0.0021401272347953623
27	39	-0.0021659710050195968
13	16	-0.0021801543373655722
27	48	-0.0021979027572079503
4	52	-0.002198920011834968
46	47	-0.002213627251948392
1	23	-0.00222282129617765
1	49	-0.0022286755447684173
64	65	-0.002235551282913353
10	11	-0.002282986020618578
63	66	-0.002299417748053355
4	44	-0.0023507424949167984
5	32	-0.0023980542066747755
30	42	-0.002450745242671761
29	53	-0.002458019032466806
31	67	-0.0024747518273700716
29	31	-0.0024785548933865375
52	53	-0.002500857706800785
16	46	-0.0025951043267366507
14	15	-0.002599880982594076
14	16	-0.0026159841287939785
23	30	-0.0026216604056455016
38	41	-0.0026245223571159343
39	43	-0.002626128116741784
52	69	-0.00264061355939621
11	24	-0.0026489897572475034
4	38	-0.002673736583661899
17	21	-0.0026772849580871316
37	51	-0.00272712129652144
10	39	-0.0027593997943659255
8	12	-0.002822113998814314
28	59	-0.002865028078802838
6	32	-0.002866593478459278
8	16	-0.0028667944730315902
29	47	-0.002901784780490256
48	49	-0.0029088695776263926
20	26	-0.002932812733609332
30	47	-0.0029569219928697547
32	56	-0.002958003619797887
49	53	-0.002965901651604671
6	27	-0.0029928505343643206
1	54	-0.002997117278397932
18	63	-0.0030075011600256586
30	67	-0.003010049283755263
4	7	-0.003044990224191811
5	44	-0.0030493742372488183
54	56	-0.0030719834754358534
4	8	-0.0031063114219085078
35	52	-0.003142260592372992
9	39	-0.0031488115874888593
29	48	-0.003202661732247321
46	55	-0.003236648385167993
1	25	-0.003238216323931806
30	50	-0.003273842403892562
29	37	-0.003341433132351993
13	25	-0.0033557316564569416
12	15	-0.0033652122025107645
54	69	-0.0034149996454460674
55	59	-0.0034184882220135845
19	54	-0.0034251986950118167
48	51	-0.003470833304808567
61	64	-0.0034810121293652237
54	55	-0.0034815427400966947
1	40	-0.003489561242789958
39	47	-0.0034945555021077563
3	53	-0.003495035202984149
40	43	-0.003547798154988454
2	6	-0.0035754726870881673
13	14	-0.003585073665833328
22	46	-0.0036321648974740875
40	44	-0.003637001324595015
12	55	-0.0036705540307346973
39	68	-0.0037026214734430987
4	6	-0.0037105484999912087
12	16	-0.003809777405995006
48	50	-0.0038513740018411876
21	22	-0.003872455225440026
5	39	-0.003905174130910556
28	65	-0.003915077334025013
9	13	-0.003917700183975709
14	48	-0.003948727105011721
51	55	-0.003950834367415181
50	56	-0.003954518834118634
22	49	-0.003968908353946108
16	18	-0.003971193671738966
68	69	-0.004012219626056358
10	18	-0.0040127836596221735
7	8	-0.0040233409757567205
5	19	-0.004032652898658406
29	68	-0.004078968941407411
45	58	-0.0040803484000212125
39	45	-0.004092953383025432
8	69	-0.004104989229478162
14	32	-0.0041175769857543405
36	40	-0.004126215100056959
59	60	-0.004127393946678077
47	50	-0.004149876412380699
56	57	-0.004156364054687029
24	47	-0.004159627403164406
56	60	-0.004170599991829396
29	42	-0.004211389339638672
43	68	-0.004216398346656951
12	59	-0.004266079761768338
9	29	-0.004284644069996014
35	58	-0.004288121299445865
9	49	-0.004321886431914432
34	68	-0.004332779806766331
66	68	-0.004342146906130253
15	34	-0.004363419164245392
21	39	-0.0043655995829494
59	62	-0.004394585265552054
16	17	-0.004405801864078682
1	27	-0.004428369114316207
65	68	-0.004462412901659745
38	40	-0.004491184349979296
29	62	-0.004503751058862892
2	35	-0.004553044240809023
16	30	-0.00456789324924364
3	38	-0.004575882624300966
23	44	-0.0046073810205588435
44	68	-0.004631193343195263
46	49	-0.004682088785058594
26	29	-0.0046869115029239865
7	11	-0.004695222754391359
22	28	-0.004734484356007278
43	44	-0.0047431187682780785
21	27	-0.0047448312208176495
18	22	-0.004749238360819629
20	60	-0.004768934695309516
7	10	-0.004813891307027128
25	37	-0.004860446976168756
40	48	-0.004887500831865468
12	17	-0.004891031430298745
29	56	-0.004900064236503018
13	15	-0.0049320017766853125
56	64	-0.004968003835715343
23	69	-0.004973879512673231
25	43	-0.004987255583788985
7	9	-0.0050126387157715035
11	12	-0.005037454181769262
13	17	-0.005183279657833216
22	56	-0.00522192315390556
27	46	-0.005222499416167492
6	28	-0.0052574073892356615
46	50	-0.005296249379692654
1	26	-0.005299823595543079
4	18	-0.005300949560873243
1	8	-0.005357142424094566
42	57	-0.005360030000072246
49	50	-0.00538483281475495
63	64	-0.005417765015136381
30	41	-0.005459039555837394
47	48	-0.0054667771706552485
3	36	-0.005488717999610551
15	33	-0.005496049174002653
41	58	-0.005499387762020485
30	52	-0.0055086069025412025
11	57	-0.005508894400060958
53	55	-0.005509950260135317
42	53	-0.0055413315971159
33	68	-0.005559537240481095
50	51	-0.005613530755873241
11	62	-0.005622503695037383
14	31	-0.005672716205518668
22	44	-0.005680634380942569
17	24	-0.005694410601740042
20	27	-0.0057898751384690555
23	58	-0.005793000641339755
41	47	-0.005839373135484704
47	51	-0.00584841547888993
14	29	-0.005869657063038823
10	56	-0.005882579529350949
47	49	-0.005953049966827089
55	57	-0.005972974506062652
25	40	-0.005987524957827177
2	26	-0.005988835148697269
62	64	-0.0059980049980983665
20	44	-0.006013491625663571
7	64	-0.00605107849348507
50	52	-0.0060615045433773055
21	28	-0.006062781586611367
28	47	-0.006109205266353845
47	59	-0.006115783733947171
17	60	-0.0061830727467586995
43	53	-0.006262268760251263
40	55	-0.006263708165263086
30	56	-0.006333703314700075
7	28	-0.006337909152263135
42	62	-0.00640435339192336
8	49	-0.006428863933149119
9	51	-0.006469224495031126
11	27	-0.006471274601692358
19	22	-0.006490802148794645
13	37	-0.006536195739106241
17	22	-0.006570804888464937
53	68	-0.006629308535926021
3	22	-0.006639829433809567
47	58	-0.0066466142697007
1	22	-0.006660521964706857
35	69	-0.006760907120113729
35	57	-0.0067775226352698
2	12	-0.006788839349363838
16	26	-0.006812927198360129
17	32	-0.006815239726559991
14	24	-0.00683776670218619
36	44	-0.006838435797295593
5	29	-0.006866757341182951
7	39	-0.006925496066168024
36	54	-0.007011311345827727
45	55	-0.007047659127408406
42	66	-0.007080913024024244
40	59	-0.007095412090761257
5	49	-0.007214716470820663
8	13	-0.007224771051519725
29	59	-0.007242070848798483
3	21	-0.007245750247804896
19	35	-0.007246236762298294
8	29	-0.007281871009862967
8	27	-0.0073074635156736385
11	34	-0.007316346509489965
24	67	-0.007327432187770922
6	69	-0.007335532942496284
28	57	-0.0073385907950031404
9	18	-0.007374521437010947
29	41	-0.00739783875947376
1	10	-0.007416502513491742
12	25	-0.0074767322313553574
24	49	-0.0074987533167995505
11	56	-0.00754570355648098
20	57	-0.00757769314109467
4	51	-0.007645488366385414
7	29	-0.007690727964209497
36	47	-0.007697008325989056
38	69	-0.007737861701999454
23	37	-0.0077591776025943224
29	65	-0.007813029322845621
1	62	-0.007833888937609829
64	66	-0.007836592660130145
21	59	-0.007850763532335638
12	26	-0.007853393850962051
7	46	-0.007878108119805237
30	69	-0.007935631576320198
10	19	-0.007967804284252481
61	65	-0.007973236822920123
2	21	-0.007982006279963379
48	54	-0.007993426789466596
26	48	-0.007999287165616077
1	42	-0.008038384325166757
13	26	-0.008096930420356478
21	69	-0.008103734707257323
4	37	-0.008112411467406743
31	44	-0.008156868791580708
31	56	-0.008159821438085784
18	38	-0.008187236489689942
57	60	-0.008198067070306396
51	53	-0.008224135569135399
61	67	-0.008262220002601225
2	8	-0.00829335639838956
63	67	-0.008362850681279873
14	30	-0.008379981801038248
17	31	-0.008417805544258316
10	26	-0.00848748344479991
18	24	-0.008509765560454791
11	33	-0.008523952325316216
15	48	-0.008543717354001066
7	43	-0.008565021324090401
45	49	-0.008614149196812033
26	37	-0.008620939634616633
18	29	-0.008648645771841146
16	45	-0.00865060747080864
8	50	-0.008742650500648302
36	59	-0.00874861083585836
58	65	-0.008752268410905754
11	69	-0.008766382719241999
3	58	-0.00877387675506536
39	63	-0.008775101755053017
5	58	-0.008849433662491578
48	61	-0.008852361268598823
2	7	-0.008877717096653182
28	48	-0.008886424485526295
17	29	-0.008912034930569999
9	19	-0.008931656218266776
32	44	-0.00896835025830186
16	51	-0.008983549029105049
2	25	-0.008989246253080674
22	41	-0.009052562246618892
25	39	-0.009057086404123359
2	50	-0.009057693854805867
30	57	-0.009086274568889729
18	31	-0.009122597068947039
23	47	-0.009149953152388063
1	43	-0.00915941068042971
16	40	-0.009161536650064176
2	63	-0.009175397108231467
24	40	-0.009187539074505157
47	57	-0.009214836861803934
27	54	-0.009233592023789509
21	46	-0.009253218176529252
47	55	-0.009280633341133136
10	27	-0.009301596833676908
31	54	-0.009318778093175996
19	37	-0.009399969061141985
31	55	-0.009428487160248937
4	45	-0.009470683000612969
1	35	-0.009472350900870181
34	44	-0.009473378306998558
20	47	-0.009501782687105394
13	30	-0.009511334454693826
27	69	-0.00951714977293215
43	45	-0.009530069979896283
1	14	-0.009549617975535742
6	58	-0.009566015098028664
36	68	-0.009593073322628185
32	54	-0.009597152444905431
11	26	-0.00960845539773806
41	55	-0.009638295936682917
46	59	-0.009639656968087863
47	62	-0.009665050716156347
34	48	-0.009675047484919567
1	69	-0.00970334474936749
24	39	-0.009715065755918448
16	63	-0.009726226701351703
9	41	-0.00972676644284333
36	41	-0.009728032071359364
8	28	-0.009784949558808119
40	68	-0.009877679822794218
17	30	-0.009933102584854294
15	47	-0.009946885873256343
1	30	-0.009974761693642933
38	47	-0.010007639773609814
21	47	-0.01007188024016499
35	50	-0.010081738807065022
49	67	-0.01015751377468863
44	66	-0.010165731048765638
16	29	-0.010221642045636425
50	69	-0.010267999107539222
39	59	-0.010341955198819738
9	38	-0.010349538964785406
17	55	-0.01036913263642597
12	24	-0.01038363488551354
2	29	-0.010441039538462555
1	28	-0.010594128774574734
13	27	-0.01061182759408712
36	42	-0.010631218061646509
30	48	-0.0107009733344091
13	53	-0.010772684185809175
30	55	-0.010782418965202874
50	57	-0.01079850155890329
29	67	-0.010825906917587185
10	40	-0.010885875462108141
24	45	-0.01090202348952057
37	59	-0.010928364099433645
2	42	-0.01094615629873414
51	54	-0.010956482110804786
2	61	-0.010961241793167948
47	60	-0.010973893991763595
42	51	-0.01100793073901669
28	37	-0.011145861494873562
24	46	-0.011155720542603699
14	36	-0.011189712542302194
4	30	-0.011216371354037864
8	25	-0.011245825914403708
41	46	-0.011301722783896571
1	21	-0.011326101784545971
2	22	-0.011376869069912018
8	14	-0.011383730570717574
34	47	-0.011397061214961457
21	40	-0.011412685412242373
57	65	-0.011416367932558045
20	69	-0.011440767121020054
13	22	-0.011450761431007987
6	30	-0.011457449464975865
25	52	-0.011503641506994853
30	59	-0.011539796044522436
27	45	-0.011569714920626204
4	67	-0.011573183353931257
31	49	-0.011574942389114608
7	24	-0.011594248066062242
2	58	-0.011663073404258175
42	56	-0.011695201785217246
36	50	-0.01170659983122157
6	39	-0.011716051330536882
14	34	-0.011722013500668671
51	52	-0.011733473693458603
6	50	-0.011769547287233426
32	55	-0.011806384573768959
20	41	-0.011815296169587545
3	23	-0.011839834472498105
33	48	-0.011840497323842517
10	20	-0.01185271233040357
45	56	-0.011866517052718854
11	23	-0.011869021396839817
22	69	-0.011880642351567603
28	66	-0.011907039221044819
26	46	-0.011909670265994977
6	44	-0.011910559528592924
25	42	-0.011915865852193785
38	51	-0.011931276259134455
9	20	-0.011983099812624833
8	44	-0.01198862464087748
17	34	-0.012000815832205594
16	32	-0.012004128709232304
56	66	-0.012006326088907539
21	60	-0.012060232890188712
9	44	-0.012069032876412958
15	38	-0.01209185759844706
28	68	-0.012117673266154538
15	42	-0.012147856431392394
11	31	-0.012154980521214411
1	59	-0.01218045769770938
2	60	-0.012191433303794658
16	67	-0.01219258432808179
11	29	-0.012194874536530006
2	30	-0.012246140743336253
27	37	-0.012321002071924578
3	29	-0.012334931657398145
31	50	-0.012361753683376116
46	57	-0.012371612728533734
13	28	-0.012403284591585653
14	28	-0.012417459340624673
13	57	-0.01245181637626953
21	57	-0.012493730037009688
12	48	-0.0125091436342804
40	61	-0.012521712849988103
29	40	-0.012526488106544734
33	44	-0.01254118273978166
39	65	-0.012580966253242865
13	23	-0.012590978743849218
22	61	-0.012683743937688079
18	28	-0.01272108386435599
13	48	-0.012740194006592848
14	55	-0.01274177154516678
30	61	-0.012828204469874512
11	50	-0.012871544043905865
8	51	-0.012883811595638407
16	24	-0.012904706147002168
38	50	-0.012915795528057241
1	51	-0.012919570170062022
7	48	-0.012940513227728294
9	28	-0.012956162787535483
29	50	-0.012970019856254053
17	68	-0.013061220842139818
43	69	-0.013074545531238383
9	24	-0.013102908764139366
29	63	-0.013184631856609856
15	35	-0.013234180490694348
14	33	-0.013336693093705762
24	55	-0.013403192513000388
41	57	-0.013431277571671372
8	26	-0.01343665553569267
8	43	-0.013485411054653151
16	39	-0.013576522569183897
33	47	-0.013597493441561173
41	59	-0.013684186560975113
9	67	-0.013730535997152198
2	37	-0.013752494131333202
40	51	-0.013791762738722945
12	34	-0.013823275148652902
30	54	-0.013887243694367588
25	53	-0.013909007235579963
19	44	-0.013914828596017424
6	12	-0.013916361539526446
30	62	-0.0139335921784998
21	44	-0.013948790566438427
2	27	-0.013958034638999755
16	31	-0.014033234919394665
16	27	-0.014039444006944311
18	32	-0.014075385221473277
8	52	-0.014077245363488575
17	33	-0.014089839523239344
4	11	-0.014121797468920122
49	68	-0.014162974442714929
49	61	-0.01419617730013181
30	63	-0.014206389034504927
28	63	-0.014232085316107269
12	31	-0.014288393179872197
8	60	-0.014364614311264606
11	54	-0.014452320982068553
36	48	-0.014536118424137233
34	67	-0.014547195649019956
34	49	-0.014549111519168744
8	31	-0.014575447951058133
35	51	-0.014580700057592577
21	65	-0.014608910925172386
5	20	-0.01461466406184994
6	13	-0.014672605962164915
8	32	-0.014685057371770678
37	63	-0.014703786983696693
18	34	-0.014818837504981752
36	60	-0.01483840709168316
24	50	-0.014860751173461657
1	7	-0.014895630972071607
4	68	-0.014976235369243657
36	51	-0.015013447201709414
58	68	-0.015027409079230038
29	57	-0.015109403198863398
13	21	-0.015125175066452095
12	23	-0.015167730951263309
25	54	-0.015200860568028565
5	69	-0.015247556407325474
35	54	-0.015291180463004398
51	59	-0.015292658935705084
12	33	-0.01531730597235759
11	43	-0.015410115510061538
10	62	-0.015417536271163738
2	23	-0.01546297601687162
58	63	-0.015608617282570163
19	65	-0.015652283234185813
13	54	-0.015657667083281146
32	49	-0.01568573430406317
24	44	-0.015774974752812775
23	42	-0.015802934750726545
32	50	-0.015813198462887618
29	61	-0.01581746435186708
33	56	-0.015818906847026963
22	59	-0.015845457064994906
36	57	-0.015884177438121396
34	45	-0.01591837199373417
23	60	-0.015947714257461727
4	48	-0.01596780474463643
36	58	-0.015976104263076708
36	67	-0.016027658298596658
18	33	-0.016041003418568303
19	39	-0.01604719408760273
1	50	-0.016078682570402736
33	49	-0.016135549333616283
33	67	-0.016158976843968022
15	25	-0.016163587125555684
41	60	-0.016211131628687862
42	68	-0.016215214335512967
36	53	-0.016238882237898357
7	31	-0.016244303618398646
8	24	-0.016250857051908894
43	51	-0.016262678308784605
34	46	-0.016266621657927416
20	42	-0.0162702032620154
38	65	-0.01630764116308962
7	34	-0.0163149506291566
22	57	-0.016357043352545498
18	30	-0.016378933456222988
25	57	-0.016413293280059426
30	68	-0.016451811095630167
24	56	-0.016484002036970577
11	39	-0.01650978000517482
12	36	-0.01653402643369701
17	51	-0.016549903629964318
11	32	-0.016557372452355234
7	25	-0.01657696838951
28	46	-0.016608036315299286
40	60	-0.016630432276767724
24	54	-0.016632324668414737
47	61	-0.016646557999493435
2	62	-0.0166669510375197
23	39	-0.016671321551118584
29	52	-0.016679311997977564
32	51	-0.01667996284926003
39	60	-0.016723817057693338
17	40	-0.016732904432130657
32	52	-0.01677737829625088
39	48	-0.01678405248924828
25	60	-0.016799819173615456
42	61	-0.016832190343770217
20	61	-0.0169586480106255
34	56	-0.0169680136332417
15	37	-0.017010848569746245
33	45	-0.01701375131605027
6	20	-0.017128995519734947
3	52	-0.01716395947649836
13	58	-0.017256011630125932
28	39	-0.01726747750125347
7	32	-0.017311587803714074
26	54	-0.01734107209789295
23	51	-0.01735438275220334
52	59	-0.01735475935392688
9	31	-0.017386894450323778
13	52	-0.017406941182631034
4	17	-0.017424457398429127
10	24	-0.017446913042189913
37	43	-0.017453885440704413
19	43	-0.017479732985623803
23	41	-0.01749295250750828
36	55	-0.017510602594884447
45	68	-0.017567866478055735
14	25	-0.01762640553753127
28	53	-0.017637346513416058
3	44	-0.01768150827329544
21	61	-0.017747922644024344
9	61	-0.017856090595942082
20	64	-0.017857552961357395
38	49	-0.01787598435119255
7	33	-0.017904844356439187
18	36	-0.01804048924864898
25	56	-0.01807412573128183
14	53	-0.018185487652619403
46	63	-0.018239881189957202
11	38	-0.018296894746242715
5	17	-0.018320837024215893
9	34	-0.018358754389463564
28	52	-0.018373135519362073
3	12	-0.018406260243102174
12	60	-0.01842492021277798
25	55	-0.018477404887050658
31	52	-0.01849355194377321
17	36	-0.018528044997461485
4	69	-0.018620032930009276
9	40	-0.018634345823187064
14	38	-0.018642075631599656
19	41	-0.018645161438540094
5	67	-0.018658225001722317
20	59	-0.018676896204421603
2	28	-0.018751011238028224
3	37	-0.018772725420697738
12	44	-0.018774193643839077
22	58	-0.018801993590821978
26	56	-0.01880613961463177
17	44	-0.01884778586138735
33	46	-0.018882479877855834
15	26	-0.018888554464067994
16	34	-0.018895277624608638
7	30	-0.0189105418848307
12	29	-0.0189131838462216
12	38	-0.01893524580521305
9	32	-0.01900031650035762
21	64	-0.01908307745956417
19	64	-0.019096336888964817
8	67	-0.01910514673634267
9	33	-0.019138767770517134
17	54	-0.019205361587684364
32	57	-0.01922978606319744
42	69	-0.01925591609715366
38	68	-0.01925968442739945
14	35	-0.019261246049390023
1	68	-0.01933121423463627
8	34	-0.01937536433861333
18	64	-0.019440321942284306
2	49	-0.019547754133416178
3	30	-0.0195757089867937
53	65	-0.0195862103048572
49	58	-0.01959574897904911
2	9	-0.019630332095330126
27	53	-0.01966178007203241
60	69	-0.01975211007326946
34	55	-0.01984914230460226
10	34	-0.019857261368527303
8	54	-0.019873123830822875
37	47	-0.019959805406805142
23	59	-0.019991461460096716
19	69	-0.020099665107564366
29	39	-0.020109932719572406
4	62	-0.02013922035693673
35	59	-0.020186023470388687
33	55	-0.020203509472888494
29	55	-0.020233262112169477
17	64	-0.02026397471842026
31	51	-0.020328568515568964
35	60	-0.020353195867342196
9	45	-0.020454791469876527
10	33	-0.020491326188535896
8	20	-0.020505491661671742
8	33	-0.02059418694265784
14	26	-0.020598692219535718
24	60	-0.020609811771117835
17	39	-0.020638984432313035
7	27	-0.02066158072198505
28	50	-0.020694591012335034
16	33	-0.020737013616432865
4	50	-0.020756537914908866
14	47	-0.020762351273297123
11	42	-0.020791708990090984
49	66	-0.020839667595301106
16	28	-0.020862648825492276
21	41	-0.020889049898844096
19	40	-0.020894310635478006
13	41	-0.020918280926777166
10	50	-0.020959081919532437
14	27	-0.02100329987491757
17	38	-0.021023648799502907
8	41	-0.02106533196629866
11	52	-0.021079854398367202
31	57	-0.021117086312304627
5	63	-0.021119614347498896
38	63	-0.021120386196992982
13	39	-0.02116055566527253
9	54	-0.021205684843385947
12	32	-0.02125195442440404
5	18	-0.021257900985620182
5	12	-0.021343148294072686
27	58	-0.021345340212583674
4	47	-0.021360015255288422
34	54	-0.02148984972370928
10	32	-0.02149726269517651
11	55	-0.021514044403126483
2	16	-0.021519932125379636
26	57	-0.02152935452518464
47	54	-0.02163842327920125
3	50	-0.02164458568131618
54	64	-0.021681804733245214
19	48	-0.021716873688086072
38	67	-0.02172932965882632
1	67	-0.021810008233634368
1	64	-0.021851128206963735
62	67	-0.021900612610746047
11	41	-0.022033840350648294
10	53	-0.022100240232346954
11	21	-0.022153153357205666
35	47	-0.022285819937476335
34	50	-0.02232830014155923
38	48	-0.022344369084296357
19	63	-0.022443735156735638
10	29	-0.022509889288075895
12	37	-0.022544387800520094
22	65	-0.022563314628861107
9	25	-0.022581260303948785
5	54	-0.022597120418795743
1	60	-0.022601237576342036
27	56	-0.02261065364888756
2	69	-0.022651340577850492
13	65	-0.022669017218559216
29	54	-0.022680198568190514
1	15	-0.022746265688988597
12	28	-0.022769074599945247
39	64	-0.02277572079311774
7	54	-0.02278509324691671
7	26	-0.022794704385813352
23	46	-0.022796283302494457
15	27	-0.022805596644501394
25	68	-0.022819735337041867
15	51	-0.022821053369990917
36	56	-0.0228599036198527
22	60	-0.02288369999980505
19	57	-0.022890373005973772
26	68	-0.022922878171424906
9	50	-0.02295768710616625
1	44	-0.022957776516858118
43	64	-0.02296669555350309
54	59	-0.0230438672635817
10	31	-0.023140162876051983
23	65	-0.02317666591204731
54	63	-0.023199669405843934
33	54	-0.023288724399806154
49	57	-0.023292758205587537
40	58	-0.023299600580805997
14	40	-0.023346004941070787
5	30	-0.023388646217463737
37	69	-0.023397857804387023
7	44	-0.02340896105703714
20	48	-0.023471346937382603
25	59	-0.023495320948916636
31	60	-0.023649456608014686
12	21	-0.023651893581266147
24	53	-0.023663774082536813
46	52	-0.023759073977397648
26	55	-0.023772850268853663
1	58	-0.023780262273225695
8	22	-0.023782256695871497
23	64	-0.0239159497006314
33	50	-0.023921051066376844
24	58	-0.023929967341913237
10	43	-0.02393752534336105
6	43	-0.02394038500094014
27	68	-0.02396422527155124
16	44	-0.02399907618722616
34	58	-0.024004215517619713
2	10	-0.02408447803899362
15	58	-0.024099790780256092
27	57	-0.024151864886927398
27	55	-0.02416427737453515
12	57	-0.024221047184082887
55	65	-0.024226673807388674
49	56	-0.02426057474181565
25	63	-0.02426911779288336
11	28	-0.024283441559772218
31	66	-0.024337387799930082
9	55	-0.024431417006806046
11	22	-0.02446425034723121
36	49	-0.02453981654228239
6	64	-0.02456193159691618
35	53	-0.024587854269021336
9	17	-0.024620251093221628
45	52	-0.02466754824654084
24	51	-0.024699653223814073
12	35	-0.024720701539348286
27	59	-0.024731610033407042
1	65	-0.024769914172932
23	57	-0.024783979977395634
4	59	-0.024786984291137425
37	42	-0.024811755567977538
3	8	-0.02481445129959421
4	60	-0.02482135088503068
44	55	-0.024864182699574362
46	58	-0.024900931018385163
14	56	-0.025009747577465807
3	69	-0.025095112790658246
26	52	-0.025129730419126618
17	28	-0.025134580584021758
19	61	-0.02516364694130079
28	61	-0.025213537839596525
2	14	-0.02521817830978182
19	60	-0.025225964208282863
26	53	-0.02525498314751633
18	57	-0.02537599887263993
2	52	-0.02539667924366067
11	49	-0.02546368937964216
25	51	-0.02547516496076251
43	59	-0.025520663143370294
56	65	-0.025528982376597092
1	45	-0.02553413488627608
31	65	-0.025588496924722967
37	50	-0.025636041170535837
3	62	-0.025660859463920035
23	45	-0.0256766464549655
11	30	-0.025688231938596803
59	65	-0.02576470357319146
14	62	-0.025799330257745147
2	59	-0.025806996520736994
7	42	-0.02584241215945912
2	45	-0.025891501236094433
33	58	-0.025964766892352286
11	65	-0.025968025219586133
8	42	-0.025988215842072036
20	67	-0.02606423508492816
24	52	-0.026087991264245197
10	21	-0.02609712735761597
59	69	-0.026103966620895418
32	66	-0.026132061539591203
20	68	-0.026166561547495963
11	44	-0.026182312110216148
12	22	-0.026227594046937794
10	22	-0.02627128575525364
37	68	-0.026285292825022916
35	55	-0.026287879340626173
18	37	-0.0263211291763775
34	60	-0.026374296759143503
47	56	-0.02637970183454118
21	58	-0.026386262269626516
10	45	-0.026444210293422615
5	50	-0.02661239669297664
27	44	-0.026629233971635392
7	69	-0.026657501211738228
24	57	-0.026689667894604373
35	68	-0.026741662279144915
26	44	-0.02676037064983082
12	41	-0.02679896226187236
3	60	-0.02686105058416268
42	47	-0.02688228895585105
24	59	-0.026886387567727866
27	61	-0.026896471943692216
25	50	-0.026909751918912442
16	65	-0.026912473419939027
14	65	-0.026915141075600797
58	69	-0.026915235507986426
42	63	-0.0269808249412885
20	66	-0.027000292802630697
32	53	-0.02704867443127275
10	38	-0.02713448090403068
21	62	-0.02717307881589015
33	57	-0.02719642560469967
32	58	-0.0272140508842579
12	58	-0.027281517851478202
2	46	-0.027288618780958528
8	23	-0.027290881318498526
24	61	-0.027308870579031107
45	59	-0.027309294308008873
49	69	-0.027341820389682553
22	64	-0.027359624347498786
16	64	-0.027361912339550733
8	48	-0.02736950900204905
16	36	-0.027370610898855254
27	52	-0.02741590322574007
57	67	-0.027418890363299645
31	53	-0.027425431464183195
9	16	-0.02745182566709334
19	42	-0.027487411621037072
22	62	-0.027500434609042175
13	61	-0.027539925852298218
18	35	-0.02756450827715456
32	60	-0.02760137580085065
42	59	-0.027624978855720253
1	47	-0.02764256291380549
26	58	-0.027660251574308015
8	21	-0.02767321612900887
45	69	-0.027681701597154076
19	68	-0.02770753227183898
34	57	-0.027711141800164145
26	59	-0.027751977288229326
20	58	-0.027765986594401326
25	61	-0.02782802277228854
24	63	-0.027913535522560127
9	26	-0.02792370259369923
23	63	-0.02792448947429935
31	58	-0.027958781749334236
19	59	-0.02797843868163408
25	67	-0.027999251077666577
18	48	-0.02800754907557699
14	37	-0.028023026400696864
43	57	-0.02807522215355388
32	65	-0.028118060461387498
33	60	-0.028171409071622838
3	9	-0.028193973258776643
38	66	-0.028217008454379792
28	67	-0.028224619466119063
41	51	-0.028236536852782212
2	44	-0.028248533072603138
45	54	-0.02827169735922607
43	56	-0.028290091044205594
1	46	-0.028328594371403188
48	57	-0.028370938752958368
9	66	-0.028379138467660527
1	48	-0.02854443416191246
13	40	-0.028570599714014426
39	44	-0.02858477354390701
32	59	-0.02866456403287312
9	23	-0.02872500430130586
12	47	-0.028790316938945328
25	58	-0.02890011374566609
35	67	-0.02899046305044476
12	30	-0.028995785294406832
44	59	-0.029026809471749043
15	66	-0.029037993816538096
3	45	-0.02904000567565486
27	67	-0.02908441898788022
10	23	-0.0291107272856173
3	49	-0.029284624917881686
20	52	-0.0295043554231923
23	56	-0.029573298084794277
4	49	-0.02958417860292077
5	68	-0.029628154633418825
43	60	-0.029655066678966984
31	59	-0.02966800198122385
37	62	-0.029675069705623034
23	62	-0.029710000973839173
24	65	-0.029732456093760913
5	56	-0.029764610618006573
46	56	-0.029794823260270487
9	22	-0.02981636714670957
14	58	-0.029825552339359518
23	40	-0.029831779036391778
49	60	-0.029834763757044545
16	38	-0.029889946237755215
55	64	-0.029979377822442897
17	67	-0.030029301850500574
15	64	-0.030096453815326742
5	57	-0.030124602909550706
24	66	-0.030175160215129775
26	60	-0.030179020405736744
42	55	-0.03022324904243704
3	67	-0.03022773682282724
44	57	-0.030359212091797264
4	12	-0.03040539871517012
15	50	-0.030419427395904395
2	67	-0.030459126787725548
32	62	-0.03046098713150908
10	28	-0.030470549109646458
26	67	-0.030555930585092362
18	39	-0.030581691509357814
10	30	-0.030605882036290784
18	61	-0.03062845528062426
40	66	-0.030628869609390413
37	58	-0.03064923130315003
32	61	-0.030661776512277868
9	27	-0.030696937972925744
35	56	-0.03070895473513821
28	54	-0.030744185025663964
59	68	-0.030746961795651995
5	53	-0.030770725435413416
31	61	-0.030832653358703024
16	66	-0.030943392189888
34	59	-0.031036963296294393
13	60	-0.031040095641491544
44	69	-0.031111803551420646
34	53	-0.03117875895371373
4	15	-0.03118331531439336
44	58	-0.031234175955155576
13	47	-0.031247074225404542
24	62	-0.03128472587442735
9	21	-0.03139029875193469
20	65	-0.031400268904780156
4	46	-0.031416090500274274
53	67	-0.03142338182985622
3	16	-0.03146956439127208
34	51	-0.03147812453003332
37	64	-0.03159396277354857
3	61	-0.03159749392371803
5	55	-0.03163006218340533
2	65	-0.031682184771385694
54	60	-0.03172629978467692
36	62	-0.03190174375522352
1	66	-0.031932353446790344
35	48	-0.03198596241631201
17	35	-0.032003842188917817
34	52	-0.03203169875732524
6	42	-0.03208992201776979
38	64	-0.03213556977139653
6	67	-0.03214532016378219
17	43	-0.032154825950160774
16	43	-0.03221288787084877
28	55	-0.03223991243460355
3	59	-0.032250992461428415
7	20	-0.032292777913052316
31	62	-0.032458184662517195
10	54	-0.032607143818896275
37	67	-0.032608492530603064
10	44	-0.03265677262083614
4	9	-0.032664670931851075
36	65	-0.03268864122945897
16	50	-0.032751679130158196
10	46	-0.03277943945042233
33	59	-0.03283906753951661
59	67	-0.03286318256573516
33	52	-0.03289864649872553
17	37	-0.03302976513380608
41	49	-0.03306078433374398
3	63	-0.03310971420757005
11	40	-0.033189036505151356
33	53	-0.03322617553111871
36	66	-0.03322858800330387
31	63	-0.033237552774740935
27	65	-0.033283192877068137
3	68	-0.033296276340972035
26	61	-0.033317333639624205
25	44	-0.03360004689988487
27	60	-0.03366388778796957
13	59	-0.033673269867434324
41	62	-0.033683295766956424
34	61	-0.033683866443734556
33	51	-0.03375689898044406
18	62	-0.03381771063034897
55	63	-0.03384283608374709
52	61	-0.034101083329136334
37	48	-0.03419008582534292
20	63	-0.03428433325837372
8	68	-0.0344986604064192
13	67	-0.034549919917071514
36	63	-0.034717216321826706
18	43	-0.03480664203651495
59	66	-0.0348669072505768
56	69	-0.03489032038196443
43	55	-0.034992044213110515
18	60	-0.03499645948097804
2	48	-0.03508803343061716
17	50	-0.03511534828097002
2	68	-0.035142760052291534
17	56	-0.03520067892211759
7	67	-0.03522232666960805
43	58	-0.03524500681028456
36	61	-0.03524650628554163
26	50	-0.03542015181966185
2	15	-0.03546784076407956
33	61	-0.03551192008894878
18	23	-0.03552923828474062
37	60	-0.035569217759204706
34	66	-0.035610297787569085
34	63	-0.03562283111417167
19	67	-0.03566176806868331
21	63	-0.03566636998154185
5	66	-0.03568090434312439
18	58	-0.035747229691946325
32	63	-0.03580921827116926
2	47	-0.03582756233996741
4	61	-0.035948715022010434
5	45	-0.03602754929496111
9	48	-0.036080861025492225
14	41	-0.03609188055534208
4	16	-0.036100030942601787
3	14	-0.03613496646146605
37	65	-0.03619102067034921
60	65	-0.03620368085192491
25	65	-0.036269901242974086
35	49	-0.036333781577538124
35	66	-0.03634538181089333
10	47	-0.03638309332202841
13	45	-0.036481672047882774
26	51	-0.03649368532786637
34	65	-0.03649404460169767
1	52	-0.036524040527064955
3	10	-0.03663761267588305
16	55	-0.03675919840950753
37	49	-0.036768268259705375
7	65	-0.03686807336890535
18	41	-0.036886910447803574
40	63	-0.036893700844715445
3	48	-0.036938887031982184
24	64	-0.03700476558051849
4	14	-0.037283303242290816
18	40	-0.037296011388614006
22	63	-0.037303825107202204
38	60	-0.03739909610220467
58	67	-0.03739935140196297
6	41	-0.03744437109583061
14	52	-0.03745260023922323
19	58	-0.03759329657797077
27	51	-0.03759572572471846
33	66	-0.03763330852150004
25	62	-0.0376623793602215
14	54	-0.03775798326892735
33	63	-0.03790708877070009
27	62	-0.03804464238221729
33	65	-0.038126803562709866
46	54	-0.03814913547125393
10	55	-0.038209026402469176
41	64	-0.03828479948480269
8	62	-0.038346160721498386
27	50	-0.038348916047126605
26	65	-0.038530480271294104
5	47	-0.03857892748530863
48	56	-0.03860531177679222
6	40	-0.03866914646464107
5	65	-0.03872367438231825
18	69	-0.03877186681674557
26	63	-0.038873041997605245
19	62	-0.03890335342049514
34	62	-0.03891807526125066
14	46	-0.038932419696432
16	35	-0.039042931415504294
40	62	-0.039096948624735534
39	61	-0.0391267515958451
4	10	-0.039448383549155974
60	66	-0.039513761098433096
15	63	-0.03968225998392509
19	53	-0.03977862184435636
38	58	-0.039935834092802
56	68	-0.04000503532790134
57	68	-0.04003872114354135
48	59	-0.04012492558479999
38	62	-0.040139540630887496
1	53	-0.04041884525254334
9	53	-0.04042204756705334
20	53	-0.040436865700591525
14	57	-0.04052741532439178
40	49	-0.040595586578045684
56	62	-0.040696168752991306
20	62	-0.040711577341749516
10	49	-0.04074890147223001
2	66	-0.040783730552448764
6	68	-0.0409198461601151
3	47	-0.040968319962598865
9	47	-0.040980232751838805
18	53	-0.041055135697670435
39	49	-0.04117938192076645
3	46	-0.04126581789433541
33	62	-0.04135472814807439
53	60	-0.04143834649409371
35	63	-0.04159625500651066
19	52	-0.04166663238967917
47	52	-0.04168858031576207
41	63	-0.04200534139268672
10	48	-0.0422013076191968
17	66	-0.042211506517707206
3	15	-0.04224020648427194
27	63	-0.04231835592519638
31	64	-0.042374324257170595
40	50	-0.04250520965265061
4	66	-0.04265441252529349
55	68	-0.04274658753605349
39	50	-0.042792012868782134
36	64	-0.04295339442486117
48	58	-0.04298087791329188
26	62	-0.043041665114553374
56	67	-0.04313138928968081
32	64	-0.04318024813625064
38	59	-0.04318386699557002
56	63	-0.04341451956892059
42	65	-0.04344511713850877
3	65	-0.04370478999285217
35	61	-0.04390451242497867
34	64	-0.04391305670794651
12	39	-0.0440260255659051
17	53	-0.04403932388477435
56	61	-0.04409930710361282
48	60	-0.044113827856407
12	40	-0.04417198351827691
35	65	-0.044259192645202
33	64	-0.04472910962601447
41	50	-0.044780119499054985
25	64	-0.04494644051463936
7	51	-0.04495687503495406
2	64	-0.04509693486356512
6	65	-0.04524739076572218
60	67	-0.045253621518126494
9	46	-0.045297379297154806
8	61	-0.04536796572591467
7	40	-0.04560740968632492
35	62	-0.045849093514896216
16	57	-0.04585158667924816
25	66	-0.045882492521729504
7	66	-0.045978400141026096
3	66	-0.046002141977027226
44	56	-0.04612178907842955
45	50	-0.0467204536063823
57	69	-0.04678299168029232
7	41	-0.046923415425733
54	68	-0.047122896184714325
42	60	-0.04735976019406863
4	65	-0.04747375622333028
41	66	-0.04752704869190184
38	61	-0.04754204151317818
15	65	-0.047579532354848054
37	66	-0.04778744027352069
16	58	-0.04796197292694042
17	57	-0.04798931921713131
5	64	-0.04805481282395616
15	54	-0.04812419314348807
27	64	-0.04838678133547667
42	64	-0.04873498534050374
13	46	-0.048843333626111
17	42	-0.04889553182337633
11	47	-0.04903843006039201
55	66	-0.04916153410492594
39	58	-0.049221923321728214
55	67	-0.0492818353441149
18	68	-0.049362995917435155
11	45	-0.04936619863275588
16	37	-0.049425179023809905
14	66	-0.04982300675308199
40	64	-0.04996961995810843
4	63	-0.05002704982532118
54	67	-0.050071658311525186
18	52	-0.05020141863038031
11	53	-0.05023411982030569
3	64	-0.05036263124437297
19	66	-0.05037883727371935
16	54	-0.050437908434150754
4	64	-0.05072919967523419
26	64	-0.05082555792848582
15	45	-0.051106201953343706
5	46	-0.05139999008493941
26	66	-0.051706902529351936
8	66	-0.051707137772296796
15	57	-0.05190094660611001
16	42	-0.052179817771807406
54	62	-0.052229202367132715
15	53	-0.05244731303645651
15	55	-0.05263813583727228
53	59	-0.05333029013267604
18	42	-0.053552518344091644
55	62	-0.05367490113833849
60	68	-0.053729410171019024
39	62	-0.053814308417289625
27	66	-0.053898648438258874
35	64	-0.05404156434905465
37	61	-0.05524502201682484
17	58	-0.055458150561202166
18	67	-0.05600100405462573
55	60	-0.05656650548771473
53	66	-0.0566044082691763
17	52	-0.05699933411827883
7	68	-0.057790547567730735
14	45	-0.05793537174454043
13	66	-0.05794447256900138
15	62	-0.059245205521090236
6	53	-0.059684568463806056
11	46	-0.06078341227249598
12	45	-0.06108172723872283
5	51	-0.06192134979437501
15	52	-0.06205217507374692
15	56	-0.06228439943553281
6	66	-0.06283424896773541
17	62	-0.06386078610682064
16	56	-0.06387309021060873
55	61	-0.06394310847753726
7	52	-0.06394661158787966
12	46	-0.06418809887015575
11	48	-0.06477406808017121
39	66	-0.06478335968872231
8	53	-0.0650479403469742
16	53	-0.06656360784961729
18	66	-0.06658579194641058
54	66	-0.07053133054981518
5	52	-0.07081859449889183
54	61	-0.07154225381665377
16	62	-0.07358531829014534
6	51	-0.0777694706818573
7	53	-0.08232492114259449
16	52	-0.08244127693922693
53	61	-0.0836267880521013
6	52	-0.09057828733156158
