#====================================================================================================
# This result is computed using convolution with a 3x3 matrix on mean-field DCA
# The first and second columns are site pairs. The third column represents interaction score
#====================================================================================================
11	47	0.2738626715773893
11	48	0.25719052433748135
13	48	0.23070758905839703
12	48	0.19632717461784818
12	49	0.19429622381703504
32	52	0.190265200915437
11	46	0.18921311907406108
11	49	0.17489081981544372
12	47	0.17117666167202228
10	50	0.16370232771354318
10	48	0.13817105511241043
10	51	0.13632931900084788
10	49	0.13615594347342924
31	52	0.13333047671175846
11	50	0.13301304718744464
9	50	0.12716317334892197
4	29	0.1254855551825319
30	50	0.12441115773819342
4	27	0.12229475616000475
23	49	0.12080817251986606
8	51	0.11596496055000186
13	47	0.11552982718212572
9	31	0.11365953487294275
39	54	0.1109315391817923
3	27	0.10769613630274488
24	49	0.10620035918870964
12	46	0.10186909153383607
23	50	0.10123264898905959
10	47	0.09923873911206432
4	28	0.09860017963261676
10	52	0.09688590941319061
2	28	0.09661069442888535
40	54	0.09607898702554246
13	46	0.09606199338832032
8	50	0.0955272315036979
14	33	0.09303537867354429
31	50	0.09294492228269435
24	38	0.09244259647705222
2	27	0.09145004593821243
24	52	0.09111299145546799
5	29	0.09082768912290677
24	50	0.08915862351246914
8	29	0.08878495767507337
32	51	0.08696336360697676
13	49	0.08652373548064199
30	51	0.08594569826645986
9	49	0.08586613552535373
10	24	0.08239627893548099
11	43	0.08204073731514633
38	54	0.08142360768445008
30	52	0.08137951000951231
15	57	0.08108853062541951
26	39	0.08095576782929513
13	33	0.08066520344220277
9	48	0.08037801374704445
25	39	0.07987763800745248
5	55	0.07951673990839106
26	40	0.07841572917207361
20	38	0.0783595601799658
25	40	0.07720817748581692
9	51	0.07715160758113597
5	19	0.07653557820247718
3	28	0.07302042695493324
15	34	0.07294923761052426
32	57	0.07246468325812268
48	53	0.07217368672358876
10	25	0.07186050009072543
18	55	0.07097557247332037
8	23	0.07052457145800407
31	51	0.07050261512499964
38	52	0.07039279754606381
7	29	0.07008263163144966
25	38	0.0697971682404657
25	54	0.06956283583941988
16	34	0.0684477084743528
31	57	0.06823629618677443
14	32	0.06679307615920806
32	58	0.06645790192974868
24	53	0.06636449236876978
15	33	0.0657074677171794
19	55	0.06540061707336423
2	41	0.064482482003549
16	31	0.06438311276589495
9	52	0.06424703273720622
14	57	0.06362932500608366
26	54	0.06361607120675924
16	58	0.06336054966986406
14	34	0.06319831465773171
38	53	0.06310955057260255
4	21	0.06094061079975832
5	28	0.060909498518336366
44	49	0.06059681250142909
5	27	0.06031831308661361
5	21	0.060167796202755204
23	51	0.05978561331306289
9	24	0.05977685432084971
14	24	0.05969522487336534
15	32	0.059085531186784175
31	58	0.05844693264281828
3	29	0.058251141236323495
21	28	0.058028208155947836
20	57	0.05802001878784615
8	52	0.05751964682016093
28	36	0.05750143885348361
25	50	0.05738977217161214
16	57	0.05725000484828377
22	39	0.057247606659329445
29	36	0.05577043302167431
6	29	0.055717941269994395
6	55	0.055610945552794944
16	28	0.05522725412447365
24	51	0.055117289999663484
15	58	0.05490117500225018
27	34	0.05476383223860768
30	57	0.05470840090568942
24	39	0.05467276709924243
23	48	0.05455462721282501
13	44	0.054544250248633096
46	51	0.054208786890181465
26	38	0.054135702963407945
5	56	0.054133220711629744
5	20	0.05366147855412425
18	42	0.05262079277485287
22	40	0.05224588614213235
9	23	0.05217407252877791
7	57	0.051859999397446455
18	56	0.05179357181139373
12	43	0.05172359556283803
5	18	0.0510690672578543
22	31	0.04967669859568766
21	38	0.049431417325564685
13	45	0.0494092788807912
10	23	0.04910357546754826
15	31	0.04866443363390903
7	30	0.048557922670710144
19	44	0.0485377859164682
25	52	0.04844065373482948
32	50	0.048001297772842864
25	51	0.0476942632424435
22	30	0.04698319862943229
39	53	0.046787520278389366
31	47	0.04633195512641728
8	30	0.045920393205482
11	12	0.04589114610395913
19	56	0.045477108473154504
15	29	0.045391736872756196
10	41	0.044880234412303315
19	27	0.04447138099661145
13	22	0.044414798232855476
1	32	0.04434841614951812
6	56	0.043878280559167954
6	57	0.04381368494475782
3	19	0.04371714403971787
27	35	0.04367956241193606
33	58	0.04329417689392573
6	20	0.04328705830819731
43	52	0.04328526802265175
21	26	0.043214999881831216
16	33	0.04312767619781455
9	30	0.04262562296169141
27	36	0.042549268518385495
44	50	0.042505446630073794
3	34	0.04219685145210686
20	56	0.042019181369226326
9	25	0.04159260835335331
21	39	0.041552267921175536
8	31	0.041492861772713836
23	52	0.04136119961284345
14	58	0.04132616584013874
25	53	0.041097572439237486
4	19	0.04109163797385707
22	54	0.04088304926762801
31	48	0.04086203368993086
43	50	0.04070101329881909
20	39	0.04040965585702152
7	20	0.039870165568672664
30	58	0.03976900301740077
1	41	0.03970611825137281
16	32	0.039385434321371114
1	39	0.03859298828633412
6	21	0.03843643332134625
20	55	0.03802840058282665
42	50	0.037973552499867516
47	53	0.03773863108893075
1	28	0.03756787678057218
40	53	0.03742055524811539
30	46	0.03734459762044984
6	19	0.03713418052144438
2	21	0.03706363240847875
17	34	0.03681499502648851
37	54	0.03681491924063458
2	40	0.036738844639587626
1	14	0.03643140113532982
28	35	0.03622335925271051
32	43	0.0361769200730842
22	51	0.03603909502900481
21	40	0.03584109201973053
7	12	0.03563606539672852
7	56	0.035606065656016574
14	26	0.03549570896861507
28	34	0.03538324373209673
6	28	0.03526933958549769
22	49	0.03489610934959147
19	57	0.03484766486189721
33	57	0.03451244116933323
30	41	0.03438998266720054
20	29	0.03431933535196763
13	31	0.03405506885507093
6	18	0.03396448702120675
31	46	0.033781573188285535
5	7	0.0337625347000931
20	26	0.03365100585940486
21	29	0.03364793278259785
18	44	0.03341616366651151
17	42	0.03312258670726577
3	21	0.03307606197191926
15	30	0.03285494073730275
16	30	0.03223716918637088
35	45	0.032073807045434
19	28	0.03175751069796405
43	45	0.03125534384827554
1	40	0.030804766170522878
19	42	0.030787657624162523
19	20	0.03068273366437051
17	58	0.030651424046356637
20	37	0.03062700742319727
2	16	0.030582980416080645
8	13	0.030346970451512058
21	54	0.030308604257972875
8	10	0.030091470144396417
26	53	0.029994504995221095
16	29	0.029910379392402747
3	4	0.029435275719227307
14	31	0.029314804818902928
19	26	0.029304425080935132
17	51	0.02922312189973251
2	19	0.02921417951817724
22	38	0.02909862485804075
29	46	0.028517888897368115
18	57	0.028198843099208448
5	57	0.027984742228603438
21	27	0.027965837375164154
22	53	0.027466698775611458
1	26	0.02735290790488032
37	53	0.02720269804109621
7	13	0.026941465523361456
23	53	0.026927526024111238
46	47	0.02690016333544422
14	23	0.02688380131117283
22	48	0.02661219697159664
20	28	0.02657445454827771
3	5	0.026541110571537022
4	5	0.026541110571536988
30	47	0.026331794279885704
37	52	0.026071907272142723
2	15	0.025795638745267108
14	22	0.025549348805713062
10	12	0.02549818197578907
24	40	0.025389206413485476
6	27	0.025156231783538124
16	21	0.02506461423146346
13	34	0.024983922202144765
8	11	0.02475190851330001
7	55	0.024574305945961522
35	48	0.02443679207578224
22	47	0.024360971691447034
43	48	0.024346772887379013
8	12	0.024275277607904357
13	23	0.024105082694756766
26	37	0.024038839704689365
36	56	0.024023015575231368
42	52	0.02397921393504214
14	29	0.023911396328140808
8	49	0.023861444167896373
15	35	0.02349980550638705
15	16	0.023408317731947268
36	55	0.023277105245581107
15	24	0.02319453098151244
41	50	0.022898952520213497
33	48	0.022836382460424662
18	19	0.02268810097569262
1	15	0.02260519870581417
24	54	0.022515578115531842
29	35	0.022469128397697363
18	43	0.022417439758813815
31	41	0.02236311246984486
21	56	0.022137537803121214
36	45	0.022130223083257298
4	20	0.021924392432735827
12	45	0.0216910724677664
38	39	0.021646275312474962
45	49	0.021613323098547077
35	56	0.021571723992719248
35	50	0.021479979832021243
1	16	0.02136131868172321
24	37	0.021349185077316816
16	27	0.02126601830653746
42	48	0.021261377975398548
34	58	0.021129969392225428
2	39	0.0210667003345946
17	31	0.021026626682839476
39	52	0.020981288542344653
10	53	0.020725576099321828
23	38	0.02063695300761193
1	13	0.020547259752892667
41	57	0.020476591590272323
8	9	0.020471834971566107
35	55	0.020439787412000678
11	44	0.020374512887665813
21	25	0.02023736906170754
21	37	0.020182799765482786
17	57	0.01984288899674112
2	32	0.01978047994990619
29	47	0.019767218378567496
1	27	0.019724737363993848
21	57	0.019648189781987586
25	37	0.019588591993781358
14	30	0.01950006620116604
15	28	0.019326662886159068
29	57	0.018978889073992547
2	34	0.018675435917071218
20	40	0.018622190329703376
24	48	0.018453241851698454
45	46	0.018361180238771327
37	56	0.018221199823286835
29	34	0.01805269940508365
37	55	0.01788466068242352
3	20	0.01786595047873652
1	34	0.01749318028086384
21	55	0.01721789412857791
1	44	0.017092782348316297
13	32	0.017040031952497914
25	36	0.017012541664320216
20	27	0.017004618976600223
22	41	0.01682187779001291
28	56	0.016679599798242822
7	8	0.016543141426110256
9	29	0.01641065805586979
14	27	0.016256943276607965
46	53	0.016254114962923352
41	48	0.01603954108772933
44	53	0.01591560883578646
47	49	0.015894204839054772
28	55	0.015864724383003175
20	54	0.01580023363339074
14	28	0.015779362502983493
24	45	0.015520608804328722
43	54	0.015413868548388011
1	21	0.015327144716807416
1	33	0.015297728775936338
18	36	0.015253054924217642
29	58	0.015173556333777238
48	50	0.015120243216211459
41	58	0.015078019229742248
17	25	0.01502001529181583
17	33	0.014927264819316374
49	52	0.014850343887010628
27	56	0.014607728049977332
40	56	0.014538919521362315
18	25	0.014535234706272288
9	15	0.014483765520126488
2	14	0.014479287847127442
24	32	0.014473012859308701
33	52	0.014150649186029929
2	20	0.014088732119718048
3	15	0.01407169668460527
40	55	0.01390969661466603
10	43	0.013842300349703827
24	43	0.013761094071729107
36	54	0.013758554902286283
7	35	0.01371174939317692
19	43	0.01370619637283544
26	56	0.013544488791768776
32	33	0.013363640793225946
3	56	0.013291688956404316
12	42	0.013266546191624217
22	44	0.013041757252811557
8	24	0.013032022203296084
17	56	0.012899763369450885
14	35	0.01280267190467114
27	55	0.012791117621425215
22	42	0.012757262332831752
26	55	0.012382506979258738
10	14	0.012291131878473716
9	11	0.012234581628567652
34	56	0.012198893189004897
2	26	0.012144116890057299
12	44	0.011929372606950029
13	24	0.01190952337134421
34	55	0.011454507019549377
3	55	0.01135553321057965
17	55	0.011312765415569402
32	41	0.011274299560311372
34	57	0.011272548405034284
38	56	0.011258710810326856
31	33	0.011153373048519434
11	42	0.01093798151334303
37	47	0.010923485470007434
2	44	0.010763614940822671
18	20	0.010755681582091628
38	55	0.010547060815476517
5	8	0.010524448082761897
43	51	0.010515318907402805
10	42	0.010473390668550056
18	37	0.010243865670586024
17	36	0.010209565881435331
27	33	0.010197688420762973
17	49	0.010162823026585261
32	34	0.010153750577998503
35	54	0.010043082595341144
3	36	0.009981865840285759
51	52	0.00979563098412592
28	37	0.009735969865740138
7	19	0.00960751079509824
45	53	0.009595069853993264
16	26	0.009309920026219411
48	52	0.009285892419163024
42	54	0.009230865119564736
43	53	0.009208438649116739
7	36	0.009197688609933422
27	37	0.009187464085017444
15	49	0.009159914853732437
16	49	0.009090479798443768
37	45	0.009068377256738674
20	44	0.009066460584236097
2	56	0.00902560138571508
49	51	0.009025218740487333
6	36	0.008867971594610216
12	31	0.008485824509969837
18	35	0.008433880729535435
44	46	0.00828519934274625
24	26	0.008259171257439423
40	42	0.008204364614674848
17	30	0.00816254242890466
13	35	0.00808844899843723
3	37	0.008043998393641578
15	23	0.007916342666078238
36	57	0.007904285497276994
15	26	0.007795861316924786
1	56	0.007727672779295114
2	55	0.007645232891394238
41	54	0.007592338747373941
26	36	0.00751436731256901
41	49	0.007504537888222111
28	54	0.007477211308654541
12	22	0.0074648501477077925
20	53	0.007404954434450046
21	53	0.007337623731125112
44	48	0.007189020659654091
39	56	0.007120958840751425
18	54	0.007064151099990518
10	31	0.007035863616181581
20	30	0.006910158451411096
20	25	0.006901980996857444
50	51	0.006718026294820613
4	56	0.006649034940826485
1	19	0.0064723610392261625
1	55	0.006459496390420814
21	24	0.006429272693537036
16	56	0.006232105997772087
39	55	0.0062275034409868
7	18	0.00621926772828559
3	33	0.006137997925395258
7	31	0.0060095983731234225
30	33	0.005760501467081018
5	36	0.005655663828992036
36	58	0.005563854658935262
42	58	0.005532596123926933
16	55	0.005493473452224786
27	54	0.005492362678329103
37	58	0.005452332424333336
17	43	0.005368695460977277
42	51	0.0053528923395104455
25	49	0.005311861073738315
17	44	0.005290990685219265
18	28	0.005280958397190739
29	45	0.005217112201826923
37	57	0.005216782480546597
1	30	0.00519820610683267
9	10	0.005100433389456909
4	55	0.0048938872064821885
3	54	0.004811270066846184
1	36	0.004767644963648459
3	35	0.00474027395840762
35	40	0.004738474839186078
14	19	0.004646443172502533
41	52	0.004630658973870149
9	43	0.004560246243088513
17	37	0.004424102899640341
22	43	0.004403018487901404
31	43	0.004401072904591563
2	29	0.004382118007631403
44	45	0.004221539725330133
28	38	0.00421693427853771
16	23	0.004078548225501501
12	41	0.004032652489726922
45	48	0.004014895871426727
23	24	0.003982163668924753
14	44	0.003933842882554037
22	32	0.0039320660964065855
28	40	0.003890938683119652
17	35	0.0038459341701277397
23	45	0.0038382564588517916
28	32	0.0037840208464376413
9	12	0.0037656616309537094
23	36	0.003729657694237624
32	42	0.0036949568793166526
23	39	0.0036640235219659216
17	29	0.00362574600103272
41	56	0.0035723160074212215
22	37	0.0035612754047210475
35	57	0.0035375242615980256
8	22	0.0034960856092226197
14	45	0.0033531414090955574
35	58	0.0033456381356445266
2	36	0.0032264957699473097
18	58	0.0030776471795936466
6	54	0.002978567380088896
43	58	0.0029431333752765773
18	40	0.0028943928919120798
31	32	0.002881161975318451
3	14	0.002861066595856574
14	42	0.002771236416655754
26	35	0.002742394453133205
18	38	0.00268801025428433
23	44	0.0026482382419234377
7	21	0.002647884893016956
17	54	0.0026280232177554527
41	55	0.002552165579573931
12	52	0.0025364468405224974
24	36	0.0025319564878405294
48	49	0.002518533140154558
32	35	0.0025136271855223866
50	53	0.002444307359102769
12	33	0.002406182727261309
1	35	0.0022780996450497814
1	54	0.002190611260420326
54	55	0.0021463182308521745
54	57	0.0021463182308521143
55	57	0.0021463182308521086
37	41	0.0021463182308520475
12	23	0.0021415219837201717
26	29	0.002106997221369385
22	26	0.0021069972213692005
35	49	0.0020732255503767318
17	28	0.0019916937370947733
1	37	0.001983935586747317
2	37	0.0019551280934665353
36	37	0.0019036929032821745
11	45	0.0018185856242869617
7	41	0.0018123945100987412
3	38	0.0017644116237517122
34	37	0.001760281554082378
27	38	0.0017594084482291288
18	22	0.0017222781765362158
15	21	0.0017202995149115858
22	45	0.0016773253333563975
5	54	0.0016733242543511776
42	57	0.0016725558037271031
28	58	0.0016591474952652942
3	40	0.0016109238852563914
35	37	0.0016035143468196944
27	40	0.001587892184158158
55	56	0.0015803043939811414
54	56	0.0015803043939811127
56	57	0.0015803043939804995
42	43	0.0015787590200372565
4	36	0.0015531039303941488
16	36	0.0015523829537442413
27	29	0.0015258241931946819
41	44	0.0014606795911193964
17	18	0.0014558099441402221
45	56	0.001349466518652425
26	27	0.0013269869819011043
23	34	0.0012727409391703748
40	41	0.0012640237437432505
37	40	0.0012640237437432232
5	37	0.0010625139760789598
35	36	0.0010459734284517504
38	58	0.0010358832221302908
6	7	0.0010083230596366834
19	22	0.0010022054033254155
2	6	0.0009660121495151707
15	27	0.0009260244295340283
6	35	0.0009157049030793357
41	51	0.0009037574418397538
14	46	0.0008708061029759039
17	22	0.0008683993616428048
1	42	0.0008631062968721182
34	36	0.0008467904462041286
33	43	0.0008034267391956908
34	35	0.0007834930588010414
7	37	0.0007600409120026939
13	17	0.0007232478946486325
36	40	0.0006895160709647883
36	38	0.000642145616754615
22	52	0.000638456667733987
36	41	0.0005868337438393323
17	19	0.0005809242254140069
38	41	0.0005281672964029746
37	38	0.0005281672964027148
5	35	0.0004906396888921497
28	29	0.00048052699664681044
42	53	0.00047605990113812487
2	35	0.00045246932386430044
24	25	0.0004113849805226378
10	11	0.00039931469702058145
2	4	0.0003692124710025725
2	3	0.00036921247100238515
6	37	0.00034451789514597245
46	49	0.00034354320178315353
21	22	0.00031562919600807153
35	46	0.000300072507399338
27	58	0.00021223618588498121
37	39	0.0001410446423667569
39	41	0.00014104464236663135
22	25	0.0001134336925284773
25	29	0.00011343369252827303
36	47	0.00010607396225901546
18	27	8.10283459091914e-05
14	56	7.96188741633932e-05
29	33	6.047033322668688e-05
33	37	6.047033322631348e-05
53	54	4.810574305931189e-05
53	55	4.810574305929519e-05
53	57	4.810574305927741e-05
14	43	3.3427238674593913e-05
36	53	2.8118687590276102e-05
36	39	1.6275539458214267e-05
45	55	-3.060375888818464e-05
47	51	-7.095483430858557e-05
40	44	-9.494770627888494e-05
9	41	-9.596571649671953e-05
15	44	-0.00010747966510457618
4	7	-0.00011673741767522124
3	7	-0.00011673741767536565
51	53	-0.00013714064868908596
34	54	-0.0001768910350749952
38	40	-0.00026786695628435884
19	36	-0.00028892264166168347
15	17	-0.00031784982494699725
2	5	-0.00033868510446026555
3	18	-0.0003541770852700421
40	57	-0.0003621237136672888
57	58	-0.00039495473675031385
54	58	-0.0003949547367504318
55	58	-0.00039495473675044395
52	55	-0.000397805147543606
52	54	-0.00039780514754362813
1	46	-0.0003986916532970758
33	36	-0.0004135142395272117
30	34	-0.0004351785566373131
26	28	-0.0004382710806403857
41	43	-0.00043887514105706796
50	54	-0.00045806768922017
25	26	-0.000468046847888049
3	58	-0.00047011033519631356
17	21	-0.0005047392828812268
28	57	-0.0005505680127694823
35	38	-0.0005724635669989021
4	6	-0.0005823857099528339
3	6	-0.000582385709952967
20	22	-0.0005850135491806893
1	2	-0.00064420619023795
33	56	-0.0006490580147901501
16	17	-0.0006861949295790398
21	30	-0.0007233278494379247
40	58	-0.0007472835314037715
53	56	-0.0007841490766315386
14	17	-0.0008249245579320121
18	21	-0.0008397016406713354
39	40	-0.0008697457334361927
2	54	-0.0008811328733300812
27	28	-0.0009509901017911073
16	18	-0.0009777349945964237
35	39	-0.0009941273746402524
5	6	-0.0010602013682162173
1	53	-0.0010778377072046645
41	45	-0.0010791272225140363
18	34	-0.001082837363208072
25	27	-0.0011087865538854087
29	32	-0.0011134801308730349
26	33	-0.001173216173394491
6	58	-0.0012052232467054471
14	55	-0.0012074189221711637
23	35	-0.001253081560680342
23	43	-0.001256580667238807
4	54	-0.0012717962593284653
33	50	-0.001312905219910853
17	20	-0.001339666318651592
14	18	-0.001369635905996756
15	18	-0.0013954396095756311
33	35	-0.001424345056780523
34	38	-0.0014273787485322776
44	47	-0.001435451027120155
38	57	-0.0014764753890955861
1	20	-0.0014804741794043636
21	36	-0.0015213749703373294
33	55	-0.0015383164990244854
44	51	-0.001539340810119883
13	14	-0.0015472192253145457
56	58	-0.0015562574806624223
8	25	-0.001564325642628722
41	42	-0.0015698436461984689
52	53	-0.0016034336571116416
33	34	-0.0016202585117584547
18	26	-0.0016296767970120846
39	43	-0.001663683762158752
1	3	-0.0016716306369891167
1	4	-0.001671630636989289
1	45	-0.0017000332769973006
1	18	-0.001761289177168668
1	25	-0.0017661415469673435
22	50	-0.0017820350943747508
13	16	-0.0018061613545954879
28	39	-0.0018106801202722148
29	31	-0.001880577461031874
17	27	-0.0019555605211942586
25	28	-0.0019596550374400543
52	56	-0.0019662997418297004
40	43	-0.001980198494464283
42	56	-0.001982402520090498
42	46	-0.0020862518211701166
43	44	-0.002105683724041665
21	23	-0.0021101974811769822
13	15	-0.0021280375426021773
26	32	-0.002202876442620621
29	38	-0.0022097795607758063
17	38	-0.0022414685396644576
46	50	-0.0022612479538810263
19	21	-0.0022669930567621255
1	38	-0.002272976162092301
13	42	-0.00232195005896663
6	40	-0.0023884221135575794
16	19	-0.0023892324781327277
32	36	-0.0024040597565735487
2	38	-0.0024242455538002255
41	53	-0.002441101439787404
1	5	-0.0024748822632431706
5	40	-0.002485202437030432
9	13	-0.002516377965884193
42	45	-0.002526441360768711
5	58	-0.0025731421569339277
22	24	-0.002585023596025798
22	23	-0.002593254647044015
30	42	-0.002640342649489393
37	42	-0.0026563817682496446
23	26	-0.0026704319147835814
17	40	-0.0026789152404453594
5	38	-0.0026903970487207286
11	14	-0.00271570248932669
15	19	-0.0027765842990953023
7	42	-0.002778490794793529
4	37	-0.0028345983176805587
38	42	-0.0028356791827762184
28	33	-0.0028449006956671437
6	9	-0.0028608187932989537
42	44	-0.0028900979571401895
26	58	-0.0029345452732326754
31	35	-0.002943204036491278
1	6	-0.002964674693049842
23	41	-0.00298382551591719
24	28	-0.002998177856013152
29	30	-0.0030933346662164176
25	35	-0.0031282467002055987
35	47	-0.003148527257882141
26	30	-0.0033033369819705696
23	54	-0.0033042051500217114
3	26	-0.0033147000648190077
7	9	-0.0033154057902866343
43	46	-0.0033466877962571883
14	16	-0.003370913393649721
47	50	-0.0033734023323355265
48	51	-0.003377333735112094
27	31	-0.0034126973922021173
11	25	-0.0034437801944650244
11	13	-0.003444969479182395
42	55	-0.0034765207680925313
17	23	-0.003539557634059746
3	32	-0.0035629959185798357
10	13	-0.00360849599258101
14	15	-0.003611528169439223
4	35	-0.0036131854014422693
31	34	-0.0036694899371866115
30	32	-0.0037295761004062424
6	8	-0.0038583215440782578
20	21	-0.0038752458793074825
1	58	-0.0038941688970742312
51	54	-0.003907761022180698
51	55	-0.00390776102218073
20	52	-0.003907992717305908
22	36	-0.003913242312381781
16	20	-0.0039216236571889464
27	57	-0.003978091674022723
24	27	-0.003984515880340959
23	27	-0.003985135724115463
6	38	-0.0040030646898971695
39	58	-0.004013825078528894
16	37	-0.004037330325796259
1	17	-0.004058459199718121
47	52	-0.0041191705074510535
7	11	-0.004157124776489113
34	48	-0.00416135257347643
6	26	-0.004190710300156878
39	42	-0.00424027093597565
46	48	-0.004254063517351251
34	40	-0.004275393742161043
27	30	-0.004294334262720891
17	26	-0.004314263089207179
26	57	-0.004318132448290426
36	42	-0.004339697493405056
7	10	-0.004345339087880759
50	52	-0.004363687977092809
2	45	-0.00444227992835758
9	42	-0.004456524772945436
3	39	-0.004532221211603254
35	41	-0.004563661466305247
4	58	-0.00457233684525332
4	8	-0.004587710807536959
35	53	-0.004684533585452187
12	14	-0.004696420432382385
3	57	-0.004703570677215256
23	37	-0.004740548692352652
2	33	-0.004744380386447352
19	37	-0.004751664877010403
28	31	-0.004782333128209545
16	54	-0.004910302097413781
16	35	-0.005000304523736296
16	51	-0.005048486948561333
18	39	-0.005049561570744634
25	56	-0.005080892840736579
36	50	-0.005101379406081532
6	10	-0.005149479284748357
5	9	-0.005170111147451934
26	42	-0.005189706116683615
2	58	-0.005226009528380886
19	54	-0.005280459364064448
2	18	-0.0052992971805009
1	43	-0.0053126140611904245
20	42	-0.005329330631227298
27	39	-0.005382437406511652
12	13	-0.00539679611075448
11	15	-0.005405520097732846
19	23	-0.005447823343698319
28	30	-0.005503199013475941
37	46	-0.0055389497062824835
23	25	-0.0055640545333975585
23	30	-0.0056083569500329404
15	22	-0.005622197312156353
22	27	-0.0056405027339258285
43	47	-0.005651708102757846
4	40	-0.005672262735646822
25	55	-0.005726813958743292
12	51	-0.005810312305247246
30	31	-0.005895808237961428
3	17	-0.005909434329226376
20	24	-0.005924990939303348
44	56	-0.005935324762296427
47	48	-0.005935829562621765
49	53	-0.006034935315158156
41	46	-0.006050200137110927
22	35	-0.006109429690695155
20	23	-0.006136056475825951
5	26	-0.0061566673938736865
33	51	-0.006234315600760904
14	37	-0.006259877972954563
43	56	-0.006282236184017318
49	50	-0.006298058046047168
12	16	-0.006419350926973458
14	36	-0.006505156803265244
6	17	-0.006612674495921671
28	41	-0.006701732845178254
21	35	-0.006739033263745106
44	55	-0.006779991144066298
15	56	-0.006786940985850991
19	35	-0.006802523085864144
23	40	-0.006861663570160858
2	53	-0.006911106475106252
26	34	-0.006911810344030968
13	43	-0.006927780905837063
19	58	-0.006989255385169942
26	41	-0.006994637907044813
8	53	-0.007041127501296891
29	37	-0.007046825331890749
16	25	-0.0071686260019641545
11	31	-0.007182079477461922
4	38	-0.007225911665165261
43	55	-0.007286895605103151
28	53	-0.007330211948349004
45	47	-0.007366310525039162
22	56	-0.0073854116252507155
39	57	-0.007411819404208748
1	57	-0.007467869414770604
25	31	-0.007565504918646113
17	32	-0.007666744819385946
45	50	-0.007720559105784055
8	37	-0.007752339844804984
30	43	-0.007787320833213561
53	58	-0.0077926752264822164
24	30	-0.007841209272642062
26	45	-0.007896219015531369
25	45	-0.008019472094462006
12	15	-0.008020930731285777
20	36	-0.008050911083635998
26	43	-0.00816106549356065
33	47	-0.008171288482450457
2	25	-0.008207866233161202
15	55	-0.008256530813338457
15	20	-0.008270411148244679
22	55	-0.008331795057849808
18	41	-0.008382216716319866
32	48	-0.008414609507406173
12	24	-0.008510077502158864
6	34	-0.008670543072624201
2	42	-0.008960877921596284
18	53	-0.008963252282373824
4	18	-0.009014317166797613
21	58	-0.00915614623532953
22	28	-0.009288974796419772
44	52	-0.009348544269659064
43	49	-0.009396261253537659
45	58	-0.009438531552066285
33	42	-0.009460270990487648
40	52	-0.009486859503491719
19	40	-0.009498469661521177
29	56	-0.009537497904392567
4	26	-0.009560258810437518
8	36	-0.009570171101879472
43	57	-0.00961865328520554
5	34	-0.009657236497537362
17	53	-0.00971166962887236
28	45	-0.009720457599025015
45	54	-0.009725845106983856
21	31	-0.009787077477404382
3	41	-0.009788595229887558
28	42	-0.009863931673201992
19	38	-0.009888959717029407
5	39	-0.009917462468089791
2	57	-0.00992656046656511
22	34	-0.010029510397727245
27	41	-0.010296308627292682
29	39	-0.010296885214737914
29	55	-0.01029955464559356
5	17	-0.010311001703943886
33	41	-0.010377235700363727
16	38	-0.010383560739097505
31	42	-0.010437258384168126
3	53	-0.010481014351236086
35	42	-0.010536855597233124
41	47	-0.010571852735943653
42	49	-0.010628205958469993
16	40	-0.0107201232520856
2	46	-0.010803436210701133
8	35	-0.01089791232689023
7	45	-0.010970006674500085
24	42	-0.010973346298730789
36	46	-0.01100754269608925
2	17	-0.011027093027928002
17	39	-0.011188815968574909
27	53	-0.011201396534871393
2	13	-0.011255811597618686
1	23	-0.011293525651742834
14	54	-0.011304211513193909
7	58	-0.011338454013501002
33	54	-0.011404580396316012
7	50	-0.01147278202897447
40	49	-0.011521821529636342
24	41	-0.011607501576633721
18	45	-0.011892744942043385
39	47	-0.011893960569755255
34	41	-0.01190014530940333
6	41	-0.011945464323793856
46	58	-0.011983086724017027
20	58	-0.012088167948091252
29	40	-0.012122737811464664
24	46	-0.012381294279327569
21	44	-0.012383442199849987
7	14	-0.012392947087086353
6	39	-0.012438569048476796
14	21	-0.012584279674749226
3	16	-0.012595863470622656
17	41	-0.012621882553166383
34	39	-0.012634444398207252
21	52	-0.012724699700017944
14	38	-0.01273403914906709
14	41	-0.012768967131771437
15	36	-0.01278793518600258
36	44	-0.012846036270487766
9	46	-0.012897695389525565
40	45	-0.013178483313925944
11	51	-0.013199114878458849
6	53	-0.013252129101820265
27	42	-0.013252438123861707
4	17	-0.01327323430211201
24	44	-0.013280621137960847
9	14	-0.01334017500208403
4	57	-0.013420780343494894
34	42	-0.01347205799376163
44	58	-0.013549996108602795
4	39	-0.01356611802477113
5	41	-0.013588990005641042
12	32	-0.013766274175502347
36	43	-0.01383079829177783
3	45	-0.013881478235632192
37	44	-0.014040197764206439
3	42	-0.014133500190121835
44	54	-0.014277757696455527
45	51	-0.014290262006317302
34	53	-0.014318422953223022
37	43	-0.014431729948471417
23	42	-0.01445333620466966
17	45	-0.014486413881077484
29	54	-0.014545578668254565
4	34	-0.014580245521018281
21	42	-0.014673778184380596
5	53	-0.014679995009010002
22	58	-0.014725586321388394
15	50	-0.0147886249378212
8	56	-0.01482634289976618
6	16	-0.014853680709004325
18	23	-0.014865636487158324
7	54	-0.014998975275464753
14	40	-0.015061136679361644
29	41	-0.015140749231655346
33	46	-0.015268511442199456
1	22	-0.015379110337219724
2	43	-0.015460363272621317
25	41	-0.01548728134533324
20	35	-0.01552528917924247
30	54	-0.015613503245227655
23	47	-0.0157845584314005
13	30	-0.015848231186036954
25	30	-0.015901667179524834
5	16	-0.015956637445546876
15	37	-0.015974059919022298
6	42	-0.01605657750567217
1	31	-0.01606482080935935
38	44	-0.016162806172413505
21	34	-0.016206913718611247
38	45	-0.016224117333480864
30	40	-0.01625456637754555
8	55	-0.0162646494892986
30	56	-0.016279897508157785
36	49	-0.016297390810863538
23	32	-0.01636528222406818
27	32	-0.01640219686741055
1	52	-0.01646814568882103
15	45	-0.016495536265540803
22	29	-0.016616495889432738
11	41	-0.016633350076966327
26	47	-0.016657628464112086
37	50	-0.01666564988147095
2	30	-0.016673823567436154
7	28	-0.016678417698905882
40	47	-0.016688826012924835
52	58	-0.01693165235419277
16	22	-0.016936034230418926
27	45	-0.01693811682877564
18	33	-0.017058907500834688
19	39	-0.01710426739077961
15	54	-0.017111124174084495
14	20	-0.0171674257376761
46	52	-0.017199031359031704
24	35	-0.017256063461335326
9	44	-0.017445386350398048
23	56	-0.017502457044935256
47	58	-0.017518357121969
18	51	-0.017543876360241344
19	34	-0.017561754107619777
20	43	-0.017628512608729274
28	44	-0.017662828832157196
4	41	-0.01770251381871119
33	40	-0.017919972140209406
26	44	-0.017960776912995375
30	55	-0.01800808716997309
9	58	-0.018009305720639156
33	38	-0.01805984453124037
1	12	-0.01807171003643595
18	29	-0.018207931163132796
6	45	-0.01821079802270661
39	49	-0.018238645570481316
30	45	-0.01825375499123174
5	42	-0.018257761806407643
34	45	-0.018261605746418958
1	7	-0.018333947439813522
30	35	-0.018359930813955615
4	53	-0.01837665962160499
11	33	-0.018442237886843543
23	28	-0.01847771208039502
45	57	-0.018494754671943656
1	51	-0.018516341601451915
30	37	-0.01862112116015189
33	49	-0.018719766382623446
22	46	-0.01876860498858303
5	45	-0.018849126293945362
15	42	-0.018934852678789214
51	58	-0.01893940251850526
24	31	-0.01895173397865418
15	46	-0.018961997783641646
23	55	-0.018975347617782766
7	27	-0.0189917155724973
30	38	-0.01901111077335228
30	39	-0.0190382998453107
16	39	-0.019040886314607416
30	36	-0.01906144634671715
32	56	-0.01907210423076099
25	34	-0.019141434491661224
38	43	-0.019223240887990586
30	48	-0.01924387394402649
25	58	-0.019375789696677304
13	29	-0.01937731228113702
35	44	-0.019425259399967493
7	40	-0.019445235270106605
16	42	-0.019456447617031723
26	31	-0.019476610361441837
29	50	-0.019531648696703822
1	24	-0.01960951144292643
7	43	-0.019656099878585277
34	43	-0.019667981202821597
28	43	-0.019687614732896295
6	30	-0.0198295822341412
25	32	-0.019916956051258008
7	17	-0.01993272840715857
39	44	-0.01994731214919837
16	53	-0.019985931311823864
21	41	-0.020083628895702997
13	56	-0.020118922941406932
4	16	-0.020155900348692538
6	14	-0.020192571430913873
15	38	-0.020211541496727985
32	54	-0.020253570048176493
32	55	-0.02027341121551859
1	8	-0.02027398328573141
23	58	-0.02036846472169477
7	38	-0.020565641797465853
27	44	-0.020627979172069773
10	30	-0.020713709826295598
23	29	-0.020722131357731197
15	40	-0.02075790802274908
5	14	-0.020849978923036333
32	53	-0.020900950306110617
21	33	-0.020946087350923997
7	44	-0.020989400759843246
19	53	-0.02099318492730607
13	55	-0.02103699675867984
12	35	-0.02111162445589564
16	41	-0.021157529252969005
8	58	-0.021169612865682034
35	43	-0.02120649167959747
6	25	-0.021214312734124646
15	43	-0.021225148854784617
7	15	-0.021234793598584295
14	39	-0.021422564489048074
1	29	-0.021544433979009327
7	26	-0.02164147529886859
13	37	-0.021758239023172397
3	44	-0.02177658959929832
19	29	-0.021780242319963346
3	22	-0.021855995986638725
46	57	-0.022111600230444742
26	52	-0.02226370801461145
1	47	-0.022340931445376563
25	42	-0.02236697625806045
40	51	-0.02236727052710359
4	42	-0.02236888709956047
19	41	-0.022369877615686477
39	45	-0.02274006858282641
18	30	-0.02282164079985379
11	24	-0.022836236628409855
32	47	-0.022922163945245183
36	48	-0.02292238457975372
30	53	-0.02295706406243201
27	43	-0.023037246420061056
13	36	-0.023139744019971053
21	51	-0.023198459841876195
12	34	-0.023305241063832388
17	24	-0.023376563733830756
3	43	-0.023490813594284732
12	56	-0.023678635373185014
4	45	-0.023722540494918384
10	58	-0.023756430004163963
12	29	-0.023815414765190463
16	45	-0.023858284028546096
3	30	-0.02403331445340174
36	52	-0.02407966943950619
11	52	-0.02410961769385009
2	23	-0.024137448357373602
15	25	-0.02422006751333285
44	57	-0.024395263477511593
24	47	-0.02442730877289315
3	25	-0.02445633288880532
24	34	-0.024616306373414262
34	46	-0.024721119119992745
5	33	-0.024724920602700963
26	46	-0.024781054528113994
4	14	-0.024817307169562458
7	34	-0.024869675175351637
21	43	-0.024883940112443506
12	55	-0.0249028511573644
6	33	-0.025023144794110472
5	25	-0.025058157254180754
6	44	-0.025122531147329506
2	7	-0.02513204037268339
34	44	-0.02521352716217207
13	41	-0.025228309266449468
15	47	-0.025274558674224873
3	13	-0.025360102718132566
50	58	-0.025597337058388413
11	26	-0.025620204969024073
33	39	-0.02564453268547857
10	46	-0.025657566812326026
25	57	-0.025765783673202584
46	56	-0.025787173802461885
21	45	-0.02584614988897719
16	44	-0.025854866444191188
29	42	-0.025936788812769375
6	22	-0.025950762990612303
2	22	-0.025964496051062276
8	41	-0.025978173274903586
1	49	-0.02605698488393253
18	24	-0.026178250621810846
14	53	-0.026249387863956877
5	44	-0.02628115429652391
17	50	-0.026402999815203353
25	46	-0.02644629518276441
15	39	-0.02651343368645828
25	43	-0.026565163149911454
36	51	-0.02657382249922012
25	33	-0.02661244585239928
7	23	-0.026682677275101988
51	56	-0.02680968545948808
6	43	-0.026855069664937836
1	10	-0.026857770757266676
20	34	-0.02686026679881036
47	56	-0.027008217273768856
32	37	-0.027111544971918887
9	37	-0.027166592576279118
5	22	-0.027307727299577915
9	57	-0.027312991668249218
24	29	-0.027333845909160465
6	23	-0.02737324316003212
24	56	-0.02738970819814296
22	33	-0.027432099737347074
34	49	-0.027496533700194052
13	18	-0.027509592785112672
46	55	-0.027603247731566496
20	41	-0.02768385515694979
20	31	-0.02769903575359689
37	49	-0.027727278732934416
6	15	-0.027776683394557564
22	57	-0.027781907045168322
10	15	-0.027799031276613616
10	26	-0.02791685485442454
10	22	-0.02792811200588548
7	39	-0.027998975017371953
27	48	-0.02812091700404717
34	50	-0.02821704833045815
24	55	-0.02827248457020639
32	46	-0.028337818676047472
33	45	-0.02841742802921116
12	36	-0.028491620496883908
47	55	-0.028568632192194132
5	43	-0.02860750338478437
8	28	-0.02861129966344692
23	46	-0.028624905351533617
19	45	-0.028820985301400898
14	25	-0.028873942003091214
39	46	-0.028969432529085286
12	53	-0.02899321763483105
11	58	-0.02904769319873876
21	32	-0.02905163893624435
12	30	-0.029079763337065148
13	38	-0.029175566624152726
1	50	-0.029194514417213144
8	42	-0.029222790015637358
5	15	-0.029267989061416106
34	47	-0.029292434012102235
31	54	-0.029451325376634106
8	54	-0.02951016147324873
13	58	-0.029579097313116913
19	33	-0.029587761558193298
7	16	-0.029589535830920777
4	33	-0.02961877013203642
4	25	-0.029637521641988344
40	46	-0.0296516250123152
40	48	-0.029847819063316548
49	56	-0.02990219033875338
16	24	-0.029968329731877
14	47	-0.030175047218232436
39	48	-0.030250711308822672
37	51	-0.030252916583611077
4	44	-0.030282295616344948
33	53	-0.03033204656048942
48	58	-0.03037406883802374
29	53	-0.03039934529571078
1	48	-0.030463795436288566
17	47	-0.030519196058741167
8	18	-0.03055680787655429
13	40	-0.030643482215021608
8	15	-0.030682222177980258
16	43	-0.030799610891748028
3	23	-0.03093511236771715
3	8	-0.030939792276533817
29	44	-0.03102691148095503
7	22	-0.031139113562848847
31	40	-0.031169487942153736
4	22	-0.031193096717760924
5	30	-0.03129188817689219
15	41	-0.03138278900813602
5	23	-0.03139072282893014
7	51	-0.03139722510725567
9	19	-0.03142466336467209
12	37	-0.03154715537976348
49	55	-0.03173344275869496
9	47	-0.032021802432363106
32	38	-0.032023995851425166
9	36	-0.032120184249915654
4	43	-0.032328380234893206
15	53	-0.03232943231631204
8	27	-0.03239814820757084
38	46	-0.03245567620719136
31	36	-0.03251440048704385
12	58	-0.03252325535918865
35	51	-0.032828209809902545
9	35	-0.03291093334578725
2	52	-0.032929857228711654
8	14	-0.03295458080087809
8	17	-0.03295919390160189
49	54	-0.03295929646652766
16	47	-0.03301254434655982
32	40	-0.033016182281171196
9	53	-0.033027893159693386
31	45	-0.033073424720078855
10	44	-0.033100087194325105
24	58	-0.03325412166348468
11	32	-0.03326382285291174
7	53	-0.03339928634420823
35	52	-0.03347330977812762
19	46	-0.03354530151501279
4	15	-0.033567634717167984
8	43	-0.033720761949138894
8	40	-0.03375572659945954
39	51	-0.03391780780353998
7	25	-0.03395489617243725
9	22	-0.034157546769076036
13	39	-0.03415802591279172
49	58	-0.03415867619404092
46	54	-0.03423428905526621
2	8	-0.034259049341223445
13	54	-0.03428009495202595
2	12	-0.03430156885906716
13	28	-0.03446066149810228
31	56	-0.03446539731905358
51	57	-0.03453279567574249
47	57	-0.0345351866925617
11	30	-0.03456153574994104
25	44	-0.034733773158152
10	29	-0.03485514872261186
23	31	-0.03489772882002976
4	23	-0.034972557454184316
11	29	-0.03497299328908862
29	48	-0.03502230646845784
8	45	-0.03504794008487276
28	49	-0.03506577983080805
8	38	-0.03515074977666935
2	24	-0.03519070573028697
15	51	-0.03538527806084227
12	18	-0.03542301270715665
1	11	-0.0354456593851939
4	30	-0.035502909253869314
19	25	-0.035551030657488235
31	39	-0.035603069346682475
52	57	-0.03563604771795431
8	26	-0.0359936194387705
31	55	-0.03602106642529789
20	33	-0.03616556156735619
12	40	-0.036199522282024575
29	43	-0.03624988916248712
47	54	-0.036251913863396296
29	52	-0.036535706728465685
27	49	-0.03660040980574192
12	28	-0.03667722816069742
34	52	-0.03678458913387597
7	52	-0.03680103602342588
20	45	-0.03680425407072699
12	50	-0.036813447261898405
8	47	-0.03691787989363508
27	47	-0.03699169469519577
18	46	-0.037234741397430195
28	46	-0.037338958826853424
9	26	-0.03738043100819719
18	32	-0.03739522606866321
12	54	-0.037499638411683536
27	46	-0.03751835216226862
25	47	-0.03753817807902107
23	33	-0.03762016129100125
13	27	-0.037721707626847206
12	38	-0.03775197584856699
17	46	-0.03775517151486335
1	9	-0.03803239931307601
28	47	-0.03808700802012669
26	51	-0.03815218155423045
8	57	-0.038176052896502465
45	52	-0.03834711523492521
8	34	-0.03837185489967822
11	23	-0.03847032772928341
31	38	-0.03848198339788884
23	57	-0.038629475596722015
2	51	-0.03868655237629284
18	47	-0.03875827301631921
10	57	-0.03915948200685403
32	45	-0.03919046509704
16	50	-0.03922216798404487
33	44	-0.03947867668961705
31	37	-0.0396402492541622
32	39	-0.03966947868038831
11	17	-0.03980184842257697
28	51	-0.0399819325911553
38	47	-0.04007801429417387
7	33	-0.040251462081612004
19	30	-0.04028710127469456
3	47	-0.04062731440859953
3	12	-0.04065175323364066
10	36	-0.04066066936173858
28	52	-0.0407083815078269
10	45	-0.04084109612307872
20	51	-0.040846246687370996
12	25	-0.04088055677520584
34	51	-0.04099541721796606
42	47	-0.04101330127618597
16	46	-0.04105770060361157
6	46	-0.041069739225883126
24	33	-0.041318643613183936
38	51	-0.04138854459078172
31	49	-0.04141390278019654
21	47	-0.04145977827341801
29	51	-0.041481150016987024
14	49	-0.04148892994088282
8	39	-0.0419276987374453
2	31	-0.041944638052127635
18	49	-0.04199029998341769
50	57	-0.042036028740341486
30	44	-0.042082234915690735
21	49	-0.042086322489117055
8	44	-0.04217466406887645
3	46	-0.04225257485119327
13	57	-0.04233659784176942
28	50	-0.04242072769482787
6	13	-0.04242169460360414
50	56	-0.0425037967563126
14	50	-0.04253033241305513
12	27	-0.04272582048794474
13	26	-0.04278675196634044
18	31	-0.04280793469099911
11	35	-0.04285518004724306
12	39	-0.042925440105447944
9	45	-0.04297626066423439
10	56	-0.04314907522939319
6	32	-0.043166861306065396
18	52	-0.04328777181930422
17	48	-0.04330093704575598
40	50	-0.043374176186592533
10	17	-0.043490699718998
2	47	-0.043507678158726845
10	35	-0.04358494660624905
31	53	-0.043783581758570264
10	55	-0.04380946123639542
50	55	-0.04398779044436554
21	46	-0.04400436132630746
13	25	-0.04401442267967043
11	36	-0.044375899090892255
37	48	-0.044509496579478204
7	47	-0.04469667884442201
17	52	-0.04474303803005395
12	17	-0.044911531219232886
19	47	-0.04491560133177643
9	32	-0.04494108003500052
10	19	-0.04503443665283173
6	31	-0.0450624744302449
3	52	-0.04522144328283969
5	32	-0.045414276635173355
48	56	-0.04548427668463448
28	48	-0.045501725043823237
5	13	-0.045601263701736464
13	51	-0.04565626003546626
9	17	-0.04581479684418492
13	21	-0.045825551703578236
11	21	-0.04588933753327197
38	49	-0.046004105874527676
20	49	-0.04620012150615145
8	16	-0.046218841536065564
27	51	-0.046227576567774965
27	52	-0.046279359280592104
26	49	-0.04632368586133942
20	32	-0.04633425406196503
6	24	-0.046387075198232985
13	53	-0.046480494494859206
3	31	-0.046499200785294084
12	26	-0.046571054038409616
6	47	-0.04664315341993821
3	24	-0.0466479377085576
3	51	-0.046669897644133304
13	19	-0.04677933453772885
11	34	-0.04690870945377843
2	49	-0.047046336692572015
48	55	-0.04710786778304488
6	12	-0.04736683010076351
13	52	-0.04742451069358986
18	50	-0.04748022358487654
21	48	-0.04748136179682783
12	57	-0.04764716912767723
7	32	-0.04771832076547877
8	21	-0.047907534596952635
19	32	-0.04815633725688053
8	19	-0.048267479117030214
6	51	-0.04850404679904242
5	12	-0.048616788646271135
10	34	-0.04865636428094784
5	46	-0.048817291199611645
9	56	-0.04888293983268878
39	50	-0.04896610852922362
9	18	-0.049120368076311684
5	24	-0.049154026750836556
9	55	-0.049295143202325926
2	10	-0.04944226648739383
24	57	-0.0495068125772751
4	32	-0.049764232827355384
12	19	-0.050100716776403834
10	18	-0.05014889789728116
19	51	-0.05030287227813118
3	49	-0.05050169848161995
14	48	-0.05075818568874018
4	13	-0.05087205702069869
5	47	-0.05108645450417794
27	50	-0.05135291111281763
7	24	-0.05149796574403924
6	52	-0.05156744863530229
15	48	-0.05162344611310764
20	46	-0.05164480668518233
3	10	-0.05182757942101998
10	28	-0.051932961788593565
5	51	-0.05200169686970166
9	34	-0.0522773367211617
48	54	-0.052653950128973614
10	27	-0.052660865384380764
19	52	-0.05296009884105178
4	46	-0.05304450604428066
5	52	-0.05304857963883331
4	12	-0.05319596004862373
8	33	-0.053382196133228296
10	37	-0.053551006616121895
4	24	-0.053583267150554385
12	21	-0.053671634797470405
7	46	-0.053677915794573594
21	50	-0.05376300320632249
29	49	-0.053813782376063525
11	19	-0.05441475452351548
16	52	-0.05459414889611905
9	16	-0.05477512361560488
11	16	-0.05489755121633669
10	21	-0.054998460813310016
49	57	-0.05507445206966992
18	48	-0.05512662000971606
13	50	-0.055500218784531326
4	47	-0.055532408345612655
26	48	-0.05572036139898316
7	49	-0.05589644180637422
6	49	-0.056075645718940324
25	48	-0.056104999098629156
5	31	-0.056122928458576735
30	49	-0.05621582907029337
13	20	-0.05627777248215069
2	50	-0.05630277608428459
2	48	-0.056493530211815995
8	20	-0.05653067505077368
8	48	-0.056676700580859184
11	56	-0.05718734974299251
4	51	-0.0572019700322014
4	9	-0.05722345669791728
20	47	-0.0573456713980681
5	49	-0.057443877054090604
26	50	-0.057916125263030464
4	52	-0.05793425012636127
10	16	-0.058036893434615475
10	33	-0.05808344260227347
11	37	-0.05825023036086696
3	48	-0.05826468568832671
32	44	-0.058272886377039354
11	55	-0.058757370807913684
16	48	-0.05909312410831501
38	48	-0.05918151894227674
9	27	-0.05961798601311235
38	50	-0.059636389727888504
19	49	-0.059815219583288705
19	24	-0.05984916992507598
7	48	-0.05995421778059866
3	9	-0.0600102535969452
9	28	-0.06048587478925022
10	54	-0.060497317768010705
32	49	-0.06077333764203734
19	31	-0.06097291516109933
11	18	-0.06104574482149479
48	57	-0.06134724568791504
14	51	-0.06155327691001144
4	49	-0.06170042899945198
11	20	-0.061924205590885614
4	31	-0.06217123075840387
11	57	-0.06262294287199296
20	50	-0.062839486599812
10	40	-0.06309702399289958
8	32	-0.06331646132232127
14	52	-0.06336328962531516
10	38	-0.0635364888228066
11	27	-0.06357256915047804
11	28	-0.06385994556199431
9	21	-0.0640396499426289
12	20	-0.06409263396130227
9	33	-0.06411768057400175
2	11	-0.06436357584170162
9	20	-0.06441412495091048
2	9	-0.06454229037876906
3	50	-0.06596808280935088
15	52	-0.06598623671552908
19	50	-0.0660484444658889
10	20	-0.06621943189866654
5	10	-0.06627593856834163
10	39	-0.06685706055200297
31	44	-0.06695776321642721
9	54	-0.06700272090070689
19	48	-0.06702000969956458
6	48	-0.06744054895853438
3	11	-0.06751472479613084
11	38	-0.0683731207522372
6	50	-0.06877900940327498
9	38	-0.06944117100013998
9	40	-0.07123588785871424
20	48	-0.07135787547368491
5	50	-0.07185069525064389
4	10	-0.07218438975711636
8	46	-0.07385632952059897
5	48	-0.07394154877299727
11	39	-0.07437758638505407
11	53	-0.07442302165461509
11	40	-0.07492501079392422
11	54	-0.07536678959360618
9	39	-0.07556036317854567
10	32	-0.07567345691039398
4	50	-0.07725917163657194
6	11	-0.07766475455007499
11	22	-0.07881993086748182
5	11	-0.07973622867946806
4	48	-0.08044548574672816
4	11	-0.08365426545342092
