#====================================================================================================
# This result is computed using convolution with a 3x3 matrix on mean-field DCA
# The first and second columns are site pairs. The third column represents interaction score
#====================================================================================================
23	28	0.23001871660921488
36	50	0.22648233352882013
24	29	0.188922557109109
24	30	0.17751184985097013
35	50	0.16660862394933776
23	29	0.16651376158896097
22	28	0.16525172286457546
5	44	0.16002443795747848
34	48	0.1549074255198728
8	16	0.14212080356080634
5	55	0.14097619515912105
20	30	0.14010189527100614
3	53	0.13685674594226196
10	18	0.13373849887770545
1	48	0.13204992549704972
5	45	0.12631876408822862
2	48	0.12331068902220696
34	49	0.12067714115993199
2	43	0.12034790317617104
7	45	0.11977500629236915
22	29	0.11762958993140799
36	49	0.11734313460758738
2	12	0.1166066599441063
23	30	0.11632958114603395
6	45	0.11331012752409292
18	29	0.11261972951744127
18	32	0.11106891780490438
6	46	0.10902496369853001
3	54	0.10846530356372686
4	55	0.10808063696511858
35	49	0.10663865003482195
35	48	0.10590329734005785
20	31	0.10548992820074862
4	53	0.10373045349657649
9	18	0.10368441057588224
42	48	0.1003059135184694
20	34	0.09963253601281001
4	45	0.09803871762006702
12	28	0.09514711592677129
34	50	0.09484602438567918
48	57	0.09483296629714771
8	17	0.09453079462901726
5	46	0.09067386711215308
6	44	0.08922570712446411
11	27	0.08907790455412234
4	56	0.0884116366872778
11	28	0.08828538734949064
41	46	0.08771179330483224
1	41	0.08735884740255023
22	30	0.08600165814118556
12	29	0.08487068940290239
19	30	0.08445074606777578
7	46	0.08443221312524286
40	47	0.08436594903379964
3	43	0.08422468261152741
9	16	0.08362109116633903
41	48	0.08115730513705172
5	43	0.0776669118696648
23	55	0.07762806957436988
41	47	0.07712489080642142
10	17	0.07653566465244903
18	30	0.07645573168792497
21	32	0.07595862291939531
2	49	0.07586272818630888
6	42	0.07519748752620015
26	34	0.07519172836022175
25	57	0.07486347949193609
4	44	0.07471966605259162
1	42	0.07360629079181269
23	56	0.0728996507892494
12	27	0.07098804363955874
40	46	0.07067120498392024
2	42	0.07001225294599465
4	54	0.0695121584870481
2	13	0.06931010436653208
1	46	0.06874586338955904
24	57	0.06747899138495138
6	43	0.06730333369112516
1	49	0.06725832341931733
3	27	0.06653373557175479
29	34	0.06638478491379114
48	55	0.06621255718728458
27	34	0.06603893990281404
7	44	0.06556185737928999
3	55	0.06552396010679357
36	48	0.06487344320759761
48	56	0.06476447448430354
9	17	0.0645914352862088
19	31	0.06397168452020156
22	23	0.06243947939534431
5	54	0.06213026613158186
8	21	0.061908503418451416
12	24	0.06152695939684029
42	49	0.06105510383524602
42	47	0.060734860191402305
22	32	0.05976350822422076
19	32	0.0588774924625946
49	57	0.05859333232316213
24	28	0.058443594414907166
40	48	0.05810506780019648
13	29	0.0577570065032284
1	47	0.05774194037899697
10	52	0.05763830099586387
18	33	0.05744261359160609
10	28	0.057052047972843356
19	34	0.05673639162711318
10	16	0.056365664923689156
3	45	0.05560328472738193
8	18	0.05518453630549123
48	53	0.05425166868793862
3	34	0.05391504563374579
42	57	0.05373624562980642
47	56	0.05298233335795741
2	45	0.052404447501937755
12	30	0.05153356340215597
13	28	0.05117088045989957
35	51	0.0505870225005928
5	53	0.04988226722855254
6	19	0.04986647417775885
6	41	0.049660593691937045
43	48	0.04962300403147557
26	31	0.04960111998664531
25	32	0.04959230425136248
19	29	0.04943929396548371
20	33	0.048425996394300945
13	27	0.04836977691965431
47	53	0.048016738542924695
4	14	0.04796751523836885
11	31	0.04796685622635967
9	50	0.0477665483823303
1	43	0.047586582631538615
1	57	0.046684656040114854
6	48	0.04650883154859903
10	27	0.045790234446264476
23	34	0.04476583377077742
21	54	0.04469450514162268
18	28	0.04448234332032647
46	57	0.044464396678042535
7	19	0.04440282485595665
14	30	0.04431869944513048
12	25	0.04417088666072262
47	57	0.044026786937364434
51	52	0.04316058126592133
15	36	0.04295332918556706
2	44	0.04288694682720187
1	55	0.0425737156625637
2	46	0.04240407696618089
9	27	0.04228808660867467
21	33	0.04219287598868592
52	54	0.04189498796570762
11	29	0.041540987574641114
15	38	0.041334467236516306
15	39	0.041334467236516174
15	37	0.041334467236516015
21	28	0.04129360900179597
20	29	0.04106733175181244
14	31	0.041015942079258155
12	26	0.040180579077694935
30	33	0.03990625274249104
9	21	0.03950934822412021
10	29	0.03933773548438109
11	23	0.03925937437977368
13	25	0.039228226104496965
25	26	0.039040160697996956
2	41	0.03901842980210985
4	47	0.03878462148078097
29	33	0.03878097457970289
46	56	0.03856930789502566
40	56	0.03849254257323144
1	56	0.038472011160714595
4	13	0.03841133957879281
3	14	0.0380376904330885
7	21	0.03794231974166237
2	32	0.037848184300845786
41	56	0.03771415856445306
7	14	0.03763908734304175
2	57	0.03761694578230393
1	12	0.037590637677584623
11	26	0.03727534335238246
41	57	0.03717920421223125
41	49	0.03716775731191389
2	55	0.03712673588704381
9	32	0.03709013339935532
2	50	0.0368017422523729
18	31	0.036407202044336305
15	35	0.03610260045956179
14	25	0.03603386928814799
1	40	0.035863432712984034
26	33	0.03575089356763944
17	38	0.035713405396742635
17	39	0.03571340539674244
17	37	0.03571340539674235
1	44	0.03570129142539814
11	52	0.03559189673669272
22	33	0.0349940561766294
4	29	0.03485679039571355
19	33	0.03482016979004629
11	22	0.03472065202894766
16	38	0.03388994570491974
16	39	0.0338899457049196
16	37	0.03388994570491948
4	46	0.0338124775417198
1	32	0.0336860784652023
9	52	0.03361567115918985
26	27	0.03358979313007651
12	23	0.033197429728692426
10	22	0.0331275836490801
2	47	0.0330889326886502
14	29	0.032831008805007666
17	36	0.03199439211014575
46	53	0.03193250442958999
3	12	0.03149094323254054
51	56	0.03130112267506469
22	52	0.03109000404858495
50	57	0.030880828490690546
6	47	0.030797284882821612
6	57	0.030600505638361104
7	25	0.03053175424248534
28	33	0.030252603861262047
22	54	0.03023011671194698
7	37	0.030175108923165786
7	39	0.0301751089231656
7	38	0.03017510892316547
9	29	0.029936136676396562
22	34	0.02952589415642596
8	37	0.02951716178944369
8	38	0.029517161789443407
8	39	0.029517161789442633
2	54	0.029212467042034625
3	13	0.028960051381834353
27	28	0.028686815483800407
8	19	0.028667122818515627
7	43	0.028655443820135715
6	49	0.028204970125872707
24	25	0.02819126052606924
20	32	0.028190596027923988
3	16	0.028124366845144723
8	20	0.027785181591784232
9	51	0.027751599927175033
3	44	0.02740387447909611
33	51	0.027306243406077433
5	18	0.027164925664435076
26	32	0.02696998333764928
19	28	0.026906264537576354
4	43	0.026890786604873186
14	27	0.02670070113988085
55	56	0.02669330815164056
23	57	0.026415843507149254
9	37	0.026070478924449823
9	38	0.02607047892444977
9	39	0.026070478924449306
46	55	0.025552484611155547
21	29	0.025402692041830047
13	30	0.025344793177856473
47	55	0.025288808335038604
11	30	0.025220554123216065
16	36	0.02500032043162042
44	45	0.024856319346110645
1	53	0.024336602696157707
4	40	0.02430387342183183
8	15	0.024261716950803768
40	49	0.02416281593744554
27	30	0.02413984459206734
43	57	0.024026554664062855
4	48	0.023963744958123506
29	30	0.023955483188207265
1	45	0.023719196556058142
15	40	0.02334332014303418
7	20	0.022918663668628783
49	55	0.022813014294783433
14	34	0.022726174734244837
1	6	0.02264628800760713
13	26	0.022552652289629924
10	23	0.02247415036069105
9	31	0.022350832358796056
17	35	0.022306845872510923
5	14	0.022254529802335977
9	22	0.022137120824943582
10	50	0.02193970355877309
44	56	0.02191412463277545
7	15	0.021727543939206503
43	49	0.021654608958837092
42	53	0.02154699045600039
49	56	0.021454282477504232
3	50	0.0213761111689387
40	45	0.021333886802920306
10	31	0.02102221477330454
22	50	0.020972685544115344
20	27	0.02089750543497071
33	49	0.020675173120283247
9	15	0.020425364589065537
10	26	0.02042522185056351
22	56	0.02012569888161489
10	51	0.019971838925524364
16	35	0.01993379424773121
9	33	0.01969922630493253
1	5	0.01938299008918016
14	16	0.01931144626594191
40	57	0.019036971894779008
11	37	0.01902430679146936
11	38	0.01902430679146904
11	39	0.019024306791468996
31	38	0.018789346850132616
31	39	0.01878934685013242
31	37	0.018789346850132404
5	25	0.018762174509774424
10	37	0.018740973636104316
10	38	0.01874097363610404
10	39	0.01874097363610378
2	11	0.018502748115898644
34	51	0.018479959804073617
9	26	0.018221597823213607
2	53	0.018165778091023953
28	34	0.01781927156306214
31	36	0.017759699902575997
7	36	0.017606263982134204
4	41	0.017588546299021592
22	24	0.017511730573077974
27	50	0.017502344114647794
1	13	0.01723306791738438
21	27	0.017061778069269583
18	34	0.016855120833543503
11	12	0.01684729458256976
6	40	0.016637191338010834
17	40	0.01653454034614456
40	53	0.016524451392143803
19	39	0.016369800732405737
19	37	0.016369800732405335
19	38	0.016369800732405293
47	48	0.01611063304089979
8	51	0.01600701067058302
3	29	0.015414397098813041
41	45	0.015374743045812253
45	47	0.015374743045812024
41	53	0.015318431120327105
42	56	0.015276955086318203
36	54	0.015263375689962763
14	20	0.015252034189688008
12	32	0.015069933379076203
39	47	0.014985159667221613
37	47	0.01498515966722157
38	47	0.014985159667221427
10	15	0.014913105236699996
2	56	0.01483342388980131
3	56	0.01476945014443378
33	39	0.01463681253693142
33	38	0.01463681253693138
41	55	0.014618392559514078
24	26	0.014613487216999975
52	55	0.014591387669889174
48	52	0.014564400337696187
44	49	0.014417864554337356
16	40	0.014320322759342315
24	27	0.014255303594781589
14	36	0.014191657726688692
4	6	0.014184050325823191
7	17	0.01375899934997339
45	57	0.013493115366990785
8	52	0.013487477926439728
7	16	0.013169400228042201
19	22	0.0131097489526755
33	50	0.013004740771175072
5	29	0.01273105224202076
6	55	0.012711494086346873
7	35	0.012473083089052782
32	38	0.012467457707354032
32	39	0.012467457707353871
32	37	0.01246745770735374
3	4	0.012409592590504557
19	27	0.012237693316285218
5	17	0.012187678561908714
44	57	0.01214397885508725
27	33	0.012132213749609091
8	25	0.011991291047959209
6	37	0.011888106040251522
6	38	0.01188810604025108
6	39	0.011888106040250935
42	55	0.01179107833953951
3	31	0.011501595792898327
14	38	0.011492186465863736
14	39	0.011492186465863734
14	37	0.011492186465863292
1	50	0.011438179971827337
27	29	0.011362102788711949
42	45	0.011130835370866864
23	52	0.010958664082869449
14	26	0.01093172108679195
3	49	0.010899585513301283
20	39	0.010862317024055924
20	38	0.010862317024055396
20	37	0.010862317024054794
8	35	0.010814710237174799
4	12	0.010718442337536136
34	52	0.010642411365273313
35	40	0.010470059644181027
7	13	0.01042134067075182
4	16	0.010271836776223932
20	23	0.010138367713658255
8	40	0.01011454785005696
1	33	0.010113046982745955
9	19	0.01011041858686771
6	53	0.010051380950352337
3	33	0.00997221827400447
5	13	0.009838798782871314
7	40	0.009779397519286647
18	51	0.009767666280253103
54	57	0.009723223228671888
45	48	0.00963820973951658
6	14	0.009455703245595713
5	47	0.008991832874760446
15	33	0.00894156059972601
3	57	0.008929760756380065
15	31	0.008919524922645038
8	24	0.008893039107395275
13	31	0.008891534570163184
14	33	0.008891301137359801
15	47	0.008698141164541245
6	20	0.008675888513933652
8	57	0.008647391286269991
8	36	0.008601277525474373
10	24	0.008380279334081423
19	23	0.008371027929281006
40	51	0.008363188810572986
26	28	0.008343639494045128
39	54	0.008276193506025842
38	54	0.008276193506025755
37	54	0.008276193506025754
25	27	0.008262716917072751
15	32	0.008260667757831778
41	42	0.008188245377589299
18	52	0.008100416775979367
5	42	0.008074029377290261
20	28	0.007797031967045752
21	39	0.007459412595753184
21	37	0.00745941259575252
21	38	0.007459412595752411
37	42	0.007230929870023335
18	39	0.00722752864314651
18	38	0.007227528643146278
18	37	0.007227528643145712
43	56	0.007122873586094779
8	26	0.007059835671127564
5	40	0.006940006847876018
2	14	0.006908070489229015
44	48	0.006842205172006265
7	41	0.006809469090519874
2	5	0.006800357477961165
2	51	0.006562008388781447
5	12	0.006434764303983615
11	20	0.006325451681650314
47	49	0.00624608494075269
14	45	0.006144759511600093
24	55	0.0061014059852334095
47	52	0.005980429889606573
13	39	0.005805313005910413
13	38	0.005805313005910307
13	37	0.005805313005910011
22	55	0.005748545101744149
45	56	0.005740538891510705
40	54	0.005724002154472264
10	32	0.005723125271439717
2	33	0.005540308792065341
6	24	0.005510787131192588
54	56	0.005383228631101503
9	36	0.005375440209258958
1	11	0.0053685129615414495
1	2	0.00532431656252063
19	26	0.005238230547085096
13	32	0.005216970367870551
20	22	0.00519569938426014
3	42	0.005036112600511638
44	47	0.004975207868712046
41	44	0.004975207868711496
47	54	0.004927195321363939
13	24	0.0048436982291611835
15	41	0.004812070620674231
11	21	0.004733882999555545
9	35	0.004711606639150631
23	33	0.004700388955730897
14	35	0.00461455809855126
8	42	0.00455486472106197
10	54	0.004495282345844509
11	33	0.004435020097633356
11	19	0.004342286268426823
6	15	0.004302340745607387
52	53	0.004237736303195922
14	19	0.004204040486486474
21	56	0.004184884266149333
21	24	0.004072836380857896
48	49	0.00406088131344369
3	26	0.004022512651980831
13	34	0.0040068298693409195
11	32	0.003966379026390488
3	17	0.003945173254088292
11	54	0.0039185972214837795
8	50	0.0038678189781207843
26	29	0.0037660794557990845
13	23	0.003722664106562166
16	22	0.003598018889808723
8	43	0.003572201942036838
3	18	0.0034765222799788506
19	36	0.0033991879502051547
9	40	0.0033700373998691423
44	53	0.0033566013105968094
4	17	0.0033491955570015214
37	40	0.0033442572234464946
31	32	0.0033442572234464235
36	40	0.003344257223446395
37	39	0.0033442572234463944
38	39	0.0033442572234463745
36	38	0.0033442572234463563
36	37	0.0033442572234463537
38	40	0.0033442572234463385
36	39	0.003344257223446261
43	46	0.0033442572234462526
37	38	0.0033442572234462426
39	40	0.0033442572234461754
32	36	0.0033442572234461255
40	43	0.0033442572234461043
39	43	0.003344257223446102
15	18	0.0033442572234459733
8	41	0.0033330850378319385
15	21	0.0033207024788864817
25	33	0.003244527687114614
21	34	0.0031788818164876047
40	55	0.003092249376548447
4	27	0.0030744912491222354
15	42	0.003057394460494212
18	21	0.0028981021699482365
34	35	0.0028774946441980235
21	50	0.0028585636938744767
12	18	0.002838724345813467
8	22	0.002701393451014021
14	18	0.002674289417812916
14	15	0.0026742894178126615
15	16	0.002674289417812602
16	18	0.0026742894178125648
6	21	0.0026708148454249927
9	30	0.002641278765405637
8	55	0.002589302351798762
11	17	0.0024903735329360756
7	24	0.0024418182131587755
13	20	0.002397385242664203
32	34	0.0023451301513855143
34	38	0.0023451301513854744
34	36	0.002345130151385465
31	34	0.0023451301513854397
34	37	0.0023451301513853834
21	23	0.002301268363148425
2	40	0.0022830073728451195
20	52	0.0022474118650449232
17	31	0.0022342500201383763
46	50	0.0022121834252885235
3	48	0.002118269846214778
7	8	0.002092531791057641
22	26	0.0020821676312875667
23	26	0.0020751248184436195
50	53	0.0020190735290101618
13	36	0.0018929718168434126
18	25	0.001878914235904021
11	15	0.0018440327225073367
8	11	0.0018440327225072372
18	20	0.0018056445448304853
17	47	0.0017359266448882674
42	44	0.0016017623739804348
11	14	0.001572986576568338
3	25	0.0015216986858256915
56	57	0.0014484262859439587
16	20	0.0013983134292165703
28	55	0.001373913467376718
35	45	0.0013254306811253391
12	15	0.0012072390675740272
8	12	0.001207239067573827
15	54	0.0011638674901958582
15	17	0.0011475478642185724
17	18	0.0011475478642181884
19	35	0.0011390356507208887
45	49	0.0011157147078426025
49	52	0.0011038291632956155
17	21	0.001093631362996793
2	6	0.0010856673106577298
35	54	0.0010746504584406905
8	10	0.001002361597940349
15	20	0.000997011193576645
8	9	0.0009775275728818836
4	49	0.0009138091487003825
51	55	0.0008716513710863788
16	17	0.0008000050875027601
14	17	0.0008000050875026738
6	8	0.0007831041704854194
24	56	0.000713151507421227
12	22	0.0006866644779749123
11	16	0.0006159923173055517
5	56	0.0005360242694778753
36	47	0.0005003360267046501
28	29	0.0004673659678305041
16	31	0.00044967775966093257
42	50	0.00041271857505179553
12	16	0.00037534916414346713
12	14	0.0003753491641434281
11	51	0.0003062006667883619
17	33	0.0002808598371890217
10	14	0.0002544873552586548
5	16	0.00022453422776361805
30	57	0.0001916931893333843
35	39	0.00011181457225342868
35	36	0.00011181457225342218
32	35	0.00011181457225340873
31	35	0.00011181457225334325
35	37	0.00011181457225327603
35	38	0.00011181457225314462
49	53	9.052040430651814e-05
5	24	6.782159704646568e-05
9	11	4.492925303771012e-05
19	20	-6.756621423035809e-05
5	41	-6.996920829085117e-05
15	34	-0.00014182948418828452
4	18	-0.000209393874432931
16	51	-0.0002263520046732843
14	32	-0.00024933152074078056
11	34	-0.00031053951993487323
20	21	-0.0003156627876875187
9	23	-0.0003850716296163424
37	46	-0.0004033855405880442
38	46	-0.0004033855405890961
39	46	-0.00040338554058965727
46	48	-0.00041171629375978723
51	54	-0.00042478560859285537
37	44	-0.00045221236005623007
39	44	-0.00045221236005723794
38	44	-0.00045221236005732295
41	43	-0.0004694902628275472
37	41	-0.00046949026282755413
38	41	-0.00046949026282763827
43	47	-0.0004694902628276441
46	47	-0.0004694902628277599
40	41	-0.00046949026282782583
39	41	-0.0004694902628278341
5	8	-0.00046949026282808604
53	54	-0.0005712701223484279
1	51	-0.0005723865120979953
7	11	-0.0005742449744351673
7	33	-0.0006914362930189061
16	47	-0.0007554946423228995
26	30	-0.0008174509044925095
17	32	-0.0008855465605151873
31	40	-0.0009189747347685396
20	36	-0.000951894774627325
6	7	-0.0009972895640904386
8	54	-0.0011376703999342232
31	52	-0.0011633635770122407
53	55	-0.0012353020560468366
2	34	-0.0012744698610897753
14	24	-0.0013056270197638175
47	50	-0.0013064045977070975
7	42	-0.0013140943993491735
3	32	-0.0013795868177626687
9	20	-0.0013910546850316695
7	9	-0.0014037760104292783
48	50	-0.001405443323799611
49	51	-0.0014142849018329226
53	57	-0.001463402529570442
35	47	-0.001561362227573873
41	51	-0.001586598708505831
17	20	-0.0016075749124722792
38	42	-0.0016722197212082266
42	43	-0.001672219721208295
42	46	-0.0016722197212083597
40	42	-0.0016722197212083612
39	42	-0.0016722197212083977
52	56	-0.0017374589315003967
35	44	-0.0018730463044401599
7	10	-0.0019384632547080492
3	6	-0.0019581003397441477
21	36	-0.00196175159177458
43	45	-0.001973009537311803
45	46	-0.001973009537311925
4	8	-0.0020214600480669923
50	52	-0.002030350055909962
39	49	-0.00203739152125815
38	49	-0.002037391521258691
37	49	-0.002037391521258849
5	48	-0.002100156014836027
5	7	-0.0021318127773476223
14	28	-0.002143848649942991
3	24	-0.0021912644685442573
10	21	-0.0021977306450660285
9	28	-0.0022149680681714523
13	19	-0.002220298889164447
9	12	-0.002289823828549311
3	20	-0.002292592456472407
23	27	-0.002299403959930406
15	19	-0.002368201383213579
18	19	-0.0023682013832138056
46	54	-0.0023951469410364423
21	22	-0.0024063872702913946
31	43	-0.002429265437193518
51	53	-0.0024639719684608234
15	44	-0.002464076211524658
40	44	-0.00247365106442193
44	46	-0.0024736510644219768
43	44	-0.0024736510644221173
19	56	-0.0025087459297469424
29	32	-0.002514926454791413
29	31	-0.002514926454791427
30	32	-0.002530798786440272
30	31	-0.002530798786440281
49	50	-0.002576873245561501
18	22	-0.002598264622991245
10	30	-0.0026066022938163024
35	53	-0.002648876779702704
11	50	-0.00266500268351979
35	52	-0.00266546608415333
50	51	-0.0026781419616980252
46	49	-0.002713925043382435
10	13	-0.0027269866827360515
25	34	-0.002777891719701508
3	7	-0.002853647738001488
17	52	-0.002866452878201949
5	9	-0.0029663560385916094
6	25	-0.0030058743676668574
10	11	-0.0030111692138348285
6	9	-0.003042773464062856
50	54	-0.003105053921470876
33	52	-0.003125930886645024
9	10	-0.0031274248494569446
20	56	-0.0031277979874778017
12	13	-0.0031416725371423977
16	19	-0.0031968317663365504
28	30	-0.003210400261462897
10	12	-0.003360012505910357
24	44	-0.0033874372431912103
13	15	-0.0034316623996900174
48	51	-0.003452443084091223
7	32	-0.003459709531541317
31	33	-0.0034655158892377353
32	33	-0.0034655158892377513
33	37	-0.0034655158892378
33	36	-0.0034655158892378754
6	36	-0.003474587635657716
27	31	-0.0034916280033303075
19	21	-0.003556568464451778
28	31	-0.0035921705688590514
28	32	-0.0035921705688591525
17	22	-0.0035989444827884947
26	50	-0.0037466100560037113
12	37	-0.0037550197480583298
12	39	-0.0037550197480583575
12	38	-0.0037550197480585275
30	34	-0.0037584320900208162
45	55	-0.0037693249609262215
8	33	-0.0038158316338103375
53	56	-0.0038373878248074336
6	10	-0.0038635783550845402
16	33	-0.0038679128112670018
20	26	-0.003887452765751632
10	33	-0.0038886334080675948
13	17	-0.003910070157468443
11	18	-0.003910246050468123
11	36	-0.0039174675917516225
13	33	-0.003970485180282181
11	13	-0.003976552247460684
13	14	-0.004032776392590001
13	16	-0.0040327763925902035
55	57	-0.0040571790400304565
17	41	-0.004063470449624442
14	40	-0.004069137370890216
10	36	-0.0040847881795897725
5	6	-0.004158087172746898
4	7	-0.004170228165681767
13	43	-0.004256036668369363
24	52	-0.004304021224498129
18	26	-0.0043060331786745395
28	50	-0.004331798817295308
6	17	-0.004432123035111483
40	52	-0.004453126287219341
4	42	-0.00451588643294009
8	47	-0.004527102449271162
13	35	-0.004623582093675819
8	56	-0.004658063670469965
9	13	-0.004676156298232176
13	45	-0.004713271274502367
9	25	-0.004787167099680068
37	52	-0.004796755679718725
38	52	-0.004796755679718804
39	52	-0.00479675567971908
45	53	-0.004854631517999938
11	40	-0.004879766610150364
16	32	-0.004955350704509649
17	19	-0.005125892017753571
3	5	-0.005131937218207918
21	30	-0.005162582817615563
36	46	-0.005170133335424524
21	25	-0.005172659021853471
37	45	-0.005221035614795843
38	45	-0.005221035614796329
39	45	-0.005221035614796369
17	42	-0.0052271790611162754
22	31	-0.005256737859919768
17	54	-0.005370015529561692
33	34	-0.005427082222621842
14	43	-0.005456722670047575
15	45	-0.005461871523067713
18	57	-0.005543446735878403
30	38	-0.005567974686999664
30	39	-0.005567974686999891
30	37	-0.005567974687000033
6	56	-0.005602461440022557
16	52	-0.005605527593521941
10	35	-0.005642852504271182
10	57	-0.005662284118292667
10	40	-0.005663006677989698
33	35	-0.005766803595596309
49	54	-0.005819618228540512
38	51	-0.0058567833385556245
37	51	-0.005856783338555731
39	51	-0.005856783338556051
10	19	-0.005875798497993266
17	51	-0.005970727115360555
7	47	-0.0060339376819976915
1	34	-0.006215346309362107
10	25	-0.006215476701871207
36	41	-0.0063318175472110265
21	35	-0.0063418682672544986
16	41	-0.0064514302244880915
15	46	-0.006463898539237659
2	4	-0.006597275368169488
47	51	-0.006612339268500101
1	3	-0.006730317417867925
19	57	-0.0068295871416323255
44	55	-0.006846522458232853
34	39	-0.00701014359581923
54	55	-0.007018958122736162
15	43	-0.007050634256166281
6	16	-0.007080571047698784
6	35	-0.0072638784709136315
4	5	-0.007439750213445659
42	54	-0.007465607923092417
16	42	-0.007548647680699697
7	54	-0.007554357332572929
11	25	-0.007580878856777238
16	54	-0.007615261158503733
8	32	-0.007663809900499512
36	42	-0.007726587474680843
8	14	-0.0077422958234031995
13	18	-0.00776812683975308
20	24	-0.007837785506594324
12	19	-0.007884166205471044
1	4	-0.007907297598552713
1	18	-0.007910202626345873
44	54	-0.00794751860348403
7	12	-0.007961144499387156
5	37	-0.007964249422778687
5	38	-0.007964249422778758
5	39	-0.007964249422778874
12	33	-0.008041527667708614
35	41	-0.008143291559550472
22	39	-0.008168138279482491
22	37	-0.008168138279482703
22	38	-0.008168138279483353
20	35	-0.008169925709421263
18	36	-0.008273097411434815
2	3	-0.008341106607694573
36	45	-0.008350305931505
5	27	-0.00840464363031404
9	14	-0.008442277487989444
37	43	-0.008523731255715747
38	43	-0.00852373125571583
4	51	-0.008558568684385919
23	54	-0.0085916792467796
19	40	-0.008613573888136834
36	44	-0.008647569886866414
13	44	-0.008819093169295637
10	55	-0.008837430891633271
14	42	-0.008838240361476828
8	31	-0.008848319207824966
13	40	-0.008962273150185697
15	49	-0.00903293502728162
16	21	-0.009077822419106972
10	20	-0.009288510662946965
33	40	-0.009328550740603563
19	52	-0.00935958549117951
2	31	-0.009415616187324064
9	54	-0.0094693021435992
17	57	-0.009504099542165608
25	45	-0.009601924843477114
14	44	-0.009640474625002574
46	51	-0.009681263516130047
14	46	-0.009777591266037004
17	44	-0.009784147318378508
19	41	-0.009822710094528026
4	24	-0.009822863810206878
43	55	-0.009838227863739942
22	25	-0.009903823935963786
21	31	-0.009954971932287435
32	51	-0.009962843078584986
20	43	-0.010002557889618867
22	27	-0.010065220411217844
11	24	-0.010102753887004452
17	45	-0.010211285362562373
11	35	-0.010242092345780074
23	32	-0.010456129544752751
20	57	-0.010458393424008576
18	41	-0.010459252644190517
26	41	-0.010511277677875665
5	28	-0.010536976285843484
23	24	-0.010632624602958322
19	51	-0.010674412743558704
7	31	-0.01076200740066556
35	42	-0.010769938224877833
31	45	-0.010851128799586838
6	13	-0.01095807406122673
21	52	-0.01096937291286373
4	31	-0.010984487674205089
20	51	-0.011032013241248632
36	52	-0.011054948628315565
25	28	-0.011102509883729853
24	34	-0.011205593943788686
12	44	-0.011214721116263008
36	53	-0.01143177365435042
16	56	-0.011699250294570621
43	54	-0.011708382930701335
41	54	-0.011730003732655795
19	24	-0.01177649844941545
5	36	-0.01189611356816523
15	22	-0.011956634562107705
16	44	-0.012036344160648249
19	43	-0.012042725001407384
18	35	-0.012068064976111535
6	54	-0.012129543940293603
21	55	-0.012185128478678815
31	42	-0.012215260050650914
20	54	-0.012271323735648654
15	52	-0.012455830346638094
31	41	-0.012578747380361553
5	35	-0.012608342532976552
9	47	-0.01261399869312641
20	40	-0.012688151959151597
15	51	-0.012862143110823968
13	22	-0.012936314940899463
50	56	-0.013126151290484682
25	29	-0.013195207011507327
29	50	-0.013355644256388004
12	43	-0.01336326632487072
1	14	-0.013512031160201231
35	46	-0.013553406326039866
16	55	-0.013597956717227504
37	56	-0.013602896374241502
38	56	-0.013602896374241707
39	56	-0.013602896374242519
9	57	-0.013623803572866513
12	17	-0.013673035968545882
7	18	-0.013743314403489625
23	25	-0.013790769765724853
32	50	-0.013799926112266728
32	40	-0.013858075585742972
8	53	-0.013896776886586517
16	43	-0.013897332798782483
12	31	-0.013908494329662444
6	50	-0.013934880079939213
14	41	-0.013960241327959004
35	43	-0.014041136771856966
12	56	-0.014132912346788862
1	31	-0.014133901096690693
16	57	-0.014151983701558072
8	13	-0.014173936616260811
15	30	-0.014285153518812503
42	51	-0.014416548613820858
14	47	-0.014439105911250038
5	49	-0.01457514524224555
39	53	-0.014576668746841224
38	53	-0.01457666874684153
37	53	-0.014576668746841655
39	50	-0.014671545408266137
38	50	-0.014671545408266824
37	50	-0.014671545408266862
9	34	-0.014750984579181782
42	52	-0.014755493677641545
45	54	-0.014775079625480744
13	41	-0.01477525564217226
2	29	-0.014877479201670634
30	35	-0.014891331191202414
17	43	-0.014896694309382051
4	52	-0.01500597472163173
41	50	-0.015023310700996918
27	43	-0.015092311457874274
16	45	-0.01523790255048971
17	46	-0.015253454547942679
5	15	-0.015404385515154294
16	50	-0.015490088523307854
51	57	-0.015596842533952732
33	44	-0.015644355156295527
17	56	-0.015646043216661895
26	42	-0.015676608729417618
31	47	-0.015762825751656873
1	39	-0.015888532217727416
1	38	-0.015888532217727718
1	37	-0.015888532217728197
1	10	-0.015961681029421818
43	53	-0.0162899523931334
33	45	-0.016295852414587784
33	43	-0.016319738977846127
21	26	-0.016420077921945667
34	45	-0.01651964539842649
5	57	-0.016587333806829363
1	52	-0.016678522920293353
17	49	-0.016729838825664475
30	36	-0.016765231335228316
32	52	-0.01678333141397464
2	52	-0.01691528555159477
14	49	-0.017008324616878248
16	46	-0.017037890655259513
41	52	-0.017090012285742993
26	43	-0.017130506710514106
23	31	-0.017166249178363773
12	41	-0.01717702256296497
29	43	-0.017410430551878693
39	48	-0.017532892284046902
38	48	-0.01753289228404705
37	48	-0.017532892284047332
25	56	-0.017568520753493414
1	30	-0.017587052684116374
21	40	-0.017851949106704033
12	40	-0.017861433487136424
18	40	-0.017971283865732726
10	56	-0.01799811097835731
28	35	-0.018000580168745742
8	23	-0.018041507728840535
19	42	-0.01806070711152226
25	30	-0.018141625891459925
3	41	-0.01820973758862038
1	15	-0.01822686499653233
15	53	-0.018237239667612995
12	36	-0.018266753734757897
9	53	-0.018293852087360812
31	51	-0.018377575018298183
6	12	-0.018395405952503108
4	25	-0.01842291414482793
9	41	-0.018435141949462594
36	43	-0.018488814003989107
18	23	-0.01853414198640098
48	54	-0.0185698607696813
1	19	-0.018571678223056703
14	54	-0.018578992567166133
20	53	-0.01858922746596078
9	42	-0.018640789042971506
12	54	-0.01864255245734784
31	44	-0.01873406998152123
28	43	-0.01880278858232568
4	39	-0.018893246617483334
4	38	-0.018893246617483532
4	37	-0.018893246617483702
2	20	-0.01899667969136448
19	54	-0.01906206780323388
7	52	-0.01922018527481833
13	42	-0.019249657928184234
18	43	-0.01926911360084391
22	51	-0.019288021897187965
16	49	-0.019297080637330738
7	23	-0.019325892066219777
4	57	-0.01938989254748537
18	24	-0.01942168876010654
30	52	-0.019638535392864812
9	24	-0.01980975816812896
14	21	-0.01983225345926841
9	55	-0.019915230239598944
36	51	-0.019925597158787133
16	34	-0.01996089966853505
4	34	-0.020221623684407636
13	21	-0.02040937388329256
17	50	-0.020443379468387625
14	50	-0.02046717162967515
17	53	-0.02068432343581382
40	50	-0.02068983509887917
32	44	-0.0207765111296407
27	32	-0.020797449021969176
32	54	-0.02080483073542652
13	47	-0.020866255256182617
1	24	-0.020899673784697908
10	34	-0.020940086199139788
37	57	-0.02095668615731013
38	57	-0.02095668615731023
39	57	-0.020956686157310764
12	50	-0.021089419307364608
22	35	-0.021170152503014808
25	46	-0.021212604443707463
1	36	-0.021316214751864564
14	22	-0.021329566237937345
15	50	-0.021353376077557846
7	51	-0.02136417293000288
15	56	-0.021402685330469722
14	23	-0.02145685784094559
20	41	-0.021511749104768045
7	57	-0.021531243772404025
17	34	-0.021538868893565176
4	15	-0.021604963205915557
13	54	-0.02167085917468331
13	46	-0.021698833953018002
25	31	-0.021787260667808436
12	20	-0.021790046963310862
23	50	-0.02196669973731263
27	52	-0.022038696053924497
7	55	-0.02206111570997877
6	52	-0.022151062400778184
24	32	-0.022218693727911902
10	47	-0.022250948373191755
14	52	-0.022326612910179747
5	23	-0.022342421288125087
16	24	-0.022372287458482347
18	42	-0.022429518380927434
1	35	-0.022437073923389558
11	47	-0.022450346334958515
7	22	-0.022457734896300492
2	39	-0.022552791218813477
2	38	-0.022552791218813994
2	37	-0.02255279121881479
11	41	-0.022580609539384337
22	57	-0.02270178843440837
46	52	-0.022814623510700512
34	44	-0.022852743208815265
7	29	-0.022856731666955028
3	46	-0.022877939803445893
45	50	-0.022895995087679522
28	51	-0.02293514641663764
25	55	-0.02299003404067722
12	35	-0.02312593456764611
8	49	-0.02318845896809486
17	55	-0.0232107193821552
15	48	-0.023243461466570893
21	57	-0.02332785754898925
6	51	-0.023414277224769794
1	20	-0.023443053875916203
1	54	-0.023447391277795906
20	42	-0.02351960198297997
2	30	-0.023625409548750344
1	7	-0.023671099608414962
31	54	-0.023684613104614182
4	28	-0.023693595001589438
8	46	-0.02375862256638372
24	31	-0.02383899601540543
3	28	-0.023867469076748964
35	57	-0.0238775207839417
15	57	-0.023974395724309212
30	56	-0.023983384611294158
2	15	-0.024098070734971416
6	23	-0.02409995745466236
3	19	-0.024402220770397394
50	55	-0.024433679652455104
33	54	-0.024520883479186042
7	34	-0.02465727678405137
17	30	-0.02466891626823857
8	44	-0.02479271635638057
16	53	-0.02481524071026543
18	44	-0.024819637646288795
19	47	-0.024892650560729035
20	45	-0.02509443777558018
6	33	-0.02521099346461818
32	43	-0.025288235711388603
24	33	-0.025350214796695553
1	17	-0.025365359537822978
26	35	-0.02543480193008494
17	26	-0.025492882899507345
6	32	-0.025545345234646778
18	56	-0.025658821508531306
16	30	-0.025758713374763664
16	26	-0.025781548546159504
2	16	-0.02583443599881904
3	30	-0.025925974222850673
43	50	-0.02616020521943186
33	47	-0.02617563122335294
4	33	-0.02625885388208264
52	57	-0.026318242562774943
7	49	-0.02637045743362207
17	24	-0.02637647869577571
7	53	-0.026527860650906433
22	36	-0.026530150153922828
17	27	-0.026759429377133725
10	49	-0.02685073145734842
19	44	-0.026937384518392164
19	45	-0.026939376218619596
44	51	-0.027029277435101088
10	41	-0.02709185099515172
4	36	-0.027224322709937233
1	25	-0.027488733421342008
19	53	-0.02756546842531412
8	27	-0.0275754947329441
18	27	-0.02767156740832362
31	50	-0.027738211625039092
9	56	-0.02780532642997563
5	10	-0.027841175032016857
10	42	-0.028124701723699533
9	49	-0.028190980058351744
2	17	-0.028233255889152507
12	45	-0.028422661015966865
32	45	-0.028523061965453313
4	35	-0.028561271100686136
16	27	-0.028675767297313314
21	51	-0.028690210419957014
30	40	-0.02871098708924775
12	47	-0.028800346400281007
37	55	-0.02880704515953604
38	55	-0.02880704515953646
39	55	-0.028807045159536582
3	39	-0.028828723397355697
3	38	-0.02882872339735596
3	37	-0.028828723397356336
11	42	-0.029065601108737567
18	50	-0.02907116273274587
12	21	-0.02908089368108476
6	31	-0.029173028561354553
14	57	-0.02941063402024946
19	25	-0.029413415511267884
35	56	-0.029418183286758236
3	23	-0.029421090859542746
12	49	-0.029492221544809794
13	49	-0.02953424264297587
18	54	-0.029543044103014473
1	16	-0.02957433976476257
11	56	-0.02966117267826298
8	45	-0.029671382140731974
33	41	-0.029698350880488097
34	40	-0.029766899535474407
27	51	-0.02992548008564769
20	44	-0.029929190777930173
31	49	-0.029941319168361843
7	26	-0.02995072614829433
13	56	-0.029989118614048522
18	45	-0.03002110216280794
20	47	-0.03011989972994409
26	54	-0.030128901112932895
34	53	-0.030157081425224934
26	36	-0.03033101720900755
5	20	-0.030404135479445264
26	49	-0.030476107561163153
27	41	-0.030525082413165424
14	51	-0.03057020044953271
3	36	-0.03061657149001945
32	47	-0.030637520838882944
3	35	-0.030675966066954167
10	53	-0.0307979455035102
25	44	-0.030811242965156797
3	15	-0.030887937822991537
12	42	-0.03097753103544719
3	51	-0.030987837730706076
11	49	-0.030993091025790533
16	25	-0.031156433543511556
43	51	-0.031197704744298296
13	50	-0.03132937737568169
7	56	-0.031384052792893594
3	8	-0.03141343890601577
12	34	-0.031540293540097825
36	56	-0.03174353949390835
15	27	-0.031780338051497825
18	55	-0.031828415611574734
9	46	-0.03213343679605478
8	30	-0.0321658285467531
5	19	-0.032332715686046266
15	55	-0.03238810559771152
14	48	-0.03242408235367938
27	35	-0.03248027112003554
1	29	-0.032485320876218485
4	50	-0.032572603889937664
30	50	-0.03267345224467226
17	48	-0.03273227237543576
3	47	-0.03275202156330974
6	18	-0.032803468669111546
1	8	-0.032910715923930654
24	54	-0.03292158835599127
33	42	-0.03293891073400398
4	11	-0.03306754713959921
11	44	-0.03316836693981635
15	25	-0.03319749851703561
36	57	-0.03353698445769577
19	50	-0.03355348443164493
14	53	-0.033560537194304525
24	45	-0.03360484549663982
24	43	-0.033758581605591205
19	49	-0.03386094478436911
2	36	-0.033895150673838005
15	26	-0.03397801226868192
18	53	-0.034265451213745086
32	42	-0.034352382366795234
18	47	-0.03437734473655481
21	41	-0.03451433300733304
12	51	-0.03462034663241485
32	41	-0.03462155285107742
2	7	-0.034667296873351246
21	47	-0.03474282716064514
14	56	-0.0347828673471947
21	49	-0.03478535746134418
36	55	-0.03482773090135348
11	55	-0.03482962027368533
24	51	-0.03487552216908566
2	19	-0.034939659617566704
8	34	-0.03497454084225447
9	44	-0.03499599584441937
4	9	-0.03534765042709471
34	54	-0.0354820235162329
7	50	-0.03548985937741487
43	52	-0.03554021915479248
33	57	-0.03554619659011505
30	43	-0.035623123915296456
13	52	-0.03563097309780685
29	52	-0.035762556064210985
28	54	-0.03583255632172362
20	55	-0.035855034163919317
12	57	-0.036018698573578645
3	11	-0.0361267437501513
24	41	-0.0361506491825824
16	48	-0.0361678257240224
12	52	-0.03640066408235972
9	45	-0.03644028677296191
16	23	-0.03653776257325104
11	43	-0.036602832345781905
2	35	-0.03674277221701307
30	51	-0.037035135365058654
22	40	-0.037130986278486974
6	11	-0.03716652554196593
2	10	-0.037171233773116784
19	46	-0.037252781969850546
30	41	-0.0373233594063197
3	52	-0.037401754094688044
35	55	-0.037507778366823764
9	43	-0.03758231150416256
12	48	-0.03769256298796423
45	51	-0.03770132726863478
21	42	-0.0377169103824424
28	52	-0.03777757683715713
27	49	-0.03785683771885979
21	53	-0.03788276103607543
13	57	-0.03792211408442495
7	30	-0.03798817774795088
17	25	-0.03799452073933064
13	51	-0.03801594561269639
33	46	-0.03811249059462795
3	40	-0.03812376943046507
33	56	-0.03820128338449767
33	53	-0.038413674115984404
25	43	-0.03844141071951635
31	46	-0.038572219221378434
4	21	-0.03860774631877358
12	55	-0.03866057223564231
11	57	-0.03869092300077076
1	9	-0.038983580888228155
3	9	-0.03923372038354615
4	22	-0.039244973443508836
4	10	-0.03930683734925845
13	48	-0.039321420326533414
29	35	-0.03942901627613722
5	26	-0.03983299469265049
5	51	-0.039849946568538
20	46	-0.039931848797502396
13	55	-0.04008159454950892
12	46	-0.04028335420705356
32	57	-0.040432693509720785
44	50	-0.0405842396488764
4	32	-0.04074888225161364
8	28	-0.04076002118100028
5	33	-0.040790446894993
34	43	-0.04083753718273933
44	52	-0.04106140300597013
8	48	-0.041222495593888894
14	55	-0.041256227882162114
5	32	-0.0413056465604173
23	44	-0.04140258647858108
26	53	-0.041497999122571495
29	37	-0.041727595224676284
29	38	-0.0417275952246763
29	39	-0.04172759522467643
13	53	-0.04201951408885854
25	51	-0.04202750043333976
26	51	-0.042037402529833234
27	54	-0.04211556471159086
10	48	-0.04212285066093898
29	36	-0.04214310810537753
21	43	-0.04221048729936856
26	52	-0.04233577656997674
32	46	-0.04238209574276196
29	51	-0.04244191536551534
32	49	-0.0424432005227786
23	37	-0.04254303311159783
23	39	-0.04254303311159789
23	38	-0.04254303311159855
17	23	-0.04256842801317807
34	47	-0.042830182517057905
2	18	-0.042934977070982115
1	26	-0.04322203057395048
21	44	-0.043368042483843974
6	26	-0.04339306414567522
4	20	-0.04360357509363346
30	54	-0.04371311745108553
11	45	-0.04387375436297579
3	22	-0.04388696716232897
45	52	-0.044007685461468014
7	48	-0.0442369480419214
25	50	-0.044332561343555454
11	46	-0.044445376250518476
2	22	-0.04451323421683932
24	35	-0.04491145540766896
28	36	-0.04496391905278349
20	25	-0.045151207651865775
28	56	-0.04549914435397823
24	46	-0.045579880743091945
28	38	-0.045621601167839226
28	37	-0.04562160116783949
28	39	-0.04562160116783959
9	48	-0.04571053090771987
30	47	-0.04571652320182895
10	44	-0.04581422638991039
17	28	-0.04582067833888149
20	50	-0.04599600255297475
5	11	-0.046001489059881745
10	46	-0.04604035285361774
19	55	-0.04617717378471704
2	21	-0.04617772579919663
2	9	-0.046322663836451936
23	51	-0.046385392652229684
25	41	-0.04650636432480233
26	55	-0.04651697252276808
4	23	-0.04667071874903749
5	52	-0.04678140084684295
15	23	-0.04689169408884804
20	49	-0.04693357580578212
33	55	-0.04708866117015499
2	8	-0.04709938454526986
15	24	-0.047151609500377153
32	56	-0.04716106310513438
10	43	-0.04740233794166262
24	39	-0.04758108903305955
24	38	-0.04758108903305973
24	37	-0.047581089033059826
11	48	-0.04760981131138033
4	19	-0.047777231704772605
30	42	-0.047900872317645275
21	45	-0.04803145274236599
3	21	-0.04803308002982605
34	57	-0.04819907279108622
27	36	-0.048315336210095386
18	46	-0.04838552350684945
31	56	-0.04841215158394676
15	29	-0.04841936574362058
12	53	-0.048473283126320835
7	28	-0.04871882383480618
31	48	-0.04887863572462971
34	41	-0.04892665508292733
6	22	-0.049102977059387695
11	53	-0.049233440084335126
32	53	-0.049310927882482425
4	26	-0.049641443371262375
10	45	-0.04966171152931051
2	26	-0.04988179214221304
27	39	-0.04991769955846627
27	38	-0.0499176995584667
27	37	-0.04991769955846725
17	29	-0.050283826256496425
15	28	-0.05032221736129315
2	27	-0.05035456119241825
22	53	-0.050456865686601515
5	21	-0.050501081145697124
5	31	-0.05072578035573473
25	52	-0.05073712418697252
19	48	-0.05077560817718716
23	35	-0.050834449538116604
16	28	-0.05089288842645445
26	45	-0.050928051822591136
31	57	-0.05100486495650087
28	49	-0.05115869921668997
26	39	-0.051438678560937486
26	38	-0.051438678560938034
26	37	-0.051438678560938686
3	10	-0.051630723860288386
27	42	-0.05173295188675483
25	36	-0.051735292180975334
1	21	-0.05173563453791999
34	46	-0.05208608454301064
26	46	-0.052300866860435974
32	55	-0.05238443200542421
6	34	-0.05242375554141612
25	39	-0.052633060430513016
25	38	-0.05263306043051333
25	37	-0.05263306043051408
5	50	-0.052640293547159
31	53	-0.05265960490332298
24	40	-0.05285373120171117
29	45	-0.05350057293672951
21	46	-0.05376947812489401
24	36	-0.05415129004729248
29	41	-0.05432559029169116
34	56	-0.054444836902198424
8	29	-0.05455095111297627
26	57	-0.05466796354164246
30	49	-0.054926017872422586
30	44	-0.0549413510430449
25	35	-0.055369699042966306
22	47	-0.05538985476256825
18	49	-0.05544849703443252
21	48	-0.05546485005589846
30	45	-0.055475298183729274
4	30	-0.055510964816383936
16	29	-0.05558903522185457
22	41	-0.05621715683010996
26	48	-0.05625394292802065
2	25	-0.05631603791818626
34	42	-0.056508009099326115
29	57	-0.05660348687774855
22	49	-0.05674723187415702
24	50	-0.056748863669851685
22	42	-0.058119505029366095
25	42	-0.05825722414868059
7	27	-0.058437360446175646
33	48	-0.05854737541456688
28	41	-0.0586094756567678
28	57	-0.05868517254093336
5	34	-0.0587077035160663
23	36	-0.05929846601716668
2	24	-0.059501354206891684
24	53	-0.05977526415259764
30	55	-0.060567123245439
28	42	-0.06097345558076192
24	42	-0.06221843750967381
6	30	-0.0623930549157751
23	45	-0.06274681528003744
32	48	-0.0634459144493536
24	47	-0.06350898124501157
31	55	-0.06359936981241046
5	22	-0.0637173820583209
25	40	-0.06384085204078824
20	48	-0.0640760412195701
29	42	-0.06454881848764124
29	56	-0.06529048725087314
1	22	-0.06556894711503944
30	53	-0.06611733175280755
29	54	-0.06666784271088626
26	40	-0.06705802414203335
29	44	-0.0685918721043116
25	54	-0.06859989299667528
26	47	-0.06882255549608714
29	49	-0.06905564896759323
29	40	-0.06963629136722338
2	28	-0.07006885700497995
23	43	-0.07011244604939246
34	55	-0.07014639318524767
6	29	-0.0702528293166066
29	55	-0.07068394864152754
25	47	-0.07109591223921705
23	40	-0.07161953003327372
22	43	-0.07209012143465235
6	27	-0.07259242359522616
26	44	-0.07268269223098106
22	45	-0.07325170911957596
27	44	-0.07451554339946806
1	28	-0.07472562936867813
22	44	-0.07580702207435921
22	46	-0.07589268836168078
28	40	-0.07643665225232522
30	46	-0.07666414373950606
27	57	-0.07720585292415155
27	40	-0.0772714184751394
26	56	-0.07736127071553744
25	49	-0.07771906852365686
22	48	-0.07835291324935019
27	56	-0.07889081133095666
30	48	-0.0793509544910255
27	48	-0.07951895777000041
18	48	-0.0806414439568043
2	23	-0.08093345039126554
1	23	-0.08157961401721545
6	28	-0.08171725259427262
24	49	-0.08239649553659434
27	47	-0.08336508310555005
27	55	-0.08377828903050301
29	47	-0.08380779889248487
25	48	-0.0859899316123212
25	53	-0.08795125589148949
27	53	-0.08823224086713803
27	45	-0.08869948949832807
23	47	-0.0891277834024581
28	47	-0.08952962555063286
1	27	-0.08957311103528619
28	45	-0.08958217511029505
23	41	-0.09052549627956112
23	49	-0.09110289107947504
23	46	-0.09304943918669703
28	44	-0.09323194561908899
28	48	-0.09518480378629365
23	42	-0.09584508316911404
5	30	-0.09622429475119128
28	53	-0.09732447333547045
29	46	-0.09952098303637431
24	48	-0.10095344176190921
23	53	-0.10201930274168895
29	48	-0.10497111782470836
27	46	-0.10769879453790669
28	46	-0.10903178263361832
29	53	-0.11267912759660584
23	48	-0.12985453240204675
