#====================================================================================================
# This result is computed using convolution with a 3x3 matrix on mean-field DCA
# The first and second columns are site pairs. The third column represents interaction score
#====================================================================================================
3	4	0.05814905206606614
2	3	0.05814905206606611
1	2	0.006972194368912153
1	4	0.006972194368911776
2	4	0.005402568076158127
6	11	0.003764698638591471
11	39	0.0037646986385911725
7	12	0.0037646986385909795
10	39	0.003764698638590814
6	12	0.003764698638590653
12	39	0.0037646986385900805
6	39	0.0037646986385897947
7	13	0.003764698638589487
24	35	0.0037646986385893953
6	13	0.0037646986385893
24	34	0.003764698638589229
24	36	0.0037646986385891017
23	34	0.003764698638589061
30	36	0.003764698638589057
8	13	0.0037646986385890535
24	33	0.0037646986385890245
7	18	0.0037646986385889325
23	30	0.0037646986385888983
24	32	0.0037646986385888965
23	35	0.0037646986385888913
7	14	0.003764698638588867
24	30	0.003764698638588843
23	29	0.003764698638588835
8	18	0.0037646986385888198
23	31	0.0037646986385887877
24	29	0.003764698638588745
26	36	0.0037646986385887343
23	32	0.00376469863858871
23	33	0.0037646986385886988
30	35	0.003764698638588653
8	17	0.0037646986385886493
26	35	0.00376469863858864
7	17	0.0037646986385886116
25	35	0.003764698638588548
24	31	0.0037646986385885452
26	34	0.0037646986385885452
23	28	0.0037646986385885405
6	14	0.0037646986385885097
25	34	0.003764698638588506
31	36	0.003764698638588497
22	34	0.00376469863858848
22	27	0.003764698638588474
8	39	0.0037646986385884706
8	16	0.0037646986385884446
25	36	0.0037646986385884425
22	30	0.0037646986385883796
7	20	0.003764698638588376
22	35	0.00376469863858835
7	16	0.0037646986385883423
22	33	0.0037646986385883414
10	19	0.0037646986385883293
6	19	0.003764698638588315
22	29	0.0037646986385883106
6	16	0.0037646986385883006
9	14	0.0037646986385882924
22	28	0.003764698638588292
28	33	0.0037646986385882894
23	36	0.0037646986385882885
22	31	0.003764698638588288
8	14	0.003764698638588276
9	17	0.0037646986385882577
26	33	0.00376469863858824
6	18	0.003764698638588232
25	33	0.0037646986385882265
6	20	0.003764698638588225
26	31	0.0037646986385882126
6	17	0.0037646986385881853
8	15	0.003764698638588169
7	39	0.0037646986385881627
8	20	0.003764698638588155
10	17	0.0037646986385881046
28	34	0.003764698638588099
25	30	0.0037646986385880907
13	39	0.003764698638588064
9	39	0.0037646986385880617
10	20	0.0037646986385880587
9	15	0.00376469863858803
9	16	0.0037646986385880266
9	18	0.0037646986385880196
7	19	0.003764698638588018
22	32	0.003764698638588018
28	35	0.0037646986385879706
25	32	0.003764698638587958
26	32	0.003764698638587933
27	33	0.003764698638587933
29	34	0.0037646986385878878
29	36	0.0037646986385878765
28	36	0.003764698638587875
27	35	0.003764698638587872
27	34	0.0037646986385878496
22	36	0.0037646986385878453
7	15	0.0037646986385878314
25	31	0.0037646986385878314
11	19	0.003764698638587828
29	35	0.003764698638587793
6	15	0.003764698638587716
11	20	0.0037646986385877074
27	36	0.003764698638587684
9	20	0.003764698638587617
27	32	0.0037646986385875777
10	16	0.003764698638587555
21	29	0.0037646986385874034
15	39	0.003764698638587392
8	19	0.003764698638587388
21	27	0.0037646986385873804
9	19	0.003764698638587372
10	18	0.003764698638587369
12	20	0.0037646986385873587
21	28	0.003764698638587341
10	15	0.00376469863858732
12	19	0.0037646986385873106
12	17	0.0037646986385873075
21	26	0.0037646986385872637
11	16	0.003764698638587261
11	17	0.0037646986385872403
16	39	0.0037646986385871163
21	34	0.003764698638587116
21	33	0.003764698638587086
11	18	0.0037646986385870837
21	30	0.003764698638587008
12	18	0.003764698638586942
17	39	0.0037646986385868053
21	31	0.0037646986385868005
21	36	0.003764698638586714
21	35	0.0037646986385867047
21	32	0.0037646986385866154
14	39	0.0037646986385864783
12	21	0.0037646986385863066
26	38	0.0037646986385863066
15	40	0.003764698638586181
15	38	0.0037646986385861322
32	37	0.0037646986385861197
13	18	0.0037646986385861075
32	38	0.003764698638586067
18	40	0.003764698638586035
18	39	0.0037646986385860147
30	38	0.003764698638586014
31	38	0.0037646986385860004
17	40	0.0037646986385859696
16	40	0.0037646986385859453
26	37	0.003764698638585945
19	40	0.003764698638585938
16	38	0.0037646986385859193
27	38	0.003764698638585898
25	38	0.003764698638585873
17	38	0.0037646986385858595
20	29	0.003764698638585846
20	35	0.0037646986385858412
20	34	0.003764698638585839
20	28	0.0037646986385858373
24	37	0.0037646986385858243
19	28	0.00376469863858582
20	36	0.0037646986385858096
24	38	0.0037646986385858087
18	38	0.0037646986385858065
28	40	0.0037646986385857953
28	38	0.0037646986385857896
31	40	0.003764698638585767
25	40	0.0037646986385857623
23	40	0.003764698638585752
32	40	0.00376469863858575
25	37	0.003764698638585741
27	40	0.003764698638585731
19	36	0.003764698638585727
26	40	0.0037646986385857246
19	27	0.0037646986385857194
29	38	0.003764698638585719
30	40	0.0037646986385857185
20	33	0.003764698638585717
15	37	0.00376469863858571
20	27	0.0037646986385856977
19	29	0.003764698638585665
20	26	0.0037646986385856496
13	19	0.0037646986385856222
19	34	0.0037646986385856136
24	40	0.0037646986385856127
23	38	0.003764698638585605
20	25	0.003764698638585598
31	37	0.003764698638585596
19	38	0.003764698638585583
33	38	0.003764698638585562
19	35	0.003764698638585554
19	26	0.003764698638585537
30	37	0.00376469863858552
21	40	0.00376469863858551
20	40	0.0037646986385854934
14	38	0.003764698638585493
20	31	0.00376469863858547
20	38	0.003764698638585467
13	20	0.003764698638585459
11	21	0.0037646986385854522
19	33	0.0037646986385854444
29	40	0.003764698638585429
16	37	0.003764698638585394
19	32	0.0037646986385853837
20	30	0.0037646986385853807
17	31	0.0037646986385853646
18	27	0.003764698638585358
17	33	0.0037646986385853577
33	40	0.003764698638585357
18	33	0.0037646986385853538
22	38	0.0037646986385853434
16	33	0.0037646986385853386
27	37	0.0037646986385853334
22	40	0.0037646986385853325
19	25	0.0037646986385853217
20	32	0.0037646986385853187
19	30	0.003764698638585296
19	31	0.0037646986385852952
19	24	0.0037646986385852736
28	37	0.0037646986385852363
29	37	0.003764698638585224
7	21	0.0037646986385852206
14	40	0.003764698638585215
21	38	0.0037646986385852068
16	31	0.0037646986385852033
18	36	0.0037646986385851985
18	34	0.0037646986385851977
23	37	0.003764698638585186
17	34	0.003764698638585176
16	34	0.003764698638585159
18	28	0.0037646986385851513
19	39	0.0037646986385850953
18	29	0.003764698638585092
17	35	0.0037646986385850905
18	35	0.0037646986385850905
18	32	0.0037646986385850892
11	37	0.003764698638585084
17	27	0.003764698638585081
17	29	0.003764698638585075
17	32	0.0037646986385850654
16	29	0.003764698638585039
17	36	0.003764698638585034
17	30	0.0037646986385850185
17	37	0.0037646986385850185
18	31	0.003764698638585015
18	37	0.0037646986385850125
15	33	0.0037646986385849704
6	21	0.003764698638584943
15	34	0.003764698638584941
10	37	0.0037646986385849366
16	32	0.0037646986385849327
19	37	0.003764698638584926
10	21	0.0037646986385849062
15	29	0.0037646986385849054
15	31	0.0037646986385848763
16	35	0.003764698638584876
15	36	0.0037646986385848685
16	36	0.0037646986385848572
17	28	0.0037646986385848455
22	37	0.0037646986385848407
16	27	0.0037646986385848403
13	38	0.0037646986385848355
18	30	0.003764698638584823
20	37	0.003764698638584802
8	21	0.0037646986385847826
18	26	0.003764698638584779
15	35	0.0037646986385847735
13	40	0.0037646986385847635
17	25	0.0037646986385847484
15	32	0.0037646986385847384
17	26	0.003764698638584731
18	25	0.0037646986385847193
9	21	0.0037646986385847007
21	37	0.00376469863858467
16	30	0.0037646986385846686
18	23	0.0037646986385846677
14	37	0.003764698638584664
15	27	0.0037646986385846547
11	38	0.0037646986385846144
12	40	0.0037646986385845875
15	30	0.003764698638584586
13	21	0.0037646986385845836
16	28	0.0037646986385844504
14	29	0.003764698638584446
12	38	0.0037646986385843997
18	24	0.0037646986385843663
15	28	0.0037646986385843407
16	25	0.0037646986385843255
6	37	0.003764698638584301
17	24	0.0037646986385842887
15	25	0.003764698638584229
17	23	0.0037646986385842197
20	39	0.003764698638584177
11	40	0.0037646986385841737
10	38	0.00376469863858411
14	31	0.0037646986385840844
14	27	0.0037646986385840653
13	37	0.003764698638584049
34	40	0.0037646986385839886
14	30	0.0037646986385839734
16	26	0.003764698638583971
14	33	0.0037646986385839283
16	23	0.0037646986385839283
16	24	0.003764698638583922
10	40	0.003764698638583918
14	36	0.003764698638583883
14	32	0.003764698638583871
9	37	0.003764698638583839
12	37	0.0037646986385838008
14	28	0.003764698638583789
14	34	0.0037646986385837826
15	26	0.003764698638583748
35	40	0.0037646986385837435
15	24	0.0037646986385837396
14	35	0.0037646986385837257
15	23	0.0037646986385837214
6	38	0.0037646986385836715
14	19	0.0037646986385836355
14	25	0.0037646986385836143
6	40	0.003764698638583593
8	37	0.003764698638583408
14	21	0.003764698638583387
14	22	0.003764698638583381
7	37	0.0037646986385833562
14	23	0.0037646986385833484
14	20	0.0037646986385833333
13	22	0.003764698638583258
9	22	0.003764698638583245
14	26	0.0037646986385831112
8	38	0.003764698638583085
8	40	0.0037646986385830652
7	40	0.0037646986385829646
21	39	0.0037646986385829126
13	29	0.003764698638582903
9	40	0.0037646986385828788
7	38	0.003764698638582873
12	22	0.0037646986385828692
9	38	0.003764698638582859
14	24	0.003764698638582841
27	39	0.0037646986385828076
8	22	0.003764698638582805
7	22	0.0037646986385827955
15	22	0.0037646986385827625
13	27	0.0037646986385826363
29	39	0.0037646986385826103
13	31	0.0037646986385825665
31	39	0.0037646986385825665
11	22	0.003764698638582561
10	22	0.0037646986385825518
13	28	0.003764698638582505
25	39	0.003764698638582473
13	30	0.003764698638582441
13	34	0.0037646986385824295
13	35	0.003764698638582411
13	36	0.0037646986385824082
26	39	0.003764698638582399
22	39	0.003764698638582389
28	39	0.003764698638582362
13	33	0.0037646986385823475
33	39	0.0037646986385822924
32	39	0.0037646986385822534
30	39	0.00376469863858225
13	25	0.0037646986385821875
23	39	0.0037646986385821584
16	22	0.003764698638582113
17	22	0.0037646986385820916
13	32	0.0037646986385820175
15	21	0.003764698638581993
13	23	0.0037646986385818934
24	39	0.0037646986385818765
6	22	0.003764698638581867
13	26	0.0037646986385818093
12	29	0.003764698638581566
13	24	0.003764698638581547
12	27	0.0037646986385814598
15	20	0.003764698638581423
16	21	0.0037646986385814077
12	28	0.0037646986385811492
12	31	0.0037646986385811345
34	39	0.003764698638580994
12	30	0.0037646986385809437
12	33	0.0037646986385808682
12	25	0.003764698638580759
12	32	0.0037646986385807234
11	27	0.0037646986385807186
12	36	0.003764698638580631
11	29	0.0037646986385806284
11	31	0.003764698638580526
11	25	0.003764698638580483
12	23	0.0037646986385804788
12	35	0.0037646986385804623
12	34	0.0037646986385804367
11	33	0.003764698638580433
11	32	0.003764698638580391
12	24	0.0037646986385803825
12	26	0.0037646986385803413
10	25	0.0037646986385802945
11	28	0.003764698638580215
10	27	0.00376469863858016
9	36	0.0037646986385801383
9	25	0.0037646986385801344
11	30	0.0037646986385801344
11	36	0.0037646986385801275
11	34	0.0037646986385800997
10	31	0.003764698638580078
9	23	0.0037646986385800724
11	26	0.003764698638580066
9	35	0.003764698638580014
6	26	0.0037646986385799957
8	34	0.0037646986385799844
11	35	0.003764698638579931
9	27	0.0037646986385799254
11	23	0.0037646986385799124
6	27	0.0037646986385798946
8	35	0.003764698638579887
10	28	0.0037646986385798846
10	23	0.0037646986385798777
10	29	0.003764698638579872
8	33	0.0037646986385798556
8	27	0.003764698638579852
9	29	0.0037646986385798443
6	33	0.003764698638579829
8	36	0.003764698638579823
9	30	0.003764698638579823
9	34	0.0037646986385798226
7	34	0.0037646986385798152
9	31	0.003764698638579806
10	30	0.003764698638579797
7	36	0.0037646986385797936
11	24	0.0037646986385797784
7	25	0.0037646986385797753
9	33	0.0037646986385797745
9	24	0.003764698638579773
7	35	0.0037646986385797515
6	25	0.003764698638579741
8	25	0.003764698638579724
7	33	0.003764698638579718
8	26	0.0037646986385797177
8	28	0.0037646986385797138
7	26	0.00376469863857971
10	32	0.003764698638579695
10	36	0.003764698638579675
9	32	0.0037646986385796713
7	31	0.00376469863857966
9	28	0.003764698638579656
6	29	0.0037646986385796374
10	35	0.0037646986385796288
6	35	0.003764698638579615
9	26	0.003764698638579601
7	28	0.0037646986385795975
7	32	0.0037646986385795863
6	32	0.0037646986385795746
7	27	0.0037646986385795667
8	23	0.003764698638579562
8	29	0.0037646986385795563
7	24	0.0037646986385795533
7	29	0.003764698638579551
8	31	0.003764698638579536
10	26	0.003764698638579535
6	36	0.0037646986385795273
6	28	0.003764698638579524
10	24	0.0037646986385795195
10	33	0.0037646986385794943
8	24	0.003764698638579493
6	34	0.0037646986385794856
6	31	0.0037646986385794783
8	30	0.0037646986385794063
10	34	0.0037646986385793967
6	30	0.0037646986385793187
8	32	0.0037646986385792922
6	24	0.003764698638579275
7	30	0.0037646986385792727
7	23	0.003764698638579104
6	23	0.0037646986385788664
1	3	0.0025126365615590544
12	41	0.0024857970912137055
11	41	0.0024857970912136604
10	41	0.0024857970912132788
6	41	0.0024857970912130194
13	41	0.0024857970912125055
8	41	0.002485797091212466
17	41	0.0024857970912123706
7	41	0.0024857970912123013
15	41	0.0024857970912121347
9	41	0.002485797091211997
16	41	0.002485797091211911
18	41	0.002485797091211893
14	41	0.0024857970912117427
19	41	0.002485797091211533
20	41	0.002485797091211182
21	41	0.002485797091210702
32	41	0.0024857970912105414
36	41	0.002485797091210532
25	41	0.002485797091210464
27	41	0.0024857970912104586
23	41	0.002485797091210457
28	41	0.002485797091210377
31	41	0.0024857970912103428
29	41	0.0024857970912103254
35	41	0.00248579709121032
30	41	0.0024857970912102933
33	41	0.0024857970912102794
34	41	0.002485797091210279
22	41	0.002485797091210222
24	41	0.002485797091210222
26	41	0.002485797091210186
5	6	0.00026117950721203306
6	10	0.00026117950721202265
5	9	0.000261179507211981
6	9	0.0002611795072119741
7	8	0.00026117950721195674
7	9	0.0002611795072119359
5	7	0.0002611795072119151
7	10	0.00026117950721191163
7	11	0.00026117950721190816
9	10	0.0002611795072119047
5	8	0.0002611795072119012
8	11	0.0002611795072119012
8	9	0.00026117950721188735
6	8	0.00026117950721186653
8	10	0.00026117950721186306
9	11	0.0002611795072118561
6	7	0.0002611795072118388
8	12	0.0002611795072118041
22	26	0.0002611795072117902
31	35	0.0002611795072117659
10	11	0.000261179507211759
9	13	0.00026117950721175204
40	41	0.0002611795072117451
25	29	0.0002611795072117208
33	34	0.0002611795072116861
33	37	0.00026117950721168265
23	24	0.00026117950721166877
22	24	0.0002611795072116653
31	33	0.00026117950721166183
25	28	0.00026117950721165836
35	37	0.00026117950721165836
23	27	0.0002611795072116549
9	12	0.0002611795072116514
36	37	0.00026117950721164795
12	15	0.0002611795072116445
29	32	0.000261179507211641
23	25	0.0002611795072116341
31	32	0.0002611795072116306
10	12	0.00026117950721162714
25	26	0.00026117950721162714
31	34	0.00026117950721162367
22	23	0.0002611795072116202
22	25	0.0002611795072116202
33	35	0.0002611795072116202
34	36	0.0002611795072116202
35	36	0.0002611795072116063
33	36	0.00026117950721160285
10	13	0.0002611795072115994
34	35	0.0002611795072115994
38	41	0.0002611795072115994
24	26	0.0002611795072115959
27	30	0.0002611795072115959
30	32	0.0002611795072115959
13	17	0.00026117950721159244
27	28	0.00026117950721159244
26	27	0.0002611795072115855
29	30	0.0002611795072115855
27	29	0.00026117950721158203
23	26	0.00026117950721157857
25	27	0.00026117950721157857
30	31	0.0002611795072115751
36	39	0.0002611795072115751
24	25	0.0002611795072115716
12	14	0.00026117950721156816
11	12	0.0002611795072115647
32	36	0.0002611795072115543
38	39	0.0002611795072115543
29	33	0.0002611795072115508
12	13	0.00026117950721154734
27	31	0.00026117950721153693
11	13	0.00026117950721153346
26	30	0.00026117950721153346
28	30	0.00026117950721153
32	35	0.0002611795072115265
39	41	0.0002611795072115265
24	27	0.00026117950721152305
29	31	0.0002611795072115196
26	29	0.00026117950721151265
28	32	0.00026117950721151265
28	29	0.0002611795072115092
34	37	0.0002611795072115092
28	31	0.00026117950721150224
26	28	0.00026117950721149183
37	41	0.00026117950721149183
10	14	0.0002611795072114814
21	24	0.000261179507211471
11	14	0.0002611795072114641
13	16	0.00026117950721145713
12	16	0.0002611795072114502
30	33	0.0002611795072114502
30	34	0.0002611795072114502
24	28	0.0002611795072114467
32	33	0.00026117950721144326
32	34	0.0002611795072114363
11	15	0.00026117950721143285
21	22	0.00026117950721143285
13	14	0.0002611795072114259
20	22	0.00026117950721140856
37	39	0.00026117950721140856
13	15	0.00026117950721139815
14	16	0.00026117950721139815
21	25	0.00026117950721139815
21	23	0.0002611795072113912
20	24	0.0002611795072113843
14	17	0.0002611795072113565
20	23	0.0002611795072113565
18	22	0.0002611795072113461
19	23	0.0002611795072113253
19	22	0.0002611795072113114
14	15	0.0002611795072112698
14	18	0.00026117950721125244
35	38	0.0002611795072111761
15	17	0.0002611795072111345
17	19	0.0002611795072111067
17	18	0.0002611795072110894
39	40	0.0002611795072110894
15	19	0.00026117950721108243
15	16	0.0002611795072110755
16	17	0.00026117950721106856
19	21	0.0002611795072110616
34	38	0.00026117950721105815
17	20	0.0002611795072110547
36	38	0.00026117950721104427
38	40	0.0002611795072110408
37	38	0.00026117950721103733
37	40	0.00026117950721102345
16	18	0.00026117950721101305
19	20	0.0002611795072110096
16	19	0.0002611795072109818
36	40	0.00026117950721097835
20	21	0.0002611795072109645
15	18	0.000261179507210961
17	21	0.0002611795072109506
16	20	0.00026117950721093325
18	19	0.00026117950721092284
18	21	0.0002611795072108257
18	20	0.0002611795072107563
35	39	0.00026117950721033997
1	5	-0.000457210089738529
4	8	-0.0019435136412384914
2	6	-0.001943513641238507
4	6	-0.00194351364123854
4	5	-0.0019435136412386232
2	5	-0.0019435136412386332
4	7	-0.001943513641238665
3	5	-0.003297298196940378
3	6	-0.0032972981969404394
3	7	-0.0032972981969404775
5	41	-0.006353051309172582
1	41	-0.006682065543015776
5	10	-0.007273863726559294
5	11	-0.007273863726560264
5	12	-0.007273863726560659
5	13	-0.007273863726561026
5	39	-0.0072738637265615524
5	14	-0.007273863726561774
5	17	-0.00727386372656199
5	18	-0.0072738637265620035
5	16	-0.007273863726562161
5	19	-0.0072738637265622194
5	20	-0.007273863726562306
5	15	-0.007273863726562364
5	37	-0.0072738637265640695
5	21	-0.007273863726564946
5	38	-0.007273863726565025
5	40	-0.007273863726565387
5	22	-0.007273863726566565
5	26	-0.0072738637265671304
5	27	-0.007273863726567173
5	25	-0.0072738637265672024
5	24	-0.007273863726567357
5	28	-0.0072738637265674436
5	35	-0.007273863726567466
5	33	-0.007273863726567485
5	30	-0.0072738637265676205
5	36	-0.007273863726567627
5	32	-0.007273863726567632
5	29	-0.007273863726567639
5	23	-0.007273863726567707
5	31	-0.007273863726567738
5	34	-0.00727386372656783
1	15	-0.012101202802870428
1	11	-0.012101202802870463
1	13	-0.012101202802870498
1	20	-0.012101202802870532
1	17	-0.012101202802870567
1	19	-0.012101202802870595
1	14	-0.012101202802870616
1	16	-0.012101202802870702
1	21	-0.012101202802870706
1	18	-0.012101202802870713
1	12	-0.012101202802870723
1	39	-0.012101202802870796
1	10	-0.012101202802870897
1	29	-0.012101202802870924
1	28	-0.012101202802870956
1	27	-0.012101202802870976
1	37	-0.012101202802871004
1	9	-0.01210120280287102
1	22	-0.012101202802871022
1	34	-0.012101202802871022
1	8	-0.012101202802871027
1	6	-0.012101202802871094
1	7	-0.012101202802871127
1	38	-0.012101202802871129
1	32	-0.01210120280287116
1	23	-0.012101202802871202
1	40	-0.012101202802871209
1	26	-0.012101202802871212
1	33	-0.01210120280287125
1	36	-0.012101202802871297
1	31	-0.012101202802871323
1	35	-0.012101202802871334
1	30	-0.012101202802871342
1	25	-0.012101202802871393
1	24	-0.012101202802871448
2	41	-0.01633111385671754
4	41	-0.017749076725862834
3	41	-0.02216252272841318
4	9	-0.02322228870790817
4	13	-0.023222288707908694
4	10	-0.02322228870790873
4	12	-0.023222288707908777
4	39	-0.02322228870790893
4	11	-0.023222288707909072
4	14	-0.023222288707909322
4	18	-0.023222288707909385
4	16	-0.023222288707909437
4	19	-0.023222288707909513
4	15	-0.023222288707909558
4	17	-0.02322228870790967
4	20	-0.02322228870790989
4	37	-0.02322228870791051
4	38	-0.023222288707911248
4	21	-0.02322228870791142
4	40	-0.023222288707911456
4	22	-0.02322228870791285
4	25	-0.02322228870791297
4	26	-0.023222288707912986
4	33	-0.02322228870791304
4	35	-0.02322228870791304
4	36	-0.023222288707913114
4	28	-0.02322228870791318
4	32	-0.023222288707913215
4	27	-0.023222288707913267
4	24	-0.023222288707913315
4	34	-0.023222288707913315
4	31	-0.02322228870791333
4	30	-0.023222288707913506
4	23	-0.02322228870791353
4	29	-0.0232222887079138
2	15	-0.027677139774379307
2	13	-0.02767713977437932
2	19	-0.027677139774379345
2	17	-0.027677139774379425
2	20	-0.027677139774379474
2	16	-0.027677139774379484
2	11	-0.027677139774379494
2	39	-0.027677139774379578
2	14	-0.0276771397743796
2	12	-0.027677139774379612
2	18	-0.027677139774379744
2	21	-0.027677139774379994
2	10	-0.027677139774380216
2	8	-0.027677139774380223
2	37	-0.02767713977438041
2	7	-0.02767713977438043
2	9	-0.027677139774380556
2	40	-0.02767713977438057
2	22	-0.02767713977438068
2	38	-0.02767713977438073
2	34	-0.027677139774380848
2	29	-0.027677139774380924
2	28	-0.02767713977438095
2	36	-0.027677139774381007
2	35	-0.027677139774381014
2	32	-0.02767713977438102
2	33	-0.027677139774381073
2	31	-0.027677139774381083
2	30	-0.027677139774381153
2	23	-0.027677139774381243
2	24	-0.027677139774381368
2	26	-0.027677139774381423
2	25	-0.027677139774381458
2	27	-0.027677139774381458
3	16	-0.033645182245012756
3	13	-0.033645182245012784
3	25	-0.033645182245012964
3	23	-0.03364518224501304
3	15	-0.033645182245013096
3	14	-0.0336451822450131
3	24	-0.0336451822450131
3	22	-0.03364518224501312
3	26	-0.03364518224501312
3	39	-0.03364518224501313
3	17	-0.03364518224501315
3	12	-0.033645182245013165
3	21	-0.033645182245013186
3	33	-0.03364518224501319
3	34	-0.0336451822450132
3	38	-0.03364518224501321
3	28	-0.033645182245013214
3	18	-0.03364518224501327
3	35	-0.033645182245013276
3	27	-0.03364518224501333
3	36	-0.033645182245013346
3	19	-0.03364518224501345
3	20	-0.03364518224501346
3	40	-0.033645182245013464
3	37	-0.03364518224501348
3	31	-0.03364518224501349
3	32	-0.033645182245013554
3	8	-0.03364518224501356
3	30	-0.0336451822450136
3	29	-0.033645182245013686
3	9	-0.03364518224501373
3	11	-0.033645182245013824
3	10	-0.03364518224501408
