#====================================================================================================
# This result is computed using convolution with a 3x3 matrix on mean-field DCA
# The first and second columns are site pairs. The third column represents interaction score
#====================================================================================================
43	55	1.0615288206551843
42	56	1.0450157894270724
44	55	1.0428984263529848
13	28	1.002918657402137
43	56	1.0024188142872394
13	27	1.0007906991256434
42	55	0.9890644136474566
43	54	0.9863496251764252
44	54	0.969095107480677
44	56	0.9642474890121723
12	27	0.9635856846923003
13	29	0.9480956875186999
14	26	0.8769782079803226
42	54	0.8753424762749693
11	27	0.8481123593743141
45	55	0.8466394768162664
41	57	0.8370567955623412
14	27	0.8292130647061995
41	56	0.8183685857630696
15	25	0.8125341220450992
42	57	0.812511741324482
12	28	0.8119505695747818
44	53	0.8095618637880232
13	26	0.8072755674998124
15	26	0.7992271150788237
14	28	0.7910230404226769
45	54	0.7866389193798085
43	53	0.7727240748373623
43	57	0.7658890270053722
14	25	0.7594564813107826
16	25	0.7346882557797789
15	24	0.7315363278181829
41	58	0.7216335274053589
16	26	0.7209353942582546
12	26	0.717714211358236
11	29	0.6995121317724596
12	29	0.6908228439437937
41	55	0.6801576952429509
42	58	0.6770365771992609
40	57	0.6742124667525861
11	28	0.6733680595164562
15	27	0.6593871130572655
14	24	0.6272099225039299
13	25	0.6157126904375139
40	56	0.615547181862783
17	25	0.6078271705142684
3	66	0.6043478039845498
4	67	0.5868392191036793
4	68	0.5775984368359465
46	54	0.5713708067131517
2	66	0.5653390755680995
3	67	0.5646447920734473
2	68	0.5622179420716299
40	58	0.5525822489160988
41	59	0.5509285519520849
45	53	0.5502719709828112
3	68	0.5389443557907199
16	24	0.5347059449628508
44	52	0.5059007104955067
39	57	0.4984280753337854
2	67	0.49684208839383576
5	67	0.47674493595907835
15	23	0.47643645454989114
10	29	0.4485231506907488
3	65	0.4307440318822691
1	68	0.4287534652665106
9	29	0.4255196948172303
4	66	0.40473886621267613
11	30	0.38734210198529073
2	69	0.3852033893501429
40	62	0.35829670946356384
40	59	0.3537032604418337
11	31	0.34847510501244067
16	23	0.3446136240409741
38	60	0.3195328796690537
1	69	0.31698071430606695
39	58	0.31019613933199336
45	52	0.3057281805577234
17	24	0.3021831886336504
3	69	0.29431536567069166
10	30	0.2939997354969683
46	53	0.2906747456532731
1	67	0.2826097844082031
10	28	0.28193706768979915
5	65	0.2722404596841851
39	59	0.26850668007877787
5	66	0.26385610540421695
4	65	0.260301866606222
38	61	0.2464298988261395
39	62	0.2361201571707301
9	30	0.2343920397102142
10	31	0.23071476444956882
17	23	0.22707622681365364
12	30	0.21936299476551896
46	52	0.21856709335305705
38	62	0.2110131782086447
7	65	0.2033139048437613
21	51	0.19940130476575577
9	31	0.18451156857553866
19	49	0.1822579462128827
39	60	0.1737136683436744
5	63	0.1685763440214953
40	61	0.16494818164574582
39	61	0.1424618715577708
20	51	0.13870922384212264
19	51	0.13451421638680425
6	65	0.13420350047770735
5	64	0.12727872142217445
19	50	0.12292313147869807
7	64	0.12183259361849177
6	63	0.10744806398384522
20	49	0.10358665049142786
40	60	0.10286519065380034
6	64	0.10017164935902122
21	50	0.09916521771772238
59	60	0.08136295636367685
20	50	0.07541966658149754
8	41	0.07282977436582173
7	63	0.07038698965908036
21	49	0.06850770556734706
18	46	0.06331862445921188
38	63	0.06087743359558047
18	51	0.06027734715253883
38	47	0.059767646302354725
9	28	0.05589405948847595
8	27	0.054960101670578625
5	38	0.05018450686004
20	61	0.04889380018464005
18	25	0.04616608426800882
35	47	0.04577513170037137
9	52	0.044965938237249876
6	38	0.044546853510338505
22	62	0.04423921071211913
17	22	0.04308183956273416
21	61	0.04272085868147017
32	47	0.04083389074777512
7	62	0.040676153324179544
22	63	0.04051584528500748
18	64	0.039512350871440324
7	31	0.03942472079933253
36	47	0.039383895295328514
22	37	0.038685646516342515
49	50	0.0382601522901872
38	65	0.03817420530973762
6	36	0.03733575918609701
38	64	0.03731604629495353
9	10	0.03610398828765044
6	35	0.036041971265470304
17	26	0.0358843665224814
18	50	0.03540475234548525
8	32	0.03518598659925061
6	37	0.03507481497572316
17	49	0.03505837691986949
22	36	0.0350553195670164
7	36	0.034867535069954776
21	62	0.034553327626899354
37	47	0.03454419538346818
40	63	0.0344557552234342
33	47	0.034145604593740816
7	38	0.03411551630306667
7	22	0.03390142111927963
30	62	0.0333236884806153
7	35	0.03330988758502729
5	40	0.032927245029473466
7	37	0.03282718956283492
22	35	0.03198566692729758
8	33	0.03140632977332844
34	69	0.031313667296974414
6	31	0.031269046111379574
1	61	0.030648889658365066
8	35	0.030439244825272653
31	64	0.030389614570564667
8	36	0.030341822753921718
36	64	0.030251170185314407
6	22	0.030091847369294964
22	34	0.029941879858357806
21	63	0.029743074802863465
39	63	0.02952878469410869
29	63	0.02951786294022705
8	29	0.029337228797845342
8	64	0.029240267943492795
6	33	0.028981364113159172
35	64	0.028968921854088062
37	64	0.02889931104618995
5	39	0.02884723003956924
32	37	0.02874627632256461
30	63	0.028580646332429786
15	20	0.028437426919938467
22	33	0.02833846935532397
32	48	0.02807846223916663
38	48	0.027944929860509067
20	62	0.0278805356873742
8	19	0.02782716388097848
34	57	0.027707499788558222
8	37	0.027471146188576327
30	54	0.02740482571737112
5	50	0.027339994378477575
31	50	0.02691188463993877
19	52	0.0267259273384738
7	33	0.026585332561731373
35	48	0.026484242583041707
51	64	0.02633518832668938
34	47	0.026201786218823023
20	60	0.025835348758181397
6	62	0.025663614872570614
6	32	0.025556826219186878
22	64	0.02547725080094882
7	51	0.025349830385928154
31	36	0.02525828954147788
37	48	0.02494597288286313
31	37	0.024817212354762124
2	10	0.0247903726974084
39	47	0.02477361324715067
53	59	0.02462188889872541
18	49	0.02449938365296309
18	45	0.024260579201270647
30	50	0.02418770235944868
28	61	0.024173330214533065
36	51	0.024064841435012807
10	61	0.023977437219074794
36	48	0.023724160059052795
10	65	0.023675458621457507
49	62	0.023534332665336624
6	51	0.023363174018542814
8	28	0.0233614127140076
37	51	0.023303277090307196
58	62	0.023265349390521474
8	34	0.023208414892912158
6	34	0.023023627579831965
30	52	0.022964590490771
1	10	0.02282290658087709
7	32	0.022723816697344943
33	48	0.022696770366469842
35	51	0.022663885859590394
22	32	0.022558290926649044
17	51	0.022460851861076225
33	38	0.022265638380694865
31	65	0.022262911031441422
20	63	0.02224378453153227
33	51	0.02220298653757292
34	51	0.02209576394551066
32	38	0.021921053611397397
33	64	0.02190723932822733
46	64	0.021777664787376725
6	47	0.021409301614783115
46	60	0.021407340788237465
34	48	0.021248069127225697
10	32	0.021161137142976964
18	23	0.02104012869263611
7	34	0.020992929662908805
18	19	0.020776600571067286
23	36	0.020734889270619908
6	66	0.020698732604287288
18	36	0.02067595413348
23	35	0.02067239068741661
22	47	0.020529175946459866
58	63	0.020490868638672593
15	16	0.020453851324867635
18	52	0.020329372933174807
18	35	0.02010147634076668
28	52	0.020043851194396396
18	37	0.019620850837719764
30	46	0.019484082288546044
22	31	0.019456731022548256
18	24	0.019374946438392687
10	48	0.019188829972366792
31	46	0.019184426544265026
9	48	0.019141955075223312
34	64	0.019110564029817395
18	53	0.018975366925533466
21	60	0.018898329679059914
19	46	0.018826378274958634
7	47	0.01872270377541069
6	19	0.0186450382938937
8	47	0.018570752717428807
46	69	0.018556401253295208
32	51	0.01843624378745416
7	19	0.01824415002939058
32	64	0.018187348438611754
7	40	0.017944756069491787
23	37	0.017904367386592047
6	18	0.017903803255319574
50	64	0.017844886352825322
48	62	0.017713106543494367
19	38	0.017701691135351666
32	55	0.01742409656815904
32	68	0.01723896441643199
22	61	0.017211784057045078
7	39	0.01715910067582882
22	38	0.017091980517116145
39	65	0.016679278601439793
5	22	0.01667645998160088
23	32	0.016564728476585446
33	69	0.016462381544606598
34	50	0.016436908826980845
23	33	0.016308340717322817
39	67	0.016294168485118173
7	18	0.016183115125358503
47	62	0.016078755473873097
21	37	0.015852592978570498
19	36	0.015781017788863858
6	20	0.01567587969517252
45	60	0.015610294793979145
21	35	0.015544258192766183
29	52	0.015437670254270633
1	62	0.015394075960217638
18	33	0.015299038057901868
34	49	0.015287917292376108
36	52	0.015282150234123451
47	64	0.015281936679777109
7	21	0.015221200199632488
10	47	0.015157630110762672
31	63	0.015132410114289483
4	64	0.015127207345176417
16	21	0.015089382827972475
19	37	0.015085837478013321
21	36	0.015041489151675061
20	39	0.015001092443348862
19	33	0.014837303628099843
22	48	0.014740702092440883
7	66	0.014715367432860761
30	61	0.01461235607495062
8	31	0.014575720277574214
20	35	0.014548004090824839
9	47	0.01453577785936015
61	64	0.014520361937589954
6	23	0.01451234344139199
32	67	0.014443087676677634
19	35	0.014441062734296451
37	52	0.014296221912515875
33	50	0.014290798492956749
39	48	0.01417740698949211
3	63	0.01417149950282927
23	52	0.014160341815988768
32	39	0.014128002746055204
36	50	0.013960465389172786
18	58	0.013893345527427832
52	59	0.013886606174784533
7	20	0.013805153165525955
35	52	0.01374135413561242
19	34	0.013644595809675598
6	39	0.013639813454478468
8	63	0.01350249394790562
32	69	0.013485941943417706
18	34	0.013439975791625983
20	47	0.013428312027352046
37	63	0.013403233982813588
37	50	0.013319726498085738
7	50	0.013309036456306295
47	52	0.013188289205131938
18	32	0.013166278811830127
3	22	0.01310924458875396
37	69	0.013088148156383497
6	50	0.01303071008110834
22	51	0.012994979345974999
8	23	0.012976785174175184
8	18	0.012911691098490732
17	64	0.012896629337274524
6	21	0.012857918693616728
11	49	0.012849885348469649
20	38	0.012821882432672254
50	63	0.01281598037284632
23	47	0.012676665677903475
35	50	0.0125832204946739
8	42	0.01249010285550356
21	34	0.012435443008292656
35	66	0.012266763790416238
19	32	0.012193691377736583
1	66	0.01216089118032253
3	39	0.012103088109533623
6	52	0.01210081573769125
21	46	0.012059851257236425
22	65	0.011985498889963761
5	36	0.011966545432814545
49	63	0.011952685842668613
22	50	0.011932697936308218
34	63	0.011912049395107786
36	66	0.011847235920188732
20	36	0.011840010453300676
7	23	0.01160669335807607
1	35	0.011575536729285192
31	48	0.011549701500423398
36	63	0.011549594406404165
52	64	0.011444741633329671
5	20	0.011376371586539234
22	68	0.011321537262180282
21	33	0.01125733864248226
16	22	0.01125029539036498
4	38	0.011134920974194919
31	47	0.01109708173340877
36	65	0.011013279330065032
5	62	0.010933358687508329
37	49	0.010929899277071768
4	22	0.010896389358715286
17	34	0.010885363829792175
8	39	0.010831755736738015
5	35	0.010703849774888205
23	51	0.010658135356874016
39	49	0.01062099764995385
32	50	0.01061165943204645
4	36	0.010603541263500438
6	48	0.010550727288050659
8	22	0.010520822486692819
35	65	0.010514627027008885
37	66	0.010395982889753186
30	48	0.01034568904472873
51	62	0.01033220878074189
20	66	0.010292553840051065
46	51	0.010232696794800293
20	32	0.010174050653452511
21	24	0.010037482449296215
4	37	0.010028061335683363
10	34	0.010021504947818376
5	37	0.009920801837053333
31	38	0.00986917821985682
19	64	0.009836006571535251
17	46	0.009669207255853938
37	65	0.009590871584278774
21	47	0.009585931949469844
38	66	0.009559545537909766
19	47	0.009552213005430316
36	46	0.009470487424124674
20	37	0.009318103889666389
22	66	0.009284384065263903
33	57	0.009268758932258883
21	32	0.009249296598973677
52	63	0.009216204350215789
22	39	0.009187042643829121
33	39	0.009161031800990347
38	51	0.009159649019123282
32	56	0.009123897432112423
40	69	0.009080481035180766
2	63	0.009060141264951076
33	52	0.009036358361907477
23	34	0.008995087964927703
4	35	0.008894291666910728
3	38	0.008883303022830292
30	53	0.008881496204844899
18	63	0.008874173755398876
35	63	0.008852005792421047
23	50	0.008838405970436905
21	64	0.008802666760955376
8	51	0.008783442173739973
10	33	0.008697996768991814
33	63	0.008663487800094651
5	21	0.008660125689584703
9	41	0.008515208119416858
8	38	0.008434910107702039
52	62	0.00838282548446185
33	49	0.008341383509148304
7	52	0.008326370792253865
31	51	0.008311409183188581
18	38	0.008268838695947339
37	46	0.008264526239727479
2	37	0.008255827970642426
10	60	0.008191761400056391
20	64	0.00816929130261985
7	46	0.008150840637577119
17	50	0.0081185947111489
21	38	0.008042064079590232
35	46	0.007915954904669384
30	59	0.007829126586425865
23	64	0.007819473944356042
6	46	0.007798515314468671
21	30	0.007655070750848826
29	61	0.007558207286977821
9	46	0.007556427630398215
37	62	0.007510695848688808
18	31	0.007451696377364751
7	48	0.007422934085238873
9	35	0.007412402455670358
10	43	0.007389318455049056
18	47	0.0072704960728412794
20	33	0.007120113536230747
8	46	0.0069630391271025644
8	20	0.0069365094009002995
38	49	0.006896291346352026
51	65	0.006878988752698075
36	62	0.006844587556990625
17	20	0.006842318550008954
32	52	0.0068295436600492
34	68	0.006816428516229307
17	33	0.006809612470307307
23	48	0.006804131681617044
54	58	0.006755530273292652
48	64	0.00669105596774105
3	12	0.006662226596648859
8	52	0.00660795087709643
64	67	0.00652766768912312
9	32	0.006504729103976748
21	31	0.006451900891138892
6	40	0.006450084711608293
35	62	0.006434755398423425
17	52	0.0063747234789156264
48	63	0.006258658108439435
16	67	0.006176168695524221
9	36	0.006117213124667892
34	52	0.006117192802601954
31	52	0.006067660558023194
8	21	0.00603336601423483
32	49	0.005942987457939217
3	48	0.0058292178901218
61	62	0.005761260535642679
47	67	0.0057498215492641155
16	49	0.005629724874051412
29	33	0.005532768104366245
66	68	0.005420407298398816
20	48	0.00533743651770782
33	68	0.00533276287717681
66	69	0.005299406703996229
5	33	0.005254544961108031
29	48	0.005221143131505179
21	39	0.005218573322784498
31	62	0.00518653276119423
7	30	0.005097610927881632
1	37	0.0050254170657477535
35	68	0.0049888594806004865
9	64	0.004972232726955532
23	38	0.004956389781160822
45	59	0.004899915817565556
50	62	0.004886629256973772
17	32	0.00487560504654057
20	52	0.004817438359722259
36	69	0.004654716620330025
36	49	0.004513133205131219
35	67	0.004496026643417061
9	33	0.004452276643304815
1	4	0.004279866755363664
41	69	0.004239241969585311
9	37	0.004217778725613257
3	37	0.004187771074607058
33	66	0.004129889739237872
33	46	0.004021796671345147
34	39	0.004004852047223189
22	30	0.003987545935894397
10	21	0.003974805346840428
1	59	0.0039228246040990435
15	21	0.0039045502235961595
11	48	0.0038907943845125966
1	36	0.00384858320327234
35	38	0.0038289999220909514
31	32	0.0038289999220909397
46	47	0.0038289999220909145
37	38	0.003828999922090839
32	35	0.0038289999220908243
34	35	0.003828999922090811
22	23	0.0038289999220907853
47	51	0.0038289999220907844
31	35	0.0038289999220907714
32	34	0.003828999922090749
34	37	0.0038289999220907397
35	37	0.0038289999220907193
34	38	0.003828999922090708
31	34	0.0038289999220906777
7	8	0.003828999922090604
5	7	0.0038289999220905042
5	8	0.003828999922090408
29	30	0.003819307818207378
4	50	0.0037969595633126855
49	61	0.0036929697035750246
9	13	0.003692823014364967
22	52	0.0036711309176915346
32	57	0.003640076092129711
19	20	0.003639330794244799
44	60	0.0035842564276409
19	65	0.0035833743414396615
50	52	0.003506995396148466
40	49	0.0034728266183900857
21	48	0.003426694103076121
6	30	0.0034235921545419223
5	19	0.003381276661723504
5	60	0.003377091467100031
4	12	0.0033747183225044195
1	2	0.003316906339114547
51	52	0.0033113830708077965
32	66	0.0033102114144208487
35	69	0.0033028323637726243
8	48	0.0032250519551347955
12	34	0.0031534644164123915
22	49	0.003115979464938676
34	46	0.003109587247080942
1	63	0.003069829044785909
39	64	0.002993654850401783
34	62	0.0029726770476992503
9	34	0.0028511121432619304
19	22	0.0027012438351707883
19	23	0.002701243835170766
33	62	0.00264761783230623
32	63	0.0026313641717084606
2	3	0.002588376392423642
51	63	0.0025859678240787633
63	65	0.0025700622813063256
54	59	0.002559535895348292
6	9	0.002516444347978884
30	36	0.0024762113241847995
16	20	0.002450322356803202
32	36	0.0024021265274042714
36	38	0.0024021265274042523
35	36	0.002402126527404252
36	37	0.0024021265274040806
34	36	0.0024021265274040606
26	30	0.0023901872452112855
3	10	0.002353710515200544
4	33	0.002350052042011121
4	48	0.0022484247291875018
18	22	0.0021873462379092237
58	60	0.0021505013250586727
30	33	0.0021249736238104456
24	47	0.002079979279463572
15	47	0.0020726022038441254
58	59	0.0019850928250486144
47	63	0.001981664530967613
23	49	0.0018764197588546343
22	41	0.001849874097982783
34	56	0.0018197479402781895
30	64	0.0017839945658544992
30	37	0.0017778782290283164
24	65	0.0017389252667136014
18	20	0.0016968790578209478
40	43	0.0016154753172805125
32	62	0.0015883870488112525
5	51	0.0015833507076864462
5	32	0.0015739924437556101
21	66	0.0015088295983713184
11	12	0.0015066901440086763
30	35	0.001503459539072047
39	69	0.001495546764687515
12	63	0.001360044178253617
60	62	0.001326747857273485
20	34	0.0013083406932148395
48	49	0.0012764096000585992
9	12	0.0012158650807826046
19	45	0.0011951792919165385
30	60	0.0011166980203885675
8	62	0.0011145033905535116
17	47	0.001096147547877417
33	65	0.001068702232024273
18	65	0.0010593331928955914
4	39	0.0010564918132622966
32	40	0.0009847437678672435
1	20	0.0009750038632920129
68	69	0.0009551637585685224
46	61	0.000914530500325832
9	27	0.0009074113575429851
46	59	0.0008314278956956019
5	34	0.0008064846284122236
5	6	0.0007865691342984133
64	65	0.0007865691342983647
6	7	0.0007865691342982186
6	8	0.0007865691342981032
9	43	0.0007646682082817482
19	53	0.0007175961310355583
5	48	0.0006175740167749183
33	55	0.0006118200815384387
5	31	0.0006006195359955432
47	61	0.000599590124790321
38	67	0.0005934311839553147
35	49	0.0005895982303665728
13	18	0.0004848881952221797
11	15	0.0003613011574140467
17	48	0.000334646874542756
46	49	0.0003198590461012058
47	49	0.00031985904610120036
49	51	0.00031985904610096487
33	37	0.00019497040990013796
32	33	0.00019497040989985173
33	35	0.00019497040989985065
33	34	0.00019497040989982896
31	33	0.0001949704098998242
23	46	5.244980277211309e-05
33	67	1.304103802606026e-05
22	45	-7.506381600459223e-05
58	61	-8.830492673678192e-05
64	66	-0.00015009015708564513
34	66	-0.00015531651461937615
47	69	-0.0001722574042216079
2	35	-0.0001788858239383114
17	36	-0.00023147769688302254
24	28	-0.00023770567948278032
49	52	-0.00024786413281807705
38	50	-0.00032026497685422187
8	9	-0.0003271026650268922
5	9	-0.00032710266502706956
7	9	-0.0003271026650270986
21	23	-0.00033837006171063937
21	22	-0.0003383700617107747
44	48	-0.0003875405458591847
62	65	-0.0004046701810887809
1	11	-0.0004210745413393653
61	65	-0.0004350315686763987
10	49	-0.00045689604274982976
63	66	-0.00047477217749450004
47	65	-0.00047643325186251355
30	49	-0.0004889237203664155
50	51	-0.0004978924940275377
47	50	-0.0004978924940276195
46	50	-0.0004978924940276223
14	18	-0.0005432005580438093
47	48	-0.0005564999847342659
46	48	-0.0005564999847343642
48	51	-0.000556499984734393
3	7	-0.0006111664350646785
3	5	-0.0006111664350648273
20	22	-0.0006154938060680071
20	23	-0.0006154938060680252
17	35	-0.0006227605500510967
9	49	-0.0006252066436959387
3	6	-0.0006416799541894627
48	52	-0.0006589345610367372
24	36	-0.0006625328976273366
65	67	-0.0006742888426970537
63	64	-0.0006774613676768415
52	61	-0.0006912671085142034
48	50	-0.0006959366170863532
4	5	-0.0007160826928389627
4	7	-0.0007160826928391882
4	8	-0.0007160826928393732
33	36	-0.0007193558448233689
63	67	-0.0007351618142025472
21	52	-0.0007888301088576424
11	47	-0.0007948806131600958
32	46	-0.0008224665574342831
20	24	-0.00082875391263514
4	23	-0.0008652685521952112
4	32	-0.0008801976871121818
37	39	-0.000885317150367706
35	39	-0.0008853171503677246
38	39	-0.0008853171503677374
4	21	-0.0009258838503027941
17	21	-0.000936786162028171
65	66	-0.0009547594806433692
24	35	-0.0009744025890322007
9	11	-0.001003696224549466
2	5	-0.0010069790280138467
8	50	-0.0010096363999310945
8	24	-0.0010406999064825964
50	65	-0.0010507945963580969
38	41	-0.0011204662120743785
37	41	-0.0011204662120745152
65	68	-0.0011328085195624498
1	5	-0.0011505963828500139
38	42	-0.001155879279145081
42	46	-0.001155879279145162
52	54	-0.001162293670430364
37	68	-0.00119642832486418
10	46	-0.0012053892518276116
18	54	-0.0012080996737553924
8	43	-0.0012126830794586749
22	40	-0.0012407387802523422
52	58	-0.0012493630330406846
8	30	-0.001256473206768731
23	31	-0.0012628123894512593
65	69	-0.001301571192722369
6	24	-0.001308596811043286
34	41	-0.0013475430183747877
51	66	-0.0013618399746607016
2	36	-0.0013668308266945196
45	49	-0.0013752495672572015
30	34	-0.0014604894451812115
30	32	-0.0014604894451812752
30	31	-0.0014604894451814923
23	25	-0.0014929980723431423
22	25	-0.0014929980723431906
31	66	-0.0015101718165005896
19	21	-0.001521175276778225
49	53	-0.0015302633675024352
52	56	-0.0015559326968547608
37	40	-0.001625311104289864
38	40	-0.0016253111042898896
34	65	-0.0016510101619070646
40	65	-0.0016691443972859307
29	31	-0.0016705935089365155
29	32	-0.0016705935089366404
18	48	-0.0016878033616756828
17	37	-0.0017104813176637527
23	26	-0.0017524579241891846
22	26	-0.0017524579241892284
7	11	-0.0017533811496093896
8	11	-0.00175338114960945
50	53	-0.0017766295353037406
61	63	-0.0017833243914662754
49	69	-0.0017978410574308844
21	65	-0.001821054489132186
54	60	-0.0018649726152103197
16	19	-0.001880904845342811
59	62	-0.0018876097572801762
54	55	-0.0019233939010730589
5	18	-0.0020041360534562387
23	27	-0.002029607238779892
27	31	-0.0020296072387800297
48	61	-0.002050514599217212
36	68	-0.002078808011656532
36	39	-0.0020872216567566822
18	57	-0.002090686900464097
23	24	-0.0021079564236314583
22	24	-0.0021079564236314774
40	47	-0.0021139365207996494
8	10	-0.0021230811231650495
7	10	-0.0021230811231651436
4	34	-0.002130414442252813
18	21	-0.002142602129861636
31	49	-0.0021527960141162596
25	48	-0.0021612651754450082
55	59	-0.0021929264823139514
47	66	-0.002234168045855113
51	54	-0.002272128103005919
8	12	-0.0022788787018707627
24	37	-0.002290835178333296
44	47	-0.0022953804872572516
44	46	-0.002295380487257324
1	47	-0.002323848365306644
19	63	-0.002347005163665699
62	63	-0.002371708990420933
2	11	-0.0023957145511403245
48	69	-0.002486404599269138
15	19	-0.002537107331591104
60	61	-0.0025654776507004133
48	54	-0.0025815863406384483
1	21	-0.0025850935245697463
51	55	-0.0025890191765472657
62	66	-0.002593457319039546
52	55	-0.002604497413294298
43	46	-0.002620212629485586
43	47	-0.002620212629485598
19	48	-0.0026455597911991214
59	69	-0.0026656867719806383
4	51	-0.002667547722277088
28	31	-0.0026932696230253014
28	32	-0.002693269623025314
32	65	-0.0027008772599154815
8	14	-0.002725747714577724
51	53	-0.002727638915252432
19	62	-0.0027379326719467315
33	56	-0.0028297008010900754
29	62	-0.0028625419503521504
57	59	-0.002870382563276778
59	61	-0.002907151701972837
16	18	-0.0029354287388649986
10	20	-0.0029786267975094247
36	40	-0.002981705010837117
14	17	-0.0029950974654705657
36	67	-0.0030532677748407113
32	41	-0.0030641058806752074
56	60	-0.0030878452201912178
56	59	-0.003135840024936757
7	68	-0.0031454287638519574
20	21	-0.003159042922278981
57	60	-0.0032144497073804913
60	64	-0.0032211075833750435
45	46	-0.0032394703627834807
45	47	-0.0032394703627834976
59	63	-0.0032492756828345374
5	23	-0.0033182918660105316
18	62	-0.0033379068654879763
52	53	-0.0033526144952823315
18	69	-0.003389602381830627
60	63	-0.003394874942563745
20	65	-0.003404603206898447
49	64	-0.0034302412191785196
11	14	-0.003498392905167836
5	47	-0.0035262036431949733
18	66	-0.003577472341774127
16	37	-0.0035886425914253466
6	10	-0.0035983934726230866
42	47	-0.003604225490444507
20	46	-0.0036058958209545977
57	63	-0.003622545192310446
19	31	-0.0036363764921266833
45	50	-0.003648603357876118
2	61	-0.003653097075533492
50	54	-0.0036919445578445904
62	64	-0.003702474922136584
67	69	-0.0037062913487838625
39	40	-0.0037722718280228315
15	18	-0.0038308583952596565
8	17	-0.0038436135501387085
17	19	-0.003878546902062843
19	61	-0.0038987481610685817
45	69	-0.003970426390970668
44	49	-0.004054868476448552
32	53	-0.0041215265882981545
22	60	-0.004161657543821987
1	39	-0.00423198378391571
17	18	-0.004270996729937411
64	68	-0.004273422390182512
4	47	-0.00432134894890885
3	36	-0.004400187037950112
1	38	-0.004422005544214789
4	6	-0.004434108065023076
19	39	-0.004446942181038257
19	60	-0.004510200348513099
9	50	-0.0045183774213918915
24	33	-0.004549850952270563
28	60	-0.004569672401735201
41	45	-0.0046845965420737636
9	21	-0.004688708735150329
53	58	-0.004705535632682232
14	65	-0.00471018523474552
2	6	-0.00473768359015584
24	32	-0.0047523365312121275
3	21	-0.004776218598701973
13	17	-0.004780555964897423
10	12	-0.004805168211639434
40	48	-0.0048101231805796766
7	67	-0.0048280149283622805
49	60	-0.004865517704653143
30	38	-0.004941866487245424
2	12	-0.0049536939312872525
34	55	-0.004958347479527859
30	47	-0.005029885484226554
20	31	-0.00505745236180912
7	24	-0.005079824060249778
16	17	-0.0051676878749241425
24	51	-0.005275856555975964
9	39	-0.005319248796119953
8	65	-0.005326591807881824
7	61	-0.005334793532914416
66	67	-0.005435192521525376
1	22	-0.0054948002450701215
41	43	-0.0055409829505120006
10	66	-0.005718212169452539
57	61	-0.0057257574716810845
33	41	-0.005730289551412037
39	41	-0.0057502929651941205
33	53	-0.005782560660240087
33	40	-0.005810581424727953
40	44	-0.00581589174928674
24	39	-0.005841411686255616
4	20	-0.005892671654681018
45	48	-0.00590427356114639
39	51	-0.005905113325040991
13	15	-0.005905630079309235
16	47	-0.005976261289961758
24	26	-0.0059954000461768745
15	48	-0.006040751319621484
24	48	-0.006090901211997376
17	30	-0.006115247215663413
34	45	-0.0061648540636049295
50	66	-0.0062232114008915485
26	28	-0.006225132560666254
28	29	-0.006230484251976505
30	57	-0.006341053087859996
53	60	-0.006357817973395057
4	19	-0.006434810482501604
48	66	-0.006460976062680367
28	30	-0.006467395725198064
11	46	-0.006494380766531091
10	11	-0.006502964759630935
55	56	-0.006529291667904547
21	25	-0.006619442412688848
67	68	-0.006651142906751194
3	20	-0.006660993826545511
5	49	-0.006681913184898119
26	27	-0.006696730690151462
37	67	-0.006706985455176745
53	55	-0.00673358197911629
48	65	-0.006749559429557444
16	52	-0.006841384926418788
1	3	-0.00689028365553141
13	16	-0.006902650356994161
34	40	-0.006971462099468218
15	17	-0.007004729969916364
21	45	-0.007053744262194572
3	4	-0.007059388682429547
56	58	-0.0071889398761095825
21	40	-0.007200535130376251
38	52	-0.007225795292989515
34	42	-0.007243294172451261
47	68	-0.007258420864485521
46	62	-0.00729333741783345
12	61	-0.007359393828321589
44	59	-0.00736367332124719
24	64	-0.007367500063662147
2	4	-0.007417211495298908
20	59	-0.007447644286305788
19	26	-0.007462872760876836
6	17	-0.007482707068639618
45	64	-0.007508582656055919
8	16	-0.00752193862525327
31	39	-0.007614379976974659
54	63	-0.007644139399714712
9	38	-0.00766631147677594
3	35	-0.007689274979811655
30	51	-0.007798287046429278
15	22	-0.007804456127479879
27	30	-0.007823986614447321
16	34	-0.007846119157679665
29	60	-0.007846300089739766
20	40	-0.00793094422559248
24	25	-0.007945948610143284
16	48	-0.007988297109606217
42	45	-0.007988568997507793
14	16	-0.008073181225070173
10	62	-0.008094480431202077
36	53	-0.008145161243041227
8	69	-0.008160713837200392
11	50	-0.008309209670716857
40	64	-0.00831628910794957
9	19	-0.008329962534102854
39	42	-0.008379960071421784
5	12	-0.008414118730055724
6	49	-0.008428800050822673
2	62	-0.008440831274569422
41	44	-0.008493729132254015
24	34	-0.008501471881720167
5	16	-0.008565788175590538
48	53	-0.008568489861846204
22	46	-0.008627827162904085
10	14	-0.008654742766591169
43	45	-0.008656332733332047
15	69	-0.008670519413217297
54	57	-0.008682756432018978
25	27	-0.008703173179348454
40	41	-0.008735115608709376
25	29	-0.008792711666403344
24	66	-0.009044419025322246
9	51	-0.009044502602164543
18	39	-0.009064624878034087
2	22	-0.009085957825748206
3	49	-0.00908657443021572
9	22	-0.009113972846513985
3	62	-0.009117168335163602
37	53	-0.00912993493321527
10	69	-0.009186307137113514
24	27	-0.009278296478267362
53	57	-0.009316442209019444
25	28	-0.009345216474854331
53	54	-0.009348167248368355
22	67	-0.009350406215568579
6	67	-0.009382553187205473
43	48	-0.009442206376787474
14	15	-0.009476867906870096
12	15	-0.009485736686196043
27	29	-0.00949221230737044
2	59	-0.009510364471848264
34	67	-0.009516241650032595
34	53	-0.009554532689272522
20	53	-0.009561023179770351
33	45	-0.009608787275897684
58	69	-0.00967676437675176
35	53	-0.009701812425856889
38	46	-0.009778660161326403
17	45	-0.009802183145482793
51	61	-0.009846020420633168
25	26	-0.009851952448201178
12	49	-0.009868953351203216
19	30	-0.009936334993390614
41	42	-0.009937424211687586
39	43	-0.009959524966939217
54	56	-0.009963295534581392
47	60	-0.010133154863789042
5	24	-0.01015546771183675
37	61	-0.010213816803864396
42	43	-0.01022062720028652
57	58	-0.010251762354926842
11	13	-0.010318689307683671
55	57	-0.010364245460467929
56	57	-0.010481829806960465
10	52	-0.010499894310472931
1	65	-0.010566014500181842
20	30	-0.010580163012085732
12	14	-0.010592645515229156
1	48	-0.010622615048326484
9	69	-0.010637957328715855
18	44	-0.010661731596385216
30	65	-0.010685377052480243
46	63	-0.010696011689867693
12	16	-0.010707072564216614
45	51	-0.01074587386042753
6	68	-0.010755671060746017
9	20	-0.010786273581119091
27	28	-0.010853843792412995
44	45	-0.010905367685857528
12	62	-0.010946561562294711
15	30	-0.010962870016156447
7	17	-0.011024158293645336
4	18	-0.011074500801098392
46	68	-0.011119453083745429
16	36	-0.011225406314645024
6	60	-0.011262015403238885
53	56	-0.011275357081802457
1	12	-0.011321303628659877
13	14	-0.011321976772262071
13	19	-0.011369382337594595
23	63	-0.011371764276315772
1	31	-0.011421533604690313
56	64	-0.011437087542398246
10	38	-0.011463223388465386
29	59	-0.01146346357005556
9	63	-0.011482198371094916
11	34	-0.011539645080154298
26	29	-0.011578807268639198
40	42	-0.011621020236115175
43	44	-0.011670161013101312
5	61	-0.011709128143121472
42	44	-0.01173657123824857
19	59	-0.011761762680928663
9	45	-0.011773636174575431
36	45	-0.011794577212119158
6	61	-0.011825797265461534
46	65	-0.011858346578683444
10	13	-0.012138229656927313
14	69	-0.012216888864250555
17	58	-0.012264701712304316
29	49	-0.012355642139844311
33	42	-0.012371658573586795
18	67	-0.01239001219783253
10	19	-0.012402397151695981
7	49	-0.012435064591615317
3	64	-0.012442775440719922
17	38	-0.01247206532283962
37	45	-0.012477894670360219
39	50	-0.012519034348185468
23	45	-0.012529138034316503
2	20	-0.012578425846234255
53	61	-0.012593313849458321
42	48	-0.012625197023661865
22	53	-0.012741557719896296
32	42	-0.012872415052488146
19	66	-0.012886691555651253
24	50	-0.012982192628930628
23	62	-0.012990274357412058
1	30	-0.01313371909887116
36	61	-0.013270531543684494
28	63	-0.01338724697268859
6	53	-0.013393086854582155
37	60	-0.013414475817445173
35	61	-0.013417867404269312
5	52	-0.01344926168450706
35	45	-0.013561285805744401
12	13	-0.013579746745229507
48	67	-0.013637746655168143
9	16	-0.013677816039995797
47	54	-0.013725649368723062
21	53	-0.013758540286686653
52	60	-0.01381784744811157
2	21	-0.013893631384908532
16	33	-0.013927106244811818
38	69	-0.013948014806616336
16	64	-0.013986809609637985
10	63	-0.014013950969934293
24	31	-0.014068404591247153
21	68	-0.01407594991231359
8	45	-0.014123489783246318
8	66	-0.014123532868780342
12	19	-0.01412386989219121
14	35	-0.014147352666867948
45	61	-0.014350696417456588
18	68	-0.014369725302075522
16	35	-0.014396845980007213
1	51	-0.014415841166779249
31	61	-0.014436540447737097
22	69	-0.014509422770813029
53	64	-0.014563242237855909
10	64	-0.014577279226932197
3	11	-0.014641563908276495
23	66	-0.014669004168064251
23	53	-0.014783097730054953
6	45	-0.014845839919439883
32	45	-0.014845890609341083
31	53	-0.014886224958536455
12	18	-0.014923242929043273
16	32	-0.014936300567835596
49	56	-0.015005245807812666
11	61	-0.015045018678699298
64	69	-0.01508076817773816
47	53	-0.015127085345723677
17	53	-0.015138628014364374
7	53	-0.015143213490210253
8	67	-0.015180745155391289
12	33	-0.015272254544827488
2	47	-0.01528520715165975
15	32	-0.015317056642888509
53	63	-0.015378903295933348
20	45	-0.015476157837547053
28	48	-0.015476660809868597
50	61	-0.015567394057773704
7	45	-0.01557417317315727
25	50	-0.015578063065912475
1	52	-0.01563350520544294
23	39	-0.0156719243433221
55	58	-0.015750947617698196
15	49	-0.015831267442629266
13	69	-0.015885368600262136
18	26	-0.015949111283604038
1	60	-0.016050422447979707
15	37	-0.016124128450589914
20	67	-0.016130551709216866
62	69	-0.016162239655700447
28	59	-0.016196086941314167
5	41	-0.01639816239226053
2	64	-0.016493363024468462
18	27	-0.01650562929542672
20	68	-0.016563638690879578
3	50	-0.016642664217316305
4	62	-0.016666261553113203
1	64	-0.016666976346911853
57	62	-0.01669067007488632
10	16	-0.01670251806927745
17	63	-0.016955488431507005
35	58	-0.017001011315210784
10	35	-0.01703362884346343
10	37	-0.017109569353061876
46	66	-0.017158519325622384
16	66	-0.017198153770940014
60	69	-0.017233404777093845
52	65	-0.017303741951265564
23	65	-0.017317724036107436
1	58	-0.0173206239613188
1	33	-0.01736003866366529
18	41	-0.017401049132727393
9	23	-0.017430573931980855
61	69	-0.017486864839860766
11	32	-0.017537875131618565
63	69	-0.017562363686205694
21	28	-0.017589984893421957
19	24	-0.017631708488762967
12	48	-0.01766381316340225
7	60	-0.017715812148193642
17	59	-0.017760616006232025
9	60	-0.017764160729685688
5	30	-0.017769618987681236
10	36	-0.01777817045175488
48	55	-0.017822000561089072
18	43	-0.018012635448110163
52	66	-0.018051096954841115
22	57	-0.018155736778925888
31	60	-0.01822045071652866
20	28	-0.018232586386509243
4	10	-0.01824635277838254
32	61	-0.018357340697095596
4	63	-0.018495521132230835
60	65	-0.018530616437411516
31	67	-0.018539760402420703
3	23	-0.018542846380955783
48	56	-0.01857002942800382
22	43	-0.018648144130252283
20	69	-0.0187069506854733
19	69	-0.018750659775753357
9	62	-0.018750863268992234
3	47	-0.018758305032063494
16	50	-0.018850285277770107
10	50	-0.018871227169174984
31	69	-0.018882536842516603
24	49	-0.018974937373626422
1	8	-0.01901645098295401
8	49	-0.019101702580111138
32	43	-0.019119195441068295
10	41	-0.01926789577824426
1	6	-0.019271378826960464
49	65	-0.01928045794259491
1	34	-0.019286461020593573
25	49	-0.01933622698065149
9	53	-0.01939950333272867
1	24	-0.01940284128831106
4	31	-0.019437098844792694
26	48	-0.019448480557670525
27	63	-0.019489020340511764
35	59	-0.01965239184963552
8	68	-0.01976676857078711
15	35	-0.019877865261533866
18	42	-0.019886449675974624
28	62	-0.01991672901355649
24	46	-0.019917207239090698
21	59	-0.019995190434852563
13	48	-0.019999042941713226
10	22	-0.020118679785565103
51	60	-0.020176890037227675
33	61	-0.020187506012008923
22	42	-0.020266603879041164
9	59	-0.020310094928675203
6	69	-0.02032015298424835
8	13	-0.020348706424363157
34	43	-0.02041239639968924
14	36	-0.020446405445872274
49	54	-0.020449102919361563
1	19	-0.020514307987571187
21	69	-0.02054261764948018
24	38	-0.020553693206854122
25	51	-0.0206051689992417
49	66	-0.020631109327223972
13	47	-0.02065674661017704
1	7	-0.02069061748267811
3	33	-0.020692853196329117
43	49	-0.020698787277014172
36	60	-0.020725646779928962
21	67	-0.02074618635100485
18	56	-0.020771284077430757
15	33	-0.020802921311501785
40	67	-0.020892951203636545
19	28	-0.020908834837847987
40	51	-0.020941565794556243
4	49	-0.020965987692289214
1	49	-0.020970119506287625
12	67	-0.020980678106372996
1	9	-0.020985623359590068
11	17	-0.020987532922467703
1	32	-0.021091429366352922
1	50	-0.021127655671822232
33	43	-0.021152885132494206
11	33	-0.021181738751308576
4	24	-0.02121405833040396
15	36	-0.021438965232694864
11	60	-0.021577956751419887
35	60	-0.021638798986274202
59	68	-0.021641447079110192
45	62	-0.02165669659520953
27	61	-0.021685908822573808
1	18	-0.021694930103866396
51	67	-0.021727079226362744
19	27	-0.021743817766697943
2	51	-0.021829504968040248
24	52	-0.021881778752773987
8	15	-0.02190714180526359
35	57	-0.02196667696696045
19	44	-0.0220159342667188
34	61	-0.022168990032370314
30	39	-0.0222264555070517
29	50	-0.02231655269941971
12	47	-0.022327585605295387
14	37	-0.02234770616111842
15	34	-0.02248565661407828
50	55	-0.022502701011357158
2	31	-0.0225202629997637
41	47	-0.022554675102261668
31	68	-0.022627083228596474
39	66	-0.022635537725979794
17	31	-0.022670915410325548
20	43	-0.02267112725997224
30	69	-0.022686313612562993
23	59	-0.02274730509755718
9	65	-0.022909204872499887
14	19	-0.02292402200605879
21	41	-0.022929773114937654
9	44	-0.02296187435817473
54	64	-0.02302022520893924
34	58	-0.02302028455064686
39	52	-0.023036403818222286
14	20	-0.023052077086203555
46	55	-0.023094299468829432
4	11	-0.023101694518366373
6	56	-0.023105041928544703
3	32	-0.02313046211412866
9	18	-0.023205881122960133
31	45	-0.023321370935138704
17	60	-0.023351813460738016
16	65	-0.023465987467836274
51	69	-0.02347293953593005
39	68	-0.023536829666019388
17	62	-0.023560290035704635
30	45	-0.023566339206707546
1	16	-0.023600161418779624
16	51	-0.02369424417123627
28	47	-0.02372462920261897
28	33	-0.0237309984372446
36	57	-0.02374570553933044
30	58	-0.023773370546119756
27	47	-0.023825952820595863
48	60	-0.02384111567245436
26	32	-0.023862479010060954
48	68	-0.02387600782588513
36	58	-0.023880052585452144
12	32	-0.02394058307257106
3	19	-0.02401622988486664
12	21	-0.02403654482490499
35	40	-0.024082110216346334
1	17	-0.024106893985504127
25	47	-0.02412123755012926
5	46	-0.024190859107394286
63	68	-0.024202331347149133
2	38	-0.024207508865646737
23	30	-0.024301078078069083
50	60	-0.024301558239284538
11	22	-0.024319433512337778
1	46	-0.024378463738727308
7	42	-0.024395834975669852
37	59	-0.024441865612403954
50	67	-0.024480711242305372
24	63	-0.02452207253519841
17	39	-0.024525635840524484
10	39	-0.02452959630186453
7	69	-0.024529724099292695
17	65	-0.024553080623343475
14	63	-0.02459900800743796
29	47	-0.024610502642143407
1	29	-0.024802089672939308
25	31	-0.024813791516206586
44	50	-0.02481441346788331
11	62	-0.024815137389274183
7	58	-0.02487028190098173
26	31	-0.024897357418039175
36	41	-0.024902492037632055
14	47	-0.024999460209195794
7	56	-0.025001154855260384
24	59	-0.02504892914888736
2	33	-0.025070424651480985
1	28	-0.025124219813162884
4	52	-0.02514675428209493
25	61	-0.025148837742572174
25	32	-0.02519070638833971
3	34	-0.025200338859212634
9	61	-0.025223061300526674
3	61	-0.02526422503181482
25	33	-0.02528340955032714
38	68	-0.025380119427582545
29	34	-0.025574989251589023
50	56	-0.025597595567250962
26	33	-0.025662916262590235
46	67	-0.025689700322919187
21	54	-0.025756098358170096
12	22	-0.025780029395798237
49	67	-0.02579500399394167
26	47	-0.025810322639772672
2	60	-0.025952861151755404
37	57	-0.02598144216319606
25	34	-0.026018323049325772
36	59	-0.026044014796578897
33	58	-0.02609141999521417
17	69	-0.026253200899041637
35	41	-0.026412416225155666
25	36	-0.026443166465251366
24	69	-0.026447761051859673
23	69	-0.026583192547509713
22	55	-0.02659126547716087
47	56	-0.026614364816809767
25	35	-0.02662532298713883
7	14	-0.02671874920603617
37	58	-0.026750293903967222
18	30	-0.02683058625480659
9	66	-0.02688987486594461
25	37	-0.027021932122298878
6	42	-0.027072581316892934
32	58	-0.027111051707904177
9	15	-0.027125323938029126
27	50	-0.027143981525776077
51	68	-0.027160628931754298
19	54	-0.027173717437166064
26	50	-0.027213425580603502
8	40	-0.027248483065880305
17	66	-0.027253255731887083
26	34	-0.027484482732971875
2	32	-0.027539346860900375
3	40	-0.027565568280063
9	17	-0.027572082097846094
17	27	-0.02763831772338461
26	64	-0.02764285978261874
26	36	-0.027738559651142473
6	58	-0.027809075162827962
20	54	-0.027892413976245534
28	34	-0.0280355055835281
30	66	-0.028046180374751737
29	64	-0.02804834431187844
6	16	-0.028050785253488572
6	41	-0.028083507771921094
26	35	-0.028152345686508387
8	53	-0.02815808623391439
11	37	-0.028158808436971536
22	44	-0.028167609441176904
27	48	-0.02826519923560178
23	61	-0.028411097023487854
23	44	-0.02842612436252185
23	60	-0.028452796215331477
14	32	-0.028548648302549905
26	37	-0.02855113763859644
6	29	-0.0285696157856585
8	61	-0.028582870490255163
16	58	-0.028590644867247227
56	63	-0.028600975715532776
54	61	-0.02861776762168753
62	68	-0.028657039601989745
2	7	-0.028691022360369495
2	30	-0.02873412126682695
25	46	-0.028797787560009672
14	48	-0.028814446558512036
41	51	-0.02881730442008772
18	60	-0.028826551071266956
18	40	-0.028860415089734862
47	55	-0.028901309747324386
31	40	-0.02897330121777491
22	59	-0.028997166297532483
3	51	-0.028997776145240125
6	57	-0.029137856528557965
2	48	-0.0291518220876604
20	41	-0.02925328992668049
36	42	-0.029296595244006816
20	58	-0.029566873709769036
45	58	-0.029572104852588238
53	62	-0.02959780631694945
24	60	-0.029616073315566302
25	60	-0.02971303998324938
11	36	-0.02971760299770785
2	19	-0.02979262300808598
22	58	-0.02980956865676602
22	28	-0.029894191508422867
29	35	-0.02989756773191291
7	41	-0.029924237785823468
29	36	-0.02996182349466494
18	61	-0.02997197254527364
10	18	-0.029976571377889814
26	61	-0.02998684241570086
1	23	-0.030001834043587
28	58	-0.03012016386595226
20	26	-0.03012762293521982
26	49	-0.030128475061901173
16	63	-0.030132770946073063
4	40	-0.030135457152547878
5	10	-0.030184003036086725
6	14	-0.030282453222219702
14	33	-0.03034746529743443
45	68	-0.030387525980007976
3	60	-0.030395427829737868
7	57	-0.03053877674882567
11	45	-0.030556895578140033
35	42	-0.030560790941309084
11	35	-0.030606404852962208
2	18	-0.03062513853153127
37	42	-0.030640719997001506
7	16	-0.03064185167031378
10	51	-0.03064617854075717
45	67	-0.030674246988844932
25	64	-0.03068100938295225
10	68	-0.030768732431833767
2	34	-0.030776998568389162
3	18	-0.030795341154816646
1	40	-0.030933733198348502
49	55	-0.030965396821856825
13	35	-0.03096851716639875
12	37	-0.030994002838463534
26	69	-0.031135902620481493
28	49	-0.031183448155918763
50	69	-0.031184771939927542
60	68	-0.03121583763002299
9	58	-0.0312214549654484
4	61	-0.031224338172489347
36	56	-0.03123343778763593
12	36	-0.031273877653577066
14	21	-0.031289562051414546
19	68	-0.03140770506596172
52	69	-0.03146894345115592
16	62	-0.03148509744263005
29	38	-0.031488222673876895
31	54	-0.03149867507551227
16	60	-0.03152940584155291
13	23	-0.031578585705222824
4	9	-0.031580088638793836
4	60	-0.03170788360316972
29	37	-0.03171423105051561
13	36	-0.03172420254083829
2	8	-0.03178906326391288
12	20	-0.03181335013445818
2	23	-0.03188109271875067
49	59	-0.0319133857455277
9	68	-0.031931929860971826
19	67	-0.03201017647804438
6	12	-0.03203742051001406
1	26	-0.03204678870088652
11	21	-0.03207566536684152
6	26	-0.032079592945136105
4	46	-0.03216746728632461
57	69	-0.03220145804963624
38	58	-0.032219853045814324
35	56	-0.032222200088623566
10	17	-0.032238790853966685
8	60	-0.03228472179172567
14	23	-0.03234438028550549
37	56	-0.032347592835114965
16	69	-0.03239677009412082
7	26	-0.0324400376774798
21	43	-0.03246640821787383
13	49	-0.03250836086444372
23	58	-0.032511508552797004
59	67	-0.032574413870058064
12	35	-0.03258297082516226
2	25	-0.03261731673043328
18	29	-0.03266263048173894
38	59	-0.03267759444371188
36	43	-0.03269306406886596
47	58	-0.03281699520194542
61	68	-0.03292489577314965
29	53	-0.032990084291286845
19	40	-0.03312475554758032
15	64	-0.03314372359785005
38	57	-0.03321938902603016
27	36	-0.0332821168124751
45	65	-0.033305324232864184
18	55	-0.033318140993167114
27	37	-0.033353178975660744
14	64	-0.03342172523951944
11	18	-0.03350417984016307
28	36	-0.03353059832938423
41	50	-0.03361209229001098
45	63	-0.033620706519953907
13	37	-0.03364372085429801
35	43	-0.03365730551696525
2	50	-0.033793267539522304
2	65	-0.03384417055321614
2	26	-0.033866124707371485
27	34	-0.03390464272028232
37	43	-0.03397087795517651
20	44	-0.034004537901778244
18	28	-0.03401948540228882
14	34	-0.03405433988670441
42	64	-0.03410235104519099
36	55	-0.0341311215412615
11	51	-0.03413281998185335
44	58	-0.03413919957951883
34	60	-0.03421139535012793
27	69	-0.03427380794462217
18	59	-0.03429136362965114
9	42	-0.03429140086765181
19	58	-0.03436586300583275
2	9	-0.03437203557570032
28	35	-0.034386949740003316
46	58	-0.03439384548558884
15	59	-0.03443913053531267
41	48	-0.03452131722511312
12	50	-0.03453999923947349
50	68	-0.03456653729010977
27	35	-0.034570615277637134
47	59	-0.03471077626144674
11	63	-0.03475634458444072
40	68	-0.03477778039082855
8	59	-0.034816759710940066
51	57	-0.034830976773872716
21	26	-0.034849666363227436
38	45	-0.034921435320120334
31	59	-0.03497339270504638
4	30	-0.03501650089193221
14	22	-0.03502689889277695
10	23	-0.03504130505789405
27	62	-0.03505353788942709
28	37	-0.035090799088879986
37	55	-0.03509916141556747
49	68	-0.03512724110934373
57	64	-0.03513129857502668
5	69	-0.03515896266166832
42	49	-0.035207273480413435
28	53	-0.035351779665927646
35	55	-0.03541771585753538
15	50	-0.03552102004096437
8	26	-0.03553763715122283
14	31	-0.03555667373766095
32	54	-0.035564812279798796
44	64	-0.0356221489072797
45	66	-0.03563771408557602
16	38	-0.03563833854055584
5	29	-0.035794457149183403
34	44	-0.035833583240759546
33	60	-0.03588317710739248
55	64	-0.03588427366271933
22	56	-0.03588586488034509
15	31	-0.03592306224731387
22	29	-0.0359637355605987
40	50	-0.03602251207703603
39	46	-0.03607337904661327
6	25	-0.03608298743976895
25	69	-0.036239563659136054
23	43	-0.03624609141504397
24	62	-0.036327229984592715
58	65	-0.036331161543472476
41	64	-0.03640175131886811
7	25	-0.03643572399298979
59	66	-0.03654612001967612
20	55	-0.036693034046111205
7	12	-0.03688472623507814
27	33	-0.037157227153536934
11	38	-0.03716190660226554
17	61	-0.03718531892800677
51	58	-0.037210809150021486
2	49	-0.03724254284313688
10	15	-0.037253937121153574
17	29	-0.037331961199777663
17	40	-0.0374771450292627
25	63	-0.03767385410516824
11	59	-0.03770105438085561
26	63	-0.037740653220844605
43	50	-0.03776977665367789
25	52	-0.03779051774464467
8	25	-0.03786771435133335
23	67	-0.03789021900134633
17	67	-0.03790556318143161
9	14	-0.037937311672495866
12	60	-0.03794733279929382
33	44	-0.037963375730622875
21	58	-0.037995519362856736
7	29	-0.03810541433382101
30	68	-0.038127505443884276
58	64	-0.03818452522844282
2	52	-0.03819129428176153
20	25	-0.03820805018596514
16	31	-0.03825256623099647
4	25	-0.03828227072414983
19	29	-0.0383129665282883
19	55	-0.03832128406592758
2	39	-0.03832870122737869
32	60	-0.03834248929003118
27	49	-0.03834306671500496
33	54	-0.03834472403541078
9	40	-0.03834908427152497
4	27	-0.03842055145457823
10	59	-0.038519231022637865
32	44	-0.03853266500090413
12	65	-0.03859370510306408
13	63	-0.038614982054604355
44	69	-0.03863230309745039
4	16	-0.03863608804678914
5	17	-0.03864171734561159
1	53	-0.038645782729505904
24	61	-0.03866563197570064
27	64	-0.03868322006916954
50	57	-0.038702729271892396
17	28	-0.03872643827681162
3	24	-0.03875705341081212
51	59	-0.03876619437156237
50	59	-0.03880027851918263
25	62	-0.03884601745574294
13	20	-0.038876948654009834
2	17	-0.03888095823170936
60	67	-0.03890648001379888
3	8	-0.03894907299654189
6	55	-0.03894928047565608
47	57	-0.03897629668684485
13	64	-0.03906120820180458
17	44	-0.03908669936270902
11	53	-0.03913384492379556
6	54	-0.039204670755193675
6	43	-0.039244847653953537
62	67	-0.039255114094332244
5	45	-0.03929005787252075
24	68	-0.039369960129284405
9	24	-0.039401133147717864
3	31	-0.039418129561424375
12	64	-0.03949090832514838
6	13	-0.039601679931098026
51	56	-0.039627429964887356
28	51	-0.03963925139126993
41	60	-0.03966068760603621
17	41	-0.03970121067463537
43	51	-0.03977511358104087
13	30	-0.03980523104760762
1	25	-0.03983461845438307
8	44	-0.03988369887902686
7	55	-0.03993278328026343
19	25	-0.03993665758642602
6	15	-0.03997674582710707
13	33	-0.039991045649244376
48	59	-0.03999529421492899
28	38	-0.04010046237792406
19	41	-0.04013877683197063
1	15	-0.040155460709712584
32	59	-0.04018857231403714
22	54	-0.04021961037190159
20	42	-0.04025254588226723
12	23	-0.04025828830090511
43	64	-0.040453228022482274
53	65	-0.0404800939008139
20	29	-0.040489798417206145
13	31	-0.04050800260777993
34	54	-0.040539618384375885
16	46	-0.04057801259073916
14	61	-0.040589729554986353
17	57	-0.04061321895992532
10	45	-0.040731429663445506
33	59	-0.04078474233765446
13	32	-0.040806316369986946
60	66	-0.040833312204742005
6	11	-0.04084998559285172
28	50	-0.04090017685019323
11	65	-0.04095669145987833
14	30	-0.04101726183166597
34	59	-0.04102200511804073
48	58	-0.04104405782364853
21	42	-0.04108312463890472
15	65	-0.04109005307864677
7	54	-0.041204822383320974
21	56	-0.0412070551525052
5	25	-0.041214890884194305
5	57	-0.041313066408536374
12	66	-0.041453345308709866
43	60	-0.041460144696571964
61	67	-0.04146248253226849
7	13	-0.04147147034579649
4	69	-0.04149636645553156
11	52	-0.041543769321283244
31	41	-0.041566124315576526
13	50	-0.041677941415251565
38	53	-0.04173633671164037
20	56	-0.04175996405649559
1	54	-0.04186601429468772
24	30	-0.041875814538070356
21	57	-0.04192774385699632
23	41	-0.041993984847780295
5	53	-0.042010653717842364
11	19	-0.04204325869635146
3	30	-0.042054325021048944
20	57	-0.04211239059444539
3	14	-0.042131819880508375
6	28	-0.04219333175823064
7	43	-0.04222391721013583
27	32	-0.04223635142376224
14	50	-0.04231945452827964
7	15	-0.04232388538952099
36	54	-0.04245057077906092
11	16	-0.04248092262938317
13	51	-0.04248139708474616
21	44	-0.0426377921627593
41	49	-0.04292349512518341
23	68	-0.04307326513134774
61	66	-0.04308124900542508
23	29	-0.04314028068173431
9	67	-0.04315271108918658
23	42	-0.04317161753305445
8	58	-0.043186050167222205
17	54	-0.043205996326657094
21	27	-0.043330527532850646
1	57	-0.04340107684435886
24	67	-0.043459116979557885
19	43	-0.0434655531670273
42	51	-0.04350150267925172
35	54	-0.04351521234652075
52	67	-0.043635295324143814
29	46	-0.04379657617475314
5	15	-0.043831838195710085
1	41	-0.043868567189672
37	54	-0.043893639646360644
26	51	-0.04401208965858787
19	57	-0.044067666634188846
12	31	-0.044084661205930895
10	27	-0.04428715105048767
29	51	-0.0443235869231741
30	40	-0.044325708225813325
4	57	-0.04434101604314858
5	14	-0.04436025549220282
1	45	-0.044376453971052464
6	59	-0.04441239518176956
21	29	-0.04456370200802437
36	44	-0.044578483591963126
4	14	-0.04459317034571448
31	44	-0.04459937585165124
5	11	-0.04464746323359094
26	59	-0.04466000569892661
26	60	-0.04467445801360716
10	67	-0.044721397607496244
13	46	-0.044722109212045
7	28	-0.04476072894288978
21	55	-0.044815292561995686
48	57	-0.044917839446100755
5	68	-0.04495239773106017
4	17	-0.04500108377889222
44	67	-0.04500156478501509
58	68	-0.045231479519216834
19	56	-0.04529552452516758
2	46	-0.04532012255268235
16	59	-0.04534007734053918
29	69	-0.04534195060436173
11	64	-0.04539200284342182
37	44	-0.04541744507805041
53	69	-0.045433702911171533
11	69	-0.04551330011534217
15	51	-0.04558688185441585
13	34	-0.045687421255513276
4	41	-0.04576063760877151
1	14	-0.045771668676357735
2	24	-0.04580743988936112
3	46	-0.04590028062536703
14	60	-0.045903555363110374
5	56	-0.04592200330045582
35	44	-0.04594354341698152
22	27	-0.04594492255308954
8	55	-0.046037061828838016
3	52	-0.0460987171861101
15	38	-0.046108123149853186
50	58	-0.04619485464628961
14	51	-0.046446087032188
31	56	-0.04656277321250254
7	59	-0.04662815173077448
28	64	-0.04670475412471909
4	45	-0.04674668953698393
6	44	-0.04679849690847854
17	42	-0.0467993948096957
14	49	-0.046801232598963786
24	45	-0.04686718262834913
14	66	-0.046919799249709945
52	57	-0.04693906910463762
40	66	-0.04697027341378149
16	30	-0.04706206703951752
53	66	-0.0471880637380038
54	62	-0.04722917444811439
12	51	-0.04743986625555164
59	64	-0.04757496394189969
12	69	-0.04757587223357976
6	27	-0.047606053142094706
20	27	-0.04763204651055068
44	51	-0.047640795073517386
42	65	-0.04771743432339236
15	60	-0.04772517951662615
26	62	-0.04796670722816818
27	51	-0.047981496525226146
16	61	-0.04801511107526938
25	59	-0.0482622950352528
49	58	-0.04834355128186691
31	58	-0.048443946662845364
11	20	-0.04859628019338151
23	40	-0.04866367077189428
15	58	-0.04872430783471338
1	27	-0.04873254030197807
44	61	-0.04877887412553711
9	57	-0.04881253026163691
10	53	-0.04884002560956227
28	57	-0.04895444199578021
59	65	-0.049010575422568266
8	56	-0.04905515646977733
17	68	-0.04916436467684622
30	67	-0.049230208729978825
14	67	-0.049507941085980375
28	69	-0.04956749738926018
12	17	-0.04968577979137974
13	22	-0.04970444782403019
8	57	-0.04978243821639507
12	38	-0.0498296908425397
26	52	-0.049860225161592595
7	27	-0.0498908085622271
24	53	-0.049923775956015215
31	57	-0.05013393306754768
13	61	-0.05017225935423869
2	16	-0.05025326993446177
11	66	-0.050288127460172666
15	63	-0.05035922124006324
7	44	-0.050378836764783365
13	21	-0.05038139357110003
43	69	-0.05053746862127369
42	50	-0.05054389544462247
52	68	-0.05080571830112114
46	57	-0.05095466196874648
42	69	-0.05129417606597768
43	52	-0.051340604106973387
11	39	-0.05138903644234836
31	42	-0.05141512740702996
2	58	-0.05142998772283289
30	44	-0.0516983091572035
41	68	-0.05189285695511752
16	53	-0.05192002063835502
25	68	-0.05196471002755811
10	42	-0.052089346269520526
3	16	-0.052091962720665755
16	57	-0.05223624449583789
25	65	-0.0522417459991448
29	54	-0.05225888621241201
24	58	-0.052552399528722704
56	69	-0.05270408330009506
9	26	-0.052857597424386255
11	67	-0.05287656407124439
40	52	-0.05292160980795148
17	56	-0.05292729849351422
55	60	-0.052967379432248385
3	59	-0.05308460507860988
4	15	-0.05320825442198432
29	58	-0.05348905093917007
10	40	-0.053638965540154133
4	53	-0.05371048890834683
10	54	-0.05381315942202612
4	26	-0.05398108915809985
57	65	-0.053981473240536884
19	42	-0.054080596952834056
23	28	-0.05419356058234473
16	39	-0.054210499206974835
12	46	-0.05434810100046331
31	55	-0.05441831130102287
3	9	-0.0544243841007032
24	29	-0.05450189508190902
11	23	-0.054661520512817904
14	58	-0.05466274448926786
29	39	-0.05468911958368559
24	40	-0.0551511584222175
13	68	-0.05533827827297619
9	54	-0.055438635421453594
29	57	-0.055606701135222814
16	45	-0.05574766769008532
55	63	-0.05578883433134778
1	42	-0.0558640900058998
24	41	-0.05596829995886814
5	26	-0.05598026193459009
25	38	-0.05612584672464071
41	52	-0.056138355051157995
43	65	-0.056302263269507144
38	56	-0.05630467761746748
12	59	-0.056344781787280564
25	67	-0.05641834231503467
31	43	-0.05648411397996847
41	63	-0.05657106039585272
58	66	-0.056643890553613865
30	56	-0.05665836352543149
14	68	-0.05675364394299984
40	46	-0.056770999315318
25	66	-0.056853053817543915
23	57	-0.056899115466369415
25	45	-0.05732519635831398
44	63	-0.05736198492523939
56	61	-0.057557358517804316
15	28	-0.05756468269017718
1	44	-0.057616749591740526
57	68	-0.05772986430171716
41	46	-0.05797636892666624
14	62	-0.05808634228974231
2	40	-0.058096054929413186
23	54	-0.05811760848934744
10	24	-0.05813062648832211
30	55	-0.05814249111530714
27	52	-0.058147660735061515
26	67	-0.05815108909186753
46	56	-0.05818346602098326
2	28	-0.05824899041046415
49	57	-0.05855470506811505
11	54	-0.05857632473230897
42	52	-0.05865008906669249
11	68	-0.05871372049732265
29	65	-0.05874082583858643
53	67	-0.05880859603408009
15	29	-0.059054762439799034
5	58	-0.059078455912139595
13	59	-0.05917912964346071
11	58	-0.05926315984636777
15	67	-0.05933618067917568
12	53	-0.05938271823703605
10	58	-0.05940148975157199
3	17	-0.059424654542324165
44	62	-0.0595112485282188
26	39	-0.05954002199775564
15	52	-0.059796359153782945
39	45	-0.059815427518070625
13	60	-0.05992709559823292
26	68	-0.05994180382875497
26	38	-0.05994454546802544
4	56	-0.059997456838975984
5	43	-0.060075240555824985
5	59	-0.060342135779203554
16	28	-0.06041856196049926
27	60	-0.06052547952180355
42	60	-0.06064317453924048
1	13	-0.0607421902579755
27	38	-0.060796363775449544
39	53	-0.06104804210291606
16	56	-0.061134264891044475
27	59	-0.06130960896761777
26	66	-0.06131306293970179
15	66	-0.0613523366798186
3	25	-0.06152799976635546
55	69	-0.06156874450804402
17	43	-0.06186216144412226
13	38	-0.061990242394371176
14	38	-0.062109405968547665
1	55	-0.062139584293949335
41	61	-0.06230640155866345
5	42	-0.06239744327780042
26	65	-0.06249746172344807
1	56	-0.06253096796127543
27	46	-0.0625967983607797
16	68	-0.06267829044472346
12	40	-0.06288850926033686
56	65	-0.06296471444283785
44	65	-0.06308711357225047
58	67	-0.06330831374935364
41	65	-0.06350228403290181
2	29	-0.06351048987072053
26	46	-0.06360706839114375
16	40	-0.06366165630661927
41	67	-0.06373134850917746
42	63	-0.06404142538741234
15	61	-0.06426182378369824
43	59	-0.06466763552593771
8	54	-0.06483091125014591
54	65	-0.0648323965962179
13	62	-0.06484015749320413
43	61	-0.06490995164813629
5	55	-0.06531112735070213
38	43	-0.06539748232190351
13	52	-0.06547817407198894
25	30	-0.06563381762051657
16	27	-0.06567316955745586
25	39	-0.06590216209119332
25	53	-0.06597289557163037
2	41	-0.06635271847252697
14	59	-0.06639772670797135
28	39	-0.06642324632838581
44	66	-0.06649866101768942
44	68	-0.06650474908364443
55	61	-0.06654776316239339
28	46	-0.06666278305444313
15	62	-0.06679216711506747
3	41	-0.0668322579651276
2	27	-0.06702023465333737
16	41	-0.06711049944014488
9	56	-0.06711614212762061
23	56	-0.06725958572594967
3	15	-0.06729207175497426
39	56	-0.06733384995358627
4	55	-0.06762960424469519
1	43	-0.06766188621881575
12	39	-0.06773398505144708
9	25	-0.06800249057665697
26	40	-0.0680629736654731
38	55	-0.0680677989691243
56	62	-0.06827760232966408
23	55	-0.06832756709167809
54	69	-0.06837457851031832
26	58	-0.06853717706163391
5	28	-0.0685849707115892
29	66	-0.06862480999027794
41	66	-0.06882662644649824
43	63	-0.06899886836688904
43	66	-0.06916403504245354
16	29	-0.06920037606697303
5	13	-0.0692097653673656
4	43	-0.06943153093870372
17	55	-0.06945508064781754
4	59	-0.06957359059717697
4	28	-0.06975954700494308
43	62	-0.06979243589406209
12	52	-0.06992051938352117
5	44	-0.0702961329750603
38	54	-0.07035046440248906
55	62	-0.07089977418336836
2	53	-0.07111712320072211
55	65	-0.07139093291734866
41	62	-0.07162604502035444
13	24	-0.07179706988146556
42	53	-0.07186676639751195
38	44	-0.07190481790442935
30	41	-0.0720319635146699
13	45	-0.07228300326175445
57	66	-0.07243406734678624
3	26	-0.07250132029473091
15	68	-0.0725685647501811
4	29	-0.0726202239610812
11	44	-0.07264874542313884
11	40	-0.07266221900810982
4	13	-0.07289463793277559
3	45	-0.0731658548847891
29	45	-0.07330589074163518
42	59	-0.07334963832680497
45	57	-0.07399367692304751
3	53	-0.07406032299270433
14	52	-0.0742730857080951
42	62	-0.07439995784407849
5	54	-0.07459327556263093
15	46	-0.0748750106270217
27	58	-0.07490800347809487
30	43	-0.0749403111730364
13	53	-0.07494321556333014
4	42	-0.07505452841712927
26	41	-0.07520769607376396
3	56	-0.07537870953540095
13	58	-0.07550790124222741
12	68	-0.07565384686754903
16	44	-0.07576636309195758
15	39	-0.07612347963143623
3	27	-0.07648838958093158
12	25	-0.07672848824758807
53	68	-0.07680864353561123
42	61	-0.07693108843166244
2	55	-0.07739007413073382
4	58	-0.07745312997742877
2	45	-0.07760756713540608
3	55	-0.07762915741764308
24	57	-0.07792615049078773
42	66	-0.07811776417807673
13	65	-0.07811878471628428
10	44	-0.07832739480251621
12	24	-0.07867037857303225
30	42	-0.07881519657979737
10	25	-0.0799592623908884
40	45	-0.0806467871240386
10	57	-0.08084748352560801
12	58	-0.08116404794232995
43	58	-0.08164848093709166
2	56	-0.08172312121784045
55	66	-0.08180287811250318
3	13	-0.08191608341796888
29	68	-0.08217288959019263
2	15	-0.08220888590458122
25	58	-0.08299807673636486
12	45	-0.08328577025128668
10	26	-0.08356673540224249
29	44	-0.08373982326503483
14	46	-0.0838328609333037
29	40	-0.08403377789007672
24	44	-0.08440558237624166
24	43	-0.08442857332191049
2	54	-0.08465889022106256
39	44	-0.08469816302112848
5	27	-0.08483592124143227
2	57	-0.08513132651469346
27	39	-0.08514608804346137
3	28	-0.0851519174981618
3	29	-0.08535126812658231
3	58	-0.08566614563253497
39	54	-0.08606137409865568
54	66	-0.08659326358875633
15	45	-0.08659363579789173
16	42	-0.08679166133427366
2	13	-0.08685605915195885
57	67	-0.0872018685776388
27	68	-0.08738094174539929
39	55	-0.08741862049051355
14	39	-0.08751237263497307
43	67	-0.08767917594655769
56	68	-0.08769352126359885
28	40	-0.08771117054094092
4	44	-0.0877356305881503
2	14	-0.08784307354843987
3	43	-0.08848379465220206
56	66	-0.08855390359118556
13	39	-0.08893630053402002
10	56	-0.08932035617050742
28	41	-0.08951380199502826
9	55	-0.08977167925327564
41	53	-0.09003019526537503
3	57	-0.09050345834538515
44	57	-0.0906675640825924
26	53	-0.0912814576908607
28	68	-0.09166009710316401
11	24	-0.0917321293883677
40	53	-0.0919384141286464
15	53	-0.09248370492603736
27	53	-0.09267990539410655
13	67	-0.09279040555440078
28	65	-0.09308891957872006
11	25	-0.09327118960012858
24	42	-0.09340104232150631
14	29	-0.09422547447204603
27	40	-0.0943331540696693
3	42	-0.09439928292279502
25	41	-0.09496524175678998
43	68	-0.0957828275772515
25	40	-0.09601901902445897
28	45	-0.09615417415074462
24	54	-0.09621060541165061
24	55	-0.0967143761174391
28	66	-0.09692541355378295
16	43	-0.0969400568464188
13	66	-0.0969591636549183
3	44	-0.09705153863109507
4	54	-0.09733962376169907
3	54	-0.09740583610100063
42	68	-0.09769174078798075
29	42	-0.09780666450005542
2	44	-0.09846299596338731
25	44	-0.0988028792907029
54	67	-0.09890046084558127
29	55	-0.09949552542433594
28	54	-0.09984559676715235
28	42	-0.100147375409709
14	53	-0.10022107607878138
29	67	-0.10036978860383931
15	40	-0.10065195271805209
45	56	-0.10071545820195342
24	56	-0.1009940796660513
2	42	-0.10125649149062277
26	57	-0.1015291523084263
15	57	-0.10279155315733401
2	43	-0.10336232157562146
55	67	-0.10363086988641931
27	65	-0.10403270627537128
11	26	-0.10407918178388936
16	54	-0.10492880656358095
26	45	-0.10527565310983922
13	40	-0.10546953501033794
42	67	-0.10668277516857742
25	54	-0.10710584569518765
11	41	-0.10717416096115667
12	55	-0.10761531572810357
14	45	-0.10786690883656504
14	57	-0.10843334771854227
27	45	-0.10884395500402902
56	67	-0.1092760148723652
14	42	-0.10931684430166821
29	41	-0.1096972921983451
12	41	-0.10988821549631524
12	56	-0.11005765845490799
27	66	-0.11007292549911078
55	68	-0.11103328283175114
29	56	-0.11193995156173318
28	56	-0.11198476693404415
14	41	-0.11199575971181733
10	55	-0.11209959769843399
28	55	-0.1123401939200498
40	54	-0.11252753572141865
11	57	-0.11255835051324846
15	41	-0.1137452098178955
14	40	-0.1142509229975064
25	43	-0.11479194089610642
54	68	-0.11491077656663122
27	41	-0.11697131888499121
14	56	-0.11803149012752819
13	57	-0.1180332695367673
27	42	-0.11834942300098526
25	57	-0.11885233429342014
16	55	-0.11913299142583897
13	55	-0.11977004676819417
12	57	-0.1205181075016227
13	41	-0.12057571729485173
29	43	-0.12165852650015774
13	44	-0.1224662342119001
14	55	-0.12261149730657708
28	67	-0.1226410283350517
13	42	-0.12421801820968333
27	57	-0.12462544949815638
12	54	-0.1252543382800515
40	55	-0.1253321415114912
11	43	-0.12570936336900437
41	54	-0.12764862757649598
25	42	-0.12830646439087612
28	44	-0.12853977639000638
15	43	-0.1302146171507874
15	42	-0.1316093979761826
26	56	-0.13214629849325882
11	56	-0.13220735274324302
25	55	-0.13289313937365144
27	67	-0.13317213930023508
12	42	-0.13398227535884322
11	42	-0.13419913924577948
13	43	-0.13422794832300106
11	55	-0.1356127835223973
12	44	-0.13652766768594263
13	54	-0.13656517638502286
27	54	-0.1376896036027621
15	56	-0.1379765421631023
15	44	-0.1389056404752141
25	56	-0.1393450925612421
26	42	-0.13978824942680332
12	43	-0.1414653811144526
15	54	-0.1427485449870701
14	54	-0.14295341463436398
13	56	-0.1448138754135488
28	43	-0.14543690939359147
26	54	-0.14614473594682328
27	56	-0.1463067833264332
14	43	-0.14665798080051454
15	55	-0.15401905955880574
26	55	-0.15719512980442188
27	55	-0.15907288714092563
14	44	-0.16015667485460744
26	44	-0.16124984676746887
27	44	-0.16242967339289907
26	43	-0.16524959291266011
27	43	-0.16760140760967177
